Families	20
Machines	20
MaxSetupTime	100

Number of Jobs in each Family
8	5	7	3	9	8	3	8	10	4	8	5	5	5	9	7	4	4	1	2	

Jobs in each Family
0	1	2	3	4	5	6	7	
8	9	10	11	12	
13	14	15	16	17	18	19	
20	21	22	
23	24	25	26	27	28	29	30	31	
32	33	34	35	36	37	38	39	
40	41	42	
43	44	45	46	47	48	49	50	
51	52	53	54	55	56	57	58	59	60	
61	62	63	64	
65	66	67	68	69	70	71	72	
73	74	75	76	77	
78	79	80	81	82	
83	84	85	86	87	
88	89	90	91	92	93	94	95	96	
97	98	99	100	101	102	103	
104	105	106	107	
108	109	110	111	
112	
113	114	

Total number of jobs
115

Processing times of jobs
6	5	6	9	3	7	5	8	1	1	5	2	4	5	10	6	9	6	4	6	
2	10	4	5	6	10	10	1	1	3	10	5	2	10	8	9	7	10	1	3	
3	10	2	8	1	8	4	8	1	2	9	9	7	3	1	7	8	4	2	4	
7	1	7	7	9	5	5	1	4	4	7	1	5	5	2	1	3	5	9	1	
8	2	2	7	2	8	9	1	9	6	7	3	5	2	2	9	6	2	8	2	
7	9	9	5	6	8	7	7	3	2	8	8	7	4	1	2	5	1	5	10	
7	2	5	6	1	3	8	6	10	2	10	3	2	6	7	5	7	5	5	8	
6	6	7	9	7	5	10	4	6	1	10	3	4	1	10	8	10	1	6	2	
7	10	5	4	8	10	2	9	3	7	9	9	8	2	5	4	1	10	2	4	
3	10	8	9	8	3	6	5	7	10	7	10	8	3	3	5	5	7	7	4	
10	7	2	7	4	3	8	6	4	5	9	6	10	8	9	5	9	8	8	7	
3	3	2	4	7	4	9	8	9	6	9	7	4	6	2	9	4	8	5	10	
6	1	7	5	4	5	3	4	10	2	2	3	5	1	6	3	2	6	6	10	
7	9	3	2	4	2	4	7	6	7	1	10	1	7	4	4	3	2	1	6	
4	7	4	4	9	9	10	6	4	7	5	10	8	10	3	4	6	10	10	1	
2	1	5	9	7	8	3	5	6	5	8	4	5	2	10	9	5	10	7	8	
8	2	6	6	9	7	6	10	1	10	5	4	7	1	2	9	9	6	1	5	
3	3	5	7	8	4	7	7	7	7	8	5	10	9	3	2	7	3	5	2	
1	3	4	9	3	5	4	7	10	10	3	3	2	2	7	7	10	7	2	4	
8	7	3	2	5	9	3	2	5	10	7	10	3	3	9	5	7	6	8	6	
7	2	6	6	1	5	4	9	5	2	6	5	7	9	6	2	1	1	2	10	
9	1	10	9	5	8	1	4	8	6	10	6	9	6	6	5	3	3	9	7	
6	10	6	9	4	4	2	7	5	7	9	6	8	7	8	4	7	1	7	8	
1	6	8	3	1	3	8	7	4	5	9	9	7	2	9	4	2	8	9	5	
6	1	8	7	1	8	1	6	9	1	9	2	8	9	4	5	9	6	2	3	
2	1	4	3	10	8	7	5	2	4	5	4	9	6	9	5	6	2	4	10	
4	2	1	9	7	9	4	6	5	6	4	6	3	7	6	10	4	7	5	1	
5	3	8	4	10	3	1	2	3	3	1	2	5	10	8	1	7	1	7	3	
7	1	10	7	8	8	10	6	10	1	1	8	4	5	3	5	10	8	1	2	
10	9	8	3	5	9	3	7	10	7	9	6	1	8	6	9	5	4	7	1	
2	2	7	8	8	6	4	6	4	1	5	6	2	4	4	5	7	7	2	7	
2	9	5	8	2	10	9	3	4	1	5	8	8	7	8	10	10	6	10	10	
5	10	4	6	3	7	7	5	7	3	9	2	2	7	1	5	1	7	7	9	
9	8	2	1	2	4	8	6	3	2	6	3	10	4	6	6	1	3	8	2	
5	5	2	3	3	9	3	6	10	7	5	7	6	1	2	1	6	3	9	3	
8	1	4	10	4	1	3	8	8	3	6	6	3	1	1	1	2	5	10	7	
6	1	10	5	10	6	1	1	5	3	1	7	1	2	2	6	6	10	2	5	
5	10	7	8	2	6	9	7	7	3	6	9	3	2	5	10	8	3	6	2	
7	7	5	7	5	3	6	6	4	6	8	5	8	7	9	8	6	8	9	2	
9	1	9	6	3	4	9	6	7	1	4	8	7	10	1	8	1	3	2	6	
3	8	9	7	4	4	3	9	6	10	10	1	5	5	3	6	3	2	9	6	
7	10	2	5	9	7	5	1	9	10	4	8	5	4	10	8	8	4	5	10	
9	10	5	2	1	6	3	4	7	10	2	9	10	2	10	4	4	7	8	10	
6	10	4	2	10	10	2	3	10	9	7	5	1	7	1	2	4	5	5	8	
9	5	1	2	3	3	6	7	3	8	9	9	4	7	3	9	6	2	4	2	
1	5	2	10	7	1	5	8	7	7	1	3	7	10	3	10	7	8	1	3	
8	5	2	3	1	9	1	2	10	9	9	3	7	9	8	8	1	2	7	3	
5	1	2	4	5	10	2	2	1	8	6	8	10	9	1	2	2	10	10	3	
8	6	5	5	7	7	2	10	6	3	1	10	8	10	4	10	4	9	9	8	
8	4	7	6	4	10	4	1	4	7	8	10	1	7	1	3	8	4	6	5	
5	5	5	1	4	2	3	1	3	10	8	10	1	9	4	1	7	7	4	6	
3	5	2	4	9	6	5	6	10	8	7	3	3	2	6	1	6	9	9	5	
1	8	6	2	5	2	2	8	6	3	1	10	8	2	8	2	7	5	7	10	
1	10	2	9	1	9	4	3	8	8	10	6	6	6	5	10	10	1	2	2	
1	4	6	6	2	6	5	10	2	4	10	7	6	8	10	3	1	2	8	9	
1	7	10	3	10	4	2	9	3	1	1	3	7	4	8	7	10	10	6	5	
3	4	9	3	6	9	1	1	1	4	1	3	6	10	3	7	7	2	4	3	
9	1	8	5	7	9	4	8	5	1	4	5	4	3	10	3	1	5	3	7	
10	7	7	5	1	6	5	8	5	1	10	2	5	10	7	7	10	9	1	10	
8	2	10	1	3	10	6	1	8	4	9	1	8	5	6	7	1	8	9	10	
2	4	10	7	5	9	3	9	9	10	5	1	4	7	7	4	2	8	2	10	
5	2	8	10	1	4	2	10	2	5	8	2	2	5	3	10	2	2	10	4	
3	7	9	2	8	7	6	8	3	5	7	2	8	9	3	10	4	2	8	10	
5	10	8	7	1	4	3	2	3	10	4	1	2	2	1	9	7	6	9	5	
7	1	10	2	5	3	4	2	7	7	1	10	7	1	8	5	10	6	10	7	
2	8	4	9	2	7	3	3	8	2	4	9	9	2	8	7	2	8	8	1	
5	4	5	5	8	2	9	4	8	9	4	10	8	1	9	4	1	8	10	10	
1	7	10	4	5	6	2	8	1	7	9	2	5	8	4	1	7	6	4	2	
1	1	2	9	4	6	1	6	3	9	9	4	5	1	4	3	3	9	5	10	
4	4	4	10	4	10	3	9	10	8	3	2	3	2	3	3	7	5	2	5	
7	5	8	1	9	5	6	4	6	9	7	8	6	8	5	10	4	6	2	5	
4	6	2	5	7	4	4	8	9	4	8	6	10	5	10	4	7	4	6	4	
1	9	1	8	4	7	10	5	7	3	9	2	5	3	1	9	4	7	4	4	
9	1	8	7	1	4	10	5	5	2	2	6	9	10	4	2	5	5	5	6	
2	1	2	7	8	8	7	8	4	4	6	9	8	6	4	2	7	8	5	6	
3	9	1	4	2	2	9	10	8	1	1	8	9	2	2	5	6	6	6	6	
2	5	6	8	6	6	5	5	3	5	8	5	10	9	9	8	3	2	2	10	
9	8	7	7	4	7	8	9	1	2	6	9	1	2	7	2	7	2	5	9	
10	8	1	6	8	2	10	5	1	4	3	8	8	6	7	3	8	8	7	1	
6	5	2	8	6	7	8	8	5	6	10	1	2	3	10	1	3	2	9	9	
5	1	4	3	9	8	4	2	9	1	10	5	6	7	7	9	4	2	5	8	
5	6	10	5	10	1	6	9	9	5	9	2	10	3	3	3	4	4	2	3	
3	1	8	5	2	9	4	8	4	3	2	9	1	10	7	6	7	4	2	9	
8	1	9	10	4	8	6	2	9	6	8	2	4	5	9	6	6	3	7	5	
3	9	8	8	4	8	2	8	9	1	7	9	10	7	6	3	9	8	8	10	
6	4	4	9	6	6	3	5	1	5	7	2	3	9	1	4	4	6	4	5	
2	9	2	10	6	4	8	3	3	4	6	1	9	10	3	10	8	5	3	6	
6	3	6	3	4	8	3	9	3	10	4	8	2	7	8	4	8	3	1	6	
9	10	1	7	10	5	7	2	7	6	8	3	3	3	6	2	8	4	8	10	
9	4	7	3	3	2	10	4	2	3	10	1	7	5	2	8	2	5	7	1	
6	1	2	4	4	8	8	6	10	7	3	6	8	3	3	5	9	10	8	7	
6	9	1	2	6	9	2	7	2	5	8	9	7	4	10	10	7	4	6	2	
4	4	6	9	6	10	8	10	1	6	2	8	6	3	9	1	1	2	4	6	
4	7	8	2	8	1	4	3	5	3	6	7	7	8	2	8	1	1	7	4	
7	8	6	5	5	9	8	9	8	9	1	4	8	9	7	4	4	3	2	7	
4	4	7	1	3	5	7	9	4	2	10	6	8	6	7	6	5	10	9	2	
7	3	9	2	4	3	8	7	10	9	10	6	9	9	1	1	6	6	7	9	
9	7	1	2	5	6	1	2	3	8	10	4	1	2	9	4	8	7	3	4	
9	6	1	4	2	2	6	8	5	7	2	3	6	7	6	6	2	2	3	1	
3	9	6	2	9	5	9	10	10	1	10	10	10	7	5	9	4	4	1	6	
6	1	1	1	8	4	8	9	3	1	7	7	6	9	5	3	10	4	6	1	
10	3	7	4	3	7	3	10	7	7	6	4	8	5	4	8	2	3	7	10	
10	8	6	6	5	9	1	6	4	5	1	9	10	4	1	6	2	4	2	8	
9	3	3	5	8	10	1	4	1	7	9	1	7	4	1	9	5	7	4	6	
7	9	7	5	6	5	1	5	4	1	3	3	4	9	10	3	4	9	6	6	
3	10	8	1	4	8	2	9	9	6	1	2	2	6	9	2	5	4	7	5	
10	5	6	4	5	7	2	4	1	4	4	10	9	5	8	2	4	8	5	4	
9	3	1	2	5	6	9	3	10	2	2	5	5	8	3	8	7	9	4	7	
10	7	1	8	3	9	9	7	10	10	2	9	5	6	4	10	6	9	2	10	
6	3	6	5	6	1	4	8	8	6	2	10	2	3	3	4	6	3	4	10	
5	1	4	1	6	9	1	8	1	1	2	4	10	1	8	10	10	4	8	10	
1	8	8	2	5	3	2	1	5	9	10	9	3	5	6	1	1	1	1	1	
1	1	6	7	2	3	1	9	2	1	9	6	3	6	8	5	10	9	1	4	
8	3	3	8	5	1	6	9	1	2	7	9	4	3	7	7	8	9	10	1	
3	5	9	4	1	10	3	4	6	3	10	9	1	5	10	3	5	8	7	2	

Stepup times between family, where [f][f] represents initial setup time
On machine	1
1	93	100	86	25	42	2	99	73	47	18	33	63	50	100	23	14	76	11	78	
51	83	78	91	54	71	31	24	18	45	94	70	17	43	75	61	28	17	29	53	
96	28	84	27	81	64	48	28	14	56	53	69	5	24	37	30	23	63	42	100	
40	85	26	5	92	47	66	26	32	34	12	2	11	23	74	46	71	1	98	36	
58	86	81	43	3	95	70	57	63	5	2	43	59	56	3	68	27	16	34	37	
25	1	74	82	22	91	57	54	53	40	45	92	10	88	40	53	31	65	41	4	
9	52	38	35	36	22	80	65	42	53	35	21	19	55	76	52	69	25	42	10	
91	43	8	38	43	43	33	81	59	80	9	84	91	15	44	11	70	13	34	72	
10	96	3	95	21	85	23	11	74	23	25	5	61	22	70	79	9	70	14	10	
71	94	59	56	75	31	87	9	54	11	34	33	28	86	27	91	26	57	5	34	
8	41	17	81	39	7	53	67	59	32	7	45	13	12	85	70	41	35	47	86	
36	41	16	86	47	50	61	79	63	7	82	16	43	14	43	50	89	65	91	77	
17	56	9	5	46	36	49	66	79	88	50	17	3	2	46	42	69	68	34	59	
37	11	49	10	32	12	94	13	15	24	80	95	52	28	42	7	74	44	76	8	
89	12	24	20	21	94	98	97	15	50	77	57	55	2	21	57	87	59	65	54	
33	51	80	65	59	27	65	21	18	39	26	60	64	11	38	62	69	69	34	61	
9	45	97	23	2	72	1	18	79	10	37	56	18	77	21	26	34	41	44	27	
57	86	4	69	46	18	24	66	23	67	16	1	91	2	4	59	69	17	98	75	
79	62	17	76	37	9	44	86	96	98	77	49	25	15	6	20	68	71	92	70	
59	39	50	14	86	71	93	39	22	67	47	60	78	99	38	89	19	13	13	33	
On machine	2
82	12	41	27	86	12	40	84	40	69	91	73	62	69	49	24	45	6	47	97	
76	99	30	9	53	37	55	26	6	62	45	15	59	70	92	79	49	95	26	15	
41	75	65	28	69	47	51	37	22	79	88	35	25	61	87	25	69	14	27	59	
37	75	35	12	5	98	97	90	26	9	97	56	50	71	71	12	65	99	20	23	
21	41	30	71	65	3	63	97	37	32	60	44	25	79	50	98	91	85	8	78	
75	38	34	90	20	14	81	41	57	15	7	25	60	49	61	73	48	66	35	78	
62	11	88	88	60	8	18	71	76	51	28	13	22	63	97	80	12	44	48	46	
46	45	94	82	44	92	15	43	51	83	53	52	93	28	55	3	81	39	20	40	
25	55	25	67	16	16	77	23	16	38	77	20	54	96	74	41	38	47	43	55	
16	33	26	60	34	25	26	75	48	88	95	27	91	26	62	42	87	41	55	39	
5	66	9	92	74	67	55	79	92	6	24	40	48	74	72	94	17	85	75	6	
82	73	47	96	67	66	4	78	87	74	57	99	51	67	47	76	94	18	12	8	
97	88	53	1	84	82	29	15	98	55	89	55	32	49	20	3	29	84	43	53	
28	18	45	9	4	27	37	44	8	4	39	97	92	29	65	88	14	85	89	5	
45	88	43	36	83	33	32	61	90	68	83	62	63	16	61	46	96	22	24	38	
72	41	66	12	9	55	32	47	28	57	39	15	42	6	36	66	67	65	63	19	
46	84	93	44	20	88	63	92	67	45	78	54	79	50	86	76	12	79	64	22	
71	61	8	12	67	10	97	83	57	21	2	8	71	79	13	52	74	9	95	46	
67	39	88	31	33	17	99	5	74	16	66	10	18	12	57	29	14	32	29	85	
12	83	94	60	27	47	50	17	87	36	92	22	51	13	24	88	80	60	94	24	
On machine	3
40	28	36	99	94	83	92	61	37	70	15	4	47	27	74	34	46	89	86	9	
30	61	80	82	76	11	90	26	82	63	43	93	75	81	68	4	46	71	85	91	
54	50	44	26	60	64	89	8	5	55	59	13	9	95	45	82	14	87	61	34	
36	1	87	91	39	75	7	76	76	76	21	3	23	85	23	31	50	31	96	8	
26	41	30	8	11	97	4	38	40	95	9	52	67	30	12	6	30	35	89	32	
56	57	75	90	75	62	88	24	91	32	59	35	88	20	73	8	88	23	65	1	
16	86	42	94	79	79	89	59	60	50	57	88	31	6	10	7	85	15	48	9	
79	37	6	55	21	34	82	97	75	37	15	46	43	61	18	21	66	83	9	73	
63	58	64	80	96	63	69	6	37	87	30	9	86	57	24	69	86	74	88	94	
47	72	78	48	15	74	23	98	22	77	94	19	73	75	43	73	97	15	71	20	
81	65	92	52	54	4	91	44	52	60	93	1	34	25	31	93	71	24	90	98	
73	31	95	48	29	90	56	20	6	68	57	41	77	30	73	93	23	70	12	8	
23	3	40	93	3	75	66	43	8	60	65	43	44	71	28	32	8	51	71	60	
25	97	97	99	99	29	74	33	28	46	80	23	7	32	75	90	88	93	70	72	
88	31	69	27	59	26	100	26	17	79	24	6	5	62	69	93	69	23	96	83	
91	7	96	82	100	28	57	70	84	72	45	81	71	20	45	8	84	64	20	40	
33	11	77	55	96	74	38	25	9	89	17	22	42	92	13	14	43	60	48	21	
22	31	26	2	66	24	45	48	23	42	37	66	96	38	9	56	24	71	96	90	
86	64	73	64	34	51	36	80	96	46	4	22	20	94	69	46	95	52	54	85	
69	10	63	91	25	65	40	52	33	48	52	53	54	14	16	21	38	36	61	39	
On machine	4
79	39	37	23	9	61	24	71	68	4	76	69	52	22	83	30	58	9	15	95	
45	66	24	98	29	56	27	3	67	11	79	76	73	45	73	65	68	29	60	100	
93	30	89	57	83	37	15	71	35	98	36	16	17	30	5	50	74	82	46	89	
20	99	86	47	54	42	4	50	3	12	39	22	90	6	45	99	47	90	56	67	
31	63	97	42	91	92	16	72	49	43	68	42	82	34	57	39	44	5	97	46	
81	42	31	41	90	39	57	86	20	100	56	61	77	82	95	78	92	21	79	95	
50	100	70	77	12	49	23	61	34	60	46	46	32	47	84	77	76	57	66	20	
83	50	56	72	45	67	13	21	37	52	30	25	8	51	15	20	100	10	85	50	
25	76	97	43	88	53	77	28	88	3	5	33	26	24	68	99	81	67	43	3	
11	87	97	64	1	69	34	5	44	57	66	32	73	64	79	21	6	66	15	40	
93	81	57	28	14	22	55	25	9	64	2	13	27	45	70	78	61	47	35	59	
46	71	24	33	22	75	42	8	56	30	87	93	8	84	89	41	9	11	91	72	
69	28	52	48	87	18	14	93	72	89	30	82	27	4	30	54	41	78	79	17	
56	30	76	69	36	60	10	69	50	9	92	42	45	45	95	68	45	55	51	2	
90	48	92	71	26	67	85	1	58	30	10	52	76	5	56	22	18	47	98	78	
67	6	46	44	93	46	42	19	74	26	40	6	93	48	82	64	71	88	26	49	
83	22	39	54	35	77	36	8	66	23	78	4	51	64	30	62	36	87	28	98	
29	90	22	80	45	99	78	98	12	53	99	62	91	30	84	93	5	64	12	62	
71	86	71	56	41	2	45	28	98	83	63	78	81	7	15	84	82	49	80	66	
100	40	7	36	88	42	85	47	88	74	77	11	81	71	55	2	86	18	7	79	
On machine	5
23	55	42	5	39	65	87	11	89	31	48	44	9	37	37	88	16	13	20	53	
8	42	13	78	67	45	98	53	35	8	54	4	20	80	97	93	69	34	4	29	
35	47	75	83	21	72	6	65	7	69	87	50	85	42	87	2	53	40	33	6	
61	1	57	48	9	73	9	99	51	81	78	88	98	92	35	65	23	78	62	59	
49	69	55	2	57	43	84	48	99	25	77	29	5	8	53	38	85	19	69	49	
72	1	36	65	25	58	24	68	66	92	8	53	10	89	73	81	23	32	40	66	
15	94	36	61	57	85	51	3	46	39	45	14	41	87	100	82	67	55	66	55	
39	90	74	73	5	51	79	99	54	90	34	21	12	88	27	81	69	7	38	76	
16	51	60	89	26	46	49	10	94	74	66	7	24	98	64	27	33	25	27	16	
86	6	50	35	12	22	69	21	92	100	15	18	18	63	29	78	73	24	21	74	
90	86	25	30	24	9	17	23	46	27	31	39	49	55	60	61	47	60	62	50	
39	12	53	15	59	19	72	8	21	99	77	19	14	43	38	25	74	68	38	30	
49	31	23	52	100	26	45	68	45	91	15	26	33	96	15	8	95	6	86	43	
46	84	79	30	27	92	87	68	90	47	33	5	34	48	6	61	76	79	58	47	
32	99	13	98	14	23	3	93	18	55	30	21	32	74	84	82	28	40	10	87	
93	77	24	70	40	97	1	37	23	86	54	51	31	54	20	43	98	77	16	24	
81	30	82	91	65	8	19	38	26	54	63	68	36	30	97	50	78	11	81	50	
84	41	38	75	5	60	56	16	61	6	74	77	88	91	75	50	76	8	88	80	
54	12	77	17	61	80	72	87	62	39	13	76	83	93	92	89	44	8	52	67	
36	79	6	36	98	94	75	67	36	86	53	17	37	77	99	80	62	91	87	16	
On machine	6
56	63	17	82	13	81	66	16	33	80	28	33	62	26	24	15	88	50	95	31	
83	62	26	63	84	63	93	83	2	84	31	23	4	31	15	52	91	3	13	45	
69	33	38	12	11	85	2	71	15	80	9	90	67	17	94	91	21	88	14	91	
29	19	31	1	27	24	43	48	97	24	49	58	75	17	54	23	10	9	24	38	
56	81	67	99	88	21	85	7	70	40	81	4	60	57	12	46	62	40	1	25	
63	67	52	8	41	71	42	5	26	70	5	49	21	25	44	5	89	4	84	82	
51	58	74	59	29	24	87	32	23	87	66	98	77	21	16	82	81	2	17	3	
4	33	56	48	91	19	65	60	96	96	13	20	56	73	8	22	4	8	99	42	
77	69	43	26	7	10	43	74	80	67	42	75	29	8	91	20	44	57	65	4	
54	32	1	30	22	94	87	39	79	29	37	75	98	3	50	92	47	38	80	97	
68	72	31	44	24	70	62	4	97	81	52	46	6	72	88	7	53	95	8	48	
74	86	70	72	25	20	60	8	84	43	23	53	54	9	56	12	52	48	53	62	
58	39	72	93	70	1	86	89	43	45	71	36	49	77	99	18	21	4	7	13	
81	79	9	85	13	69	64	81	86	41	60	40	3	42	80	49	32	2	31	3	
9	58	28	40	70	81	10	75	72	40	38	74	10	93	24	12	48	20	56	11	
1	64	84	65	45	44	62	27	55	59	65	38	24	16	5	39	21	73	19	97	
75	95	32	61	34	43	19	9	90	72	43	88	35	14	82	97	40	5	70	96	
30	82	45	66	99	37	71	1	17	80	24	90	9	70	4	100	67	37	32	1	
89	43	93	99	76	51	40	14	55	18	69	66	81	17	57	94	56	30	83	59	
51	72	53	70	90	20	55	48	84	64	59	23	43	82	85	9	23	79	31	8	
On machine	7
32	34	20	95	15	65	30	80	17	90	7	35	71	3	94	60	31	28	62	30	
86	9	34	52	40	80	99	35	87	2	89	70	21	42	21	34	84	66	97	90	
26	31	36	51	49	83	27	74	98	64	5	25	47	91	55	4	48	95	99	35	
69	5	39	99	99	14	11	86	86	33	38	33	96	1	35	46	58	36	57	42	
40	70	51	54	79	13	82	98	61	2	24	32	27	56	63	2	66	48	22	10	
63	34	1	91	7	60	51	71	83	2	59	84	72	11	85	34	42	83	59	61	
34	100	74	3	96	70	29	74	35	66	19	16	99	30	62	43	78	52	78	19	
88	73	56	80	31	28	1	89	84	41	58	44	84	50	64	88	81	62	17	46	
60	63	4	98	4	60	32	27	4	90	73	35	91	65	91	68	41	100	7	28	
24	1	47	23	89	62	27	35	52	96	75	21	37	43	17	39	75	47	55	4	
82	65	43	13	83	53	87	28	87	83	4	64	1	92	23	59	90	44	13	6	
66	91	76	35	33	44	98	31	41	36	14	74	89	62	77	5	16	28	3	85	
33	82	66	76	67	63	40	24	34	54	99	11	85	59	74	78	16	63	61	84	
23	25	65	72	4	27	32	13	85	81	58	50	76	37	83	54	27	85	92	35	
13	53	90	73	81	93	95	78	47	83	17	84	53	13	48	58	90	53	69	96	
18	43	47	93	31	9	32	62	71	86	70	34	50	35	62	11	80	5	15	32	
24	67	93	34	5	55	71	16	18	27	76	52	65	49	16	42	4	77	48	53	
1	37	82	27	58	23	90	71	9	62	25	79	33	79	72	95	99	36	12	28	
31	61	23	5	60	1	96	90	100	45	82	40	86	62	70	29	74	49	86	68	
42	90	65	65	91	45	61	50	68	8	74	40	66	40	39	73	6	48	13	48	
On machine	8
38	12	78	63	51	58	58	99	7	71	95	88	90	55	26	66	98	53	3	38	
56	97	67	91	46	36	11	39	82	30	55	100	68	13	45	41	75	52	9	13	
42	76	38	73	64	50	71	10	25	18	49	36	66	74	13	6	4	39	61	49	
68	82	41	1	11	93	77	44	23	23	80	79	47	97	100	23	29	23	74	2	
63	8	55	44	52	38	7	59	12	20	73	56	28	89	43	69	4	37	92	81	
64	34	1	99	1	36	19	28	70	18	64	89	97	98	24	33	18	78	77	87	
47	55	31	32	29	21	86	43	15	26	24	42	26	95	59	62	53	78	70	95	
24	43	6	13	10	52	82	24	26	100	78	32	55	41	49	20	31	10	76	78	
3	70	78	58	67	28	87	96	5	56	26	44	16	72	10	86	55	11	23	99	
92	48	97	67	81	90	67	56	60	46	12	35	11	24	90	92	6	6	51	82	
19	88	61	2	9	21	29	32	13	98	79	27	23	62	46	65	65	18	14	63	
7	2	93	71	15	71	45	66	59	79	20	52	19	26	77	43	89	3	24	84	
73	92	77	56	61	20	15	37	25	62	65	35	60	30	9	1	4	15	2	88	
70	29	46	72	13	59	26	36	87	92	38	75	33	5	42	3	91	55	7	33	
65	57	50	29	48	3	69	98	47	17	61	84	92	30	79	92	25	59	39	36	
90	76	31	46	96	35	30	50	98	84	81	8	25	76	56	95	92	38	84	44	
41	37	20	33	4	60	81	41	24	30	53	74	23	85	67	77	22	93	15	3	
99	17	75	88	91	27	30	68	45	64	80	39	9	38	56	17	8	31	56	80	
47	48	95	88	16	88	3	25	36	55	10	81	75	5	27	25	38	78	99	53	
94	59	63	82	56	87	11	79	86	64	33	73	22	2	20	73	38	38	89	14	
On machine	9
49	88	57	100	31	96	2	62	66	65	54	88	73	52	67	49	7	16	49	48	
56	60	98	79	27	32	58	45	39	11	61	87	20	41	23	68	48	72	57	81	
70	94	11	39	30	41	5	24	82	4	29	20	96	45	66	73	33	35	15	5	
52	33	63	78	5	59	74	37	43	5	63	20	90	65	94	16	62	13	52	75	
95	95	95	6	70	28	68	77	54	36	61	58	8	60	7	35	46	68	64	28	
47	45	4	67	47	67	40	84	62	5	31	99	75	88	34	77	82	7	88	43	
57	8	38	24	27	31	92	36	80	10	17	96	41	7	6	21	67	35	72	54	
50	99	10	31	90	80	40	87	82	64	70	78	19	92	36	70	89	76	53	36	
88	32	2	53	28	59	4	7	46	23	80	76	8	26	15	63	72	41	30	41	
69	64	62	19	74	69	54	18	80	16	99	3	97	41	48	42	91	38	23	38	
21	84	63	68	37	60	45	18	75	24	58	77	65	23	38	90	55	41	30	10	
88	18	42	39	9	52	83	41	56	62	28	67	71	83	31	53	47	11	43	88	
32	90	38	87	34	37	67	37	2	85	22	95	87	92	74	1	54	55	38	23	
4	2	57	28	58	62	68	36	74	63	90	52	4	70	93	32	93	77	11	79	
14	91	16	92	9	60	17	7	48	99	17	56	33	98	48	81	36	75	34	12	
78	91	9	28	23	89	59	34	41	50	69	92	26	52	38	99	46	91	95	79	
36	94	77	25	28	25	59	37	90	25	77	78	36	6	36	28	6	53	34	69	
70	82	70	99	83	24	16	18	64	87	27	69	62	99	67	100	84	32	77	96	
47	72	37	84	35	28	51	22	66	2	63	69	19	8	50	93	58	73	8	96	
56	35	59	32	68	31	4	55	42	52	4	57	56	64	54	8	26	49	54	91	
On machine	10
10	94	56	48	88	25	24	76	96	24	94	79	50	57	18	18	43	25	54	73	
59	16	27	94	74	98	62	77	99	97	50	90	74	16	9	9	43	16	49	69	
1	4	29	53	53	74	58	22	33	76	12	55	61	49	31	33	75	86	14	25	
1	68	87	45	40	44	1	3	24	55	22	23	84	73	25	51	57	70	17	56	
43	14	51	55	55	59	54	74	4	69	13	87	99	31	75	45	28	78	45	100	
89	79	51	66	76	28	65	88	59	50	85	30	4	27	58	37	61	68	95	85	
2	43	89	36	86	59	53	15	53	99	89	53	49	80	68	15	98	14	34	79	
94	10	9	75	10	71	34	30	55	57	18	12	86	92	67	90	7	25	13	78	
86	49	99	99	68	84	95	58	67	59	1	74	79	26	58	55	82	69	18	10	
99	53	91	57	60	83	52	63	23	13	95	10	71	49	88	61	59	59	5	97	
7	56	62	90	9	4	97	46	41	17	71	52	21	37	83	81	69	47	7	82	
89	97	32	4	64	3	13	82	56	15	46	82	66	76	73	41	76	95	76	12	
16	17	72	57	36	86	24	79	74	11	15	38	78	30	6	82	34	50	60	54	
44	83	75	32	49	51	33	91	55	62	69	22	56	49	21	72	8	60	7	86	
58	58	60	48	49	68	27	56	59	55	72	63	8	84	69	76	71	32	59	76	
67	14	58	21	41	75	86	58	61	19	8	33	72	70	19	66	64	10	74	95	
3	49	98	77	19	16	3	82	78	53	36	69	50	41	89	54	96	58	92	88	
53	68	16	67	85	85	22	11	94	63	97	40	42	86	54	47	79	15	65	25	
33	62	28	92	55	35	76	16	77	85	83	48	32	90	34	29	4	71	11	70	
83	54	52	30	37	38	14	75	20	38	26	91	21	58	19	94	76	29	5	63	
On machine	11
87	45	49	26	10	46	26	19	55	94	10	13	94	58	47	58	82	86	4	72	
81	11	57	94	60	45	91	75	86	63	99	21	97	33	85	72	67	73	12	66	
50	7	89	4	37	9	71	42	74	13	96	29	76	36	13	38	49	9	90	15	
14	38	29	7	14	9	56	14	67	53	67	41	53	43	1	1	53	41	50	95	
30	2	79	67	67	92	89	26	68	68	29	65	43	78	92	7	11	86	47	88	
6	5	10	5	16	36	79	74	97	32	90	1	46	8	57	55	6	71	17	19	
53	9	35	41	31	33	28	51	9	74	85	14	14	97	68	89	72	7	69	93	
30	33	78	91	10	38	61	59	51	99	98	64	29	98	94	62	97	71	85	85	
56	96	51	1	63	28	19	10	22	9	22	19	39	65	15	14	95	76	65	96	
91	70	14	78	61	66	51	61	26	16	44	100	78	8	78	66	76	24	27	28	
84	20	27	6	55	57	71	10	42	32	45	6	27	92	29	43	57	23	73	74	
21	17	18	2	74	69	80	89	88	44	20	70	85	68	15	97	86	84	35	37	
6	6	94	97	40	98	21	44	57	34	66	86	95	27	86	95	8	85	89	98	
67	24	11	73	50	50	35	63	89	37	8	34	60	93	83	75	48	79	82	60	
44	68	65	38	5	76	53	6	13	47	10	33	46	31	62	45	18	42	62	99	
9	57	26	90	4	25	22	99	74	56	32	42	99	44	47	57	79	88	29	86	
96	78	68	10	69	88	1	56	34	66	29	57	54	10	17	19	79	72	22	57	
6	1	24	28	64	40	88	54	4	81	40	68	5	22	39	28	27	78	9	35	
7	73	24	96	90	97	93	94	54	24	5	93	63	14	62	25	53	18	55	91	
76	29	29	59	21	18	28	54	12	93	80	70	95	29	72	16	92	35	97	57	
On machine	12
47	47	63	37	29	36	42	50	78	97	80	24	75	1	64	73	32	97	20	75	
55	15	69	96	3	13	2	74	98	65	29	73	7	94	79	46	13	91	45	48	
29	38	2	78	30	24	87	43	35	46	81	20	47	67	40	16	61	73	71	38	
39	46	24	89	96	87	39	58	61	79	2	98	97	54	97	48	52	41	77	48	
90	3	16	39	59	34	81	38	77	33	79	34	23	20	77	61	35	61	18	29	
54	2	78	91	11	19	43	9	88	25	40	28	25	84	38	67	100	91	29	74	
9	92	22	57	63	30	80	29	92	50	45	73	31	78	97	79	5	39	10	1	
20	20	70	49	92	15	35	8	58	23	82	57	29	78	79	62	2	36	100	71	
45	97	10	99	6	69	97	79	8	39	59	78	42	26	9	43	36	3	8	100	
43	38	16	33	27	45	30	79	96	78	87	98	35	63	96	15	86	80	10	46	
16	69	68	55	8	70	54	60	1	19	90	14	29	99	39	61	11	41	92	85	
30	57	42	34	22	57	33	47	34	79	43	90	91	62	74	88	97	66	7	9	
67	86	43	28	44	55	27	65	10	100	69	91	59	25	50	18	13	42	75	51	
29	30	92	29	25	71	68	34	12	62	32	77	64	93	30	96	75	96	99	2	
91	44	58	10	63	40	77	48	2	55	84	79	100	49	87	57	45	70	39	95	
90	48	28	43	20	12	48	65	88	55	36	63	44	24	78	91	70	96	5	31	
5	38	7	19	23	83	23	93	49	2	80	39	36	1	66	14	96	90	11	20	
42	91	7	49	95	54	79	99	63	98	70	51	72	60	18	59	98	5	87	81	
17	58	90	24	60	73	53	54	88	11	59	2	83	85	77	34	36	58	37	21	
86	76	79	9	29	78	88	65	80	80	49	57	92	19	36	45	35	57	4	60	
On machine	13
26	27	75	80	100	80	85	4	18	95	17	14	60	98	26	68	44	40	66	55	
31	73	30	94	78	65	16	92	58	39	21	48	18	93	31	3	64	92	6	15	
39	19	80	25	95	14	1	30	32	20	88	92	57	78	46	72	11	54	96	73	
39	3	57	68	53	32	22	72	98	55	24	47	10	62	31	52	99	77	73	71	
87	2	11	86	58	89	86	37	96	48	37	79	32	61	100	9	91	4	35	70	
42	18	49	84	2	9	22	90	1	2	93	30	89	91	30	49	21	94	11	76	
8	14	30	34	41	62	14	63	18	85	58	10	95	16	78	87	47	51	23	28	
63	66	63	64	92	15	65	16	5	19	48	34	37	33	37	21	43	10	34	92	
35	58	28	15	13	78	32	9	64	38	5	61	67	6	8	18	94	19	8	57	
99	58	52	16	95	53	96	49	11	2	5	48	45	63	62	27	84	88	25	68	
28	87	48	17	25	34	5	91	82	82	12	11	69	72	76	83	72	14	89	28	
51	63	18	99	89	77	45	85	79	94	94	19	33	33	95	88	92	58	64	25	
60	79	79	43	55	32	35	79	14	14	66	19	47	73	73	2	37	7	74	7	
72	33	96	62	5	86	91	94	45	100	63	79	100	64	86	2	82	26	13	10	
87	40	95	30	9	27	97	51	72	97	86	79	15	75	74	69	20	15	86	18	
20	50	73	13	23	99	29	38	75	97	74	58	32	99	42	63	30	8	12	11	
26	63	12	8	33	82	55	50	1	54	39	60	50	23	52	42	9	85	53	91	
75	94	54	73	9	61	10	71	79	86	20	65	25	17	95	41	7	6	33	83	
43	36	62	36	23	61	11	4	40	73	37	14	55	73	49	25	5	48	8	14	
31	48	56	25	6	22	20	16	91	67	44	87	40	73	64	47	25	96	14	29	
On machine	14
53	69	22	49	78	91	36	46	98	72	53	42	60	18	50	26	78	57	56	40	
4	75	49	26	70	81	26	2	54	31	100	64	81	15	90	100	42	84	1	11	
76	98	34	94	69	64	89	69	1	89	82	50	39	88	90	14	3	81	10	24	
25	64	12	44	10	85	72	47	86	16	79	77	64	52	47	21	54	36	89	57	
59	22	34	12	100	78	47	19	86	74	65	49	29	3	57	55	93	43	70	24	
27	53	9	57	100	89	13	2	83	97	3	28	17	8	35	65	81	21	37	79	
48	13	22	15	68	46	51	100	53	10	6	93	26	79	32	17	88	99	82	61	
59	16	12	99	55	94	24	78	65	40	34	29	95	94	42	75	69	88	86	45	
36	55	51	57	99	72	56	43	82	4	84	25	72	6	55	21	21	48	18	33	
100	57	28	62	77	94	99	84	89	86	15	8	100	51	43	39	38	34	3	8	
96	86	6	69	51	69	54	60	90	63	70	25	69	56	28	23	3	66	12	87	
98	44	4	61	71	95	6	48	58	28	98	70	19	33	6	51	31	85	81	2	
91	39	9	1	89	25	27	31	94	95	12	96	88	36	12	64	57	65	2	1	
7	97	67	82	97	19	50	65	46	74	37	43	23	35	31	43	56	24	18	16	
70	99	48	55	35	18	95	42	44	80	27	28	95	52	49	91	48	87	88	54	
63	68	16	3	2	53	42	18	65	70	53	99	6	3	26	18	50	66	40	88	
85	81	69	17	86	82	51	86	64	18	4	56	78	37	86	40	22	62	58	63	
37	46	13	16	2	79	3	18	49	14	48	49	73	22	1	55	39	98	64	35	
60	30	3	4	43	79	10	70	2	88	24	21	70	26	33	55	33	45	33	30	
64	87	29	33	1	49	92	73	57	55	11	21	93	83	39	91	15	53	67	75	
On machine	15
59	81	37	63	98	98	94	72	54	31	64	58	67	38	4	51	1	77	6	3	
57	98	52	2	47	88	6	47	75	44	98	15	63	25	81	94	29	78	95	39	
13	21	2	68	53	33	86	67	10	78	7	93	56	82	94	82	90	83	63	84	
49	30	1	54	3	7	46	77	86	44	29	95	8	4	65	76	11	32	63	78	
84	13	50	61	46	11	60	74	46	35	26	40	70	39	26	14	48	74	31	3	
18	97	16	13	2	42	88	43	94	98	80	20	63	32	78	75	51	77	9	1	
38	49	100	56	51	40	100	78	77	29	8	46	77	7	98	59	1	36	58	15	
68	26	75	84	22	70	50	13	100	59	64	24	38	72	3	20	51	39	71	31	
91	60	41	61	92	30	72	57	62	14	57	13	19	90	29	81	21	5	49	23	
84	37	52	70	28	65	31	64	76	10	32	7	19	29	88	78	53	8	32	25	
89	25	67	23	13	17	91	81	100	3	39	18	6	75	23	6	27	21	93	34	
8	57	100	40	19	34	54	51	93	98	11	62	7	86	56	57	45	37	5	31	
36	61	62	63	15	13	1	22	57	84	51	71	55	23	1	85	55	28	91	71	
33	11	31	86	73	45	8	59	97	53	87	3	88	75	52	5	56	73	17	5	
100	97	17	78	72	2	97	39	75	1	89	21	52	21	47	87	68	69	65	55	
58	38	44	66	7	87	54	48	76	92	64	64	23	60	88	22	35	91	77	46	
12	20	70	10	7	3	34	25	95	86	56	26	27	6	30	74	66	66	65	28	
18	99	30	38	87	92	84	38	10	42	6	100	79	78	39	89	41	44	47	85	
61	20	18	5	79	55	23	10	32	40	51	47	94	1	84	62	11	71	30	85	
63	57	86	50	75	1	77	90	86	7	75	54	99	5	96	1	96	61	92	8	
On machine	16
74	1	40	70	16	32	62	72	6	84	71	79	23	7	86	7	93	15	75	93	
55	58	15	89	15	77	26	5	61	33	68	13	52	85	19	57	99	48	35	47	
96	77	93	2	32	60	50	73	6	68	14	83	46	13	22	6	74	13	95	97	
60	47	49	15	51	62	92	2	12	72	59	72	41	56	93	49	3	97	33	77	
21	61	16	22	13	100	28	38	79	52	53	32	72	57	64	32	93	86	23	52	
42	37	86	34	17	66	63	67	96	13	69	4	17	63	73	6	42	26	40	49	
90	19	29	1	62	91	18	63	33	56	58	18	20	4	11	62	35	30	89	53	
71	34	30	80	80	14	63	66	76	7	4	79	54	31	10	18	60	31	7	24	
50	6	81	38	2	98	90	53	90	58	32	59	14	25	69	81	90	35	85	95	
47	13	4	8	83	76	28	93	11	21	88	72	36	14	90	83	88	97	47	73	
74	97	62	51	41	26	50	40	77	95	14	98	97	98	6	93	17	7	11	3	
67	36	16	4	20	26	100	57	79	54	67	14	75	69	5	73	10	31	1	64	
29	97	11	43	58	8	42	45	62	75	14	61	31	19	40	44	28	60	74	9	
51	80	44	91	40	34	8	28	4	84	56	25	44	60	67	49	22	41	61	22	
77	8	47	40	30	15	75	61	38	71	62	65	28	9	24	52	87	75	47	48	
66	40	6	22	25	53	37	74	60	99	5	44	72	38	41	100	78	86	35	75	
37	54	41	84	72	66	65	85	85	61	22	80	97	55	92	41	47	81	48	51	
3	52	71	92	19	73	25	50	16	50	19	36	75	21	33	14	98	22	17	77	
10	11	35	56	86	33	21	77	37	98	63	55	54	56	19	8	4	88	10	11	
47	75	54	27	82	72	34	57	83	94	67	5	99	55	36	53	37	12	6	64	
On machine	17
1	21	42	15	25	41	24	57	90	39	23	76	27	82	44	77	2	63	92	50	
2	32	17	7	25	57	39	35	12	68	60	100	34	43	45	64	29	100	78	100	
54	25	49	64	43	31	81	10	93	88	73	12	60	57	38	58	93	68	10	39	
37	2	11	22	58	82	65	1	18	73	21	35	38	81	2	68	8	21	86	33	
7	1	85	90	92	48	14	92	78	78	33	98	85	76	63	93	21	38	75	92	
98	10	68	39	70	51	83	17	13	21	34	45	83	27	39	56	88	42	95	100	
29	29	87	76	69	82	39	74	5	59	46	60	41	89	92	29	80	85	74	83	
84	24	73	86	25	45	94	55	46	66	56	26	43	56	93	52	10	33	66	9	
34	16	19	7	10	20	40	3	2	61	13	37	78	20	16	3	25	17	19	28	
45	43	62	88	67	33	33	13	72	83	44	66	78	15	40	51	13	65	78	38	
84	34	94	47	73	70	3	6	86	24	9	34	36	1	96	69	19	81	56	22	
43	15	8	18	9	17	84	38	72	74	52	71	95	71	23	13	31	68	16	24	
58	53	6	52	57	77	91	67	6	87	66	92	18	47	77	63	86	39	98	95	
53	53	54	99	70	97	42	17	100	60	98	59	20	33	88	31	69	69	92	90	
73	84	17	68	10	97	15	11	20	94	44	78	90	100	12	41	76	55	27	93	
99	39	8	87	58	69	5	44	9	65	18	85	40	69	65	13	57	7	67	48	
72	38	98	27	34	90	73	59	3	37	68	37	31	51	72	11	75	48	11	94	
83	31	70	91	35	41	94	33	46	97	26	96	50	81	95	82	25	90	11	63	
85	67	60	51	5	88	99	49	31	98	52	79	14	34	88	56	78	78	10	15	
61	70	22	67	99	7	20	52	19	80	19	90	6	42	4	66	26	25	4	6	
On machine	18
53	41	61	10	21	6	7	88	12	34	50	95	76	58	86	48	48	28	64	83	
37	37	40	41	92	62	50	5	93	72	97	70	68	85	93	88	88	93	5	73	
76	94	95	99	13	24	55	7	80	68	94	28	75	7	85	96	9	100	85	49	
76	48	72	32	37	70	38	71	98	61	84	63	73	85	87	70	46	68	50	72	
74	85	35	73	25	37	74	99	100	57	66	99	93	22	16	56	78	27	61	13	
16	36	54	42	61	59	29	31	20	42	100	39	27	19	38	98	75	53	98	73	
89	96	88	15	25	23	85	42	95	23	36	11	33	100	31	15	31	92	39	89	
46	49	51	92	65	55	86	77	12	93	72	64	24	62	4	50	97	64	79	55	
50	10	42	81	35	43	53	86	81	2	15	100	40	71	12	44	35	88	23	46	
26	51	55	37	70	12	4	10	83	32	98	21	90	51	37	93	62	49	39	18	
50	82	19	60	15	40	58	11	46	86	95	43	28	15	13	55	92	34	53	52	
99	95	84	57	89	68	31	39	86	94	68	29	65	87	47	94	33	50	30	36	
49	98	30	8	19	32	15	45	33	57	35	98	95	41	26	64	75	12	34	52	
17	97	22	32	66	47	16	60	58	55	18	8	50	24	55	100	43	63	22	17	
24	26	42	21	80	90	17	62	33	79	17	43	91	10	59	72	44	45	77	22	
47	60	85	65	78	4	89	47	74	26	34	21	78	81	39	20	76	94	47	29	
77	84	6	89	73	17	90	6	6	56	21	82	92	35	57	63	31	2	19	15	
23	18	65	71	93	27	35	18	37	53	71	62	95	76	91	57	9	69	81	98	
48	50	24	32	23	78	38	13	89	19	63	90	67	93	80	55	54	37	18	19	
80	3	41	68	85	16	77	54	91	5	50	67	21	71	44	32	22	35	75	56	
On machine	19
21	43	68	7	94	41	23	76	59	58	89	32	19	32	15	55	5	85	88	42	
68	45	5	26	61	64	6	57	54	70	77	22	11	44	69	60	42	15	54	52	
54	48	11	28	27	11	62	7	48	22	25	32	4	20	6	4	3	60	19	29	
29	4	50	45	62	61	41	15	89	44	83	91	50	69	39	37	99	18	67	62	
57	81	85	27	72	60	71	14	68	21	81	77	26	59	34	38	76	47	61	9	
62	47	78	100	77	59	54	70	22	85	51	9	66	43	11	39	99	87	82	20	
12	57	17	78	58	65	25	14	27	10	84	6	84	8	48	7	56	55	69	58	
9	89	22	88	83	28	72	25	97	68	24	30	94	72	56	40	89	88	11	8	
88	31	93	8	56	58	76	7	50	59	84	6	72	82	47	64	67	27	11	33	
73	4	90	23	27	14	78	98	31	82	57	44	47	59	90	63	24	46	64	19	
5	3	25	12	90	94	54	84	35	36	76	21	18	56	82	68	18	73	77	19	
29	88	81	89	49	11	35	89	85	45	14	38	2	41	31	42	93	71	25	48	
51	86	56	10	80	9	3	66	90	94	12	29	8	10	61	69	87	51	74	34	
36	77	95	38	53	95	41	84	85	12	26	85	5	94	76	39	88	28	44	32	
61	100	14	82	16	90	88	91	67	39	54	16	48	19	93	49	26	60	46	56	
40	65	65	30	15	58	26	93	72	11	9	86	99	21	39	97	3	96	11	36	
54	17	68	8	100	66	74	9	86	31	2	62	59	1	76	29	36	8	65	11	
2	81	7	74	20	99	69	100	46	66	25	89	89	9	51	85	97	70	46	12	
86	82	45	61	55	75	88	9	79	99	44	73	39	67	72	17	65	41	4	49	
26	60	71	14	57	15	65	85	2	37	39	50	49	83	29	50	82	59	91	18	
On machine	20
87	99	36	61	28	38	67	11	71	59	31	56	92	10	64	1	19	25	10	7	
19	81	76	33	43	23	44	58	55	82	59	79	98	22	47	2	96	18	38	41	
90	13	48	98	62	46	28	82	9	33	67	6	40	86	92	37	36	88	94	66	
86	22	2	55	65	75	74	94	26	7	11	44	7	41	50	29	95	41	46	47	
6	37	36	77	35	87	13	85	38	49	4	74	72	68	40	85	25	94	47	76	
86	52	62	2	88	71	91	35	95	28	49	46	10	61	19	25	61	80	97	29	
90	95	30	87	80	55	91	58	21	61	79	41	60	93	97	64	74	58	18	10	
89	41	44	36	98	51	80	95	62	25	51	43	4	68	19	4	79	63	42	86	
97	19	43	39	61	88	4	34	63	45	97	86	81	57	58	63	12	4	29	80	
1	41	94	87	28	83	100	92	46	84	50	59	47	53	43	70	26	67	85	94	
50	80	9	41	51	77	17	83	49	4	56	99	43	57	11	83	26	49	49	61	
29	48	35	67	83	80	25	55	99	60	71	45	37	47	28	62	27	89	100	28	
61	19	39	62	57	46	52	43	45	83	73	85	98	4	43	15	65	55	65	80	
62	57	13	83	87	44	100	26	40	13	1	35	38	28	100	65	3	13	22	83	
83	18	49	46	41	77	53	87	100	68	32	19	100	24	64	16	37	45	23	25	
89	50	91	57	97	46	43	10	23	67	41	10	58	16	31	73	51	93	60	39	
94	27	63	83	100	62	3	78	86	17	61	14	93	94	11	25	45	76	96	7	
60	62	29	94	84	7	53	80	59	29	81	27	42	31	35	90	21	100	27	94	
19	46	94	52	19	51	80	40	96	69	56	37	50	56	54	18	22	21	38	68	
72	31	78	65	90	58	94	23	8	15	77	3	98	4	56	24	13	68	30	2	
