Families	20
Machines	50
MaxSetupTime	100

Number of Jobs in each Family
5	3	4	7	5	10	2	7	9	5	2	3	6	4	9	8	7	2	9	5	

Jobs in each Family
0	1	2	3	4	
5	6	7	
8	9	10	11	
12	13	14	15	16	17	18	
19	20	21	22	23	
24	25	26	27	28	29	30	31	32	33	
34	35	
36	37	38	39	40	41	42	
43	44	45	46	47	48	49	50	51	
52	53	54	55	56	
57	58	
59	60	61	
62	63	64	65	66	67	
68	69	70	71	
72	73	74	75	76	77	78	79	80	
81	82	83	84	85	86	87	88	
89	90	91	92	93	94	95	
96	97	
98	99	100	101	102	103	104	105	106	
107	108	109	110	111	

Total number of jobs
112

Processing times of jobs
1	6	8	10	10	6	6	6	4	4	1	2	3	2	2	10	5	3	1	10	8	10	2	3	9	5	9	9	6	2	1	10	2	7	2	7	10	7	8	1	8	3	3	7	2	8	9	10	3	6	
4	10	8	6	6	1	5	5	9	1	6	6	2	8	10	7	5	4	1	10	3	3	9	3	7	8	3	2	7	7	8	4	1	2	8	9	7	4	9	3	3	4	8	6	2	8	7	8	4	10	
8	2	10	8	1	3	5	8	6	4	5	6	7	10	1	8	3	2	4	7	6	7	5	1	8	1	7	8	4	10	6	6	7	6	8	8	4	9	3	4	10	2	5	9	9	4	4	3	6	3	
7	10	8	7	8	4	9	8	1	7	2	5	1	2	9	2	7	5	3	8	8	4	1	3	8	4	2	7	8	8	6	8	4	10	10	5	4	3	9	4	6	8	1	9	9	2	6	3	7	1	
3	4	5	7	8	7	10	5	2	4	10	4	6	10	7	3	6	1	7	3	1	1	10	1	5	3	1	3	7	5	3	2	2	8	8	4	3	9	8	1	7	5	7	8	1	9	5	10	5	8	
4	4	10	5	10	10	9	6	3	4	4	10	3	5	2	8	9	7	4	10	1	2	8	1	8	8	2	10	5	5	8	3	5	6	4	9	6	6	8	10	9	10	4	8	5	10	4	5	8	8	
5	8	4	2	9	3	7	5	2	10	1	8	3	8	9	7	3	5	3	8	3	9	9	2	1	6	2	7	2	2	8	1	2	5	1	7	10	4	10	2	5	8	10	5	4	4	7	9	6	6	
4	9	2	7	10	9	4	1	8	9	4	7	10	9	7	3	1	5	10	10	3	9	7	4	2	8	9	9	4	5	8	8	4	3	2	8	2	1	9	3	5	3	8	9	5	10	7	4	10	3	
9	4	7	10	3	5	3	2	5	4	2	10	3	3	4	3	2	1	8	4	1	9	2	6	9	8	7	3	6	10	9	2	8	1	6	7	1	6	7	7	8	1	9	8	1	10	3	7	10	7	
5	10	4	2	8	2	6	3	4	10	6	3	7	2	9	4	1	9	10	3	7	6	7	6	8	5	7	8	4	8	5	1	4	3	7	6	1	7	1	7	6	10	3	8	3	1	8	5	1	1	
10	2	6	3	5	3	1	1	5	9	10	4	2	10	1	3	7	4	9	6	6	2	8	7	6	10	2	5	10	4	8	10	9	3	9	4	7	1	3	2	1	9	6	10	8	6	7	6	4	8	
10	4	1	6	9	3	6	9	2	9	8	2	1	6	8	10	1	4	7	9	5	1	7	4	7	6	2	5	3	9	10	5	9	5	6	5	3	7	9	1	7	2	10	2	5	5	5	1	1	2	
1	6	1	7	3	1	1	7	2	4	8	5	2	8	8	10	9	10	1	9	10	2	7	9	6	4	7	3	10	10	6	1	4	2	8	7	9	8	4	2	10	1	8	3	7	5	8	8	3	1	
8	3	9	8	5	4	8	2	8	2	7	8	10	1	1	3	9	4	2	5	7	9	2	9	2	7	6	8	8	9	3	8	7	9	2	1	1	3	8	4	2	2	4	8	4	7	4	4	9	4	
8	9	7	3	10	1	9	3	6	9	2	8	8	2	5	4	3	3	3	3	8	8	9	10	6	8	5	7	2	1	7	6	7	5	2	10	8	4	10	8	10	3	2	9	6	6	7	8	1	3	
3	5	6	2	8	1	7	1	2	7	4	5	9	2	4	4	9	8	7	1	9	10	10	2	9	4	2	1	7	1	7	10	10	8	5	2	4	7	4	2	7	3	5	5	10	10	5	3	2	2	
8	1	10	8	1	7	2	9	7	8	6	3	9	9	1	8	2	10	7	2	10	10	2	10	1	4	3	3	2	1	8	10	5	6	9	1	9	7	4	6	5	4	5	10	6	9	6	6	10	9	
3	10	8	1	10	1	10	10	10	8	5	5	10	9	6	8	9	10	7	8	10	10	7	2	5	4	6	2	6	10	8	3	1	2	2	5	5	10	8	4	10	10	10	3	4	7	3	10	1	8	
1	2	9	6	3	9	9	6	1	7	2	10	4	9	1	10	7	8	4	8	7	5	3	3	4	4	8	3	4	1	6	3	4	1	1	7	5	10	5	1	6	1	7	10	4	3	2	2	5	6	
2	8	2	9	7	7	1	5	2	7	8	6	9	8	6	8	4	4	9	2	2	7	7	6	5	5	5	6	7	3	6	6	2	2	4	7	7	9	6	3	3	5	1	8	3	7	7	1	5	7	
2	10	9	1	2	9	1	1	2	10	9	8	3	8	6	5	8	1	7	4	10	5	4	10	5	3	5	1	5	10	10	9	6	10	8	1	5	7	1	3	6	9	2	8	6	6	10	6	9	4	
4	2	6	10	6	2	1	9	10	5	9	2	8	6	5	7	4	1	2	6	9	2	1	8	7	1	8	1	5	6	1	2	10	8	3	5	4	6	6	4	8	6	3	3	2	3	4	8	5	7	
9	3	6	1	6	10	6	3	1	10	4	4	7	9	10	5	4	4	6	10	9	5	8	1	9	7	8	3	4	9	8	6	1	9	4	1	2	6	4	1	8	9	10	5	4	9	7	5	2	8	
7	2	8	2	7	7	5	7	10	1	7	2	6	7	6	6	9	4	3	6	10	8	10	6	10	2	2	9	6	5	5	6	5	4	1	5	1	1	3	3	3	9	7	9	5	2	7	7	6	7	
8	6	6	6	1	4	7	9	2	1	8	6	2	8	7	1	6	1	9	6	2	10	3	1	3	5	2	6	3	6	5	6	1	3	6	2	1	2	9	2	8	3	2	6	4	9	8	1	2	8	
5	6	10	2	4	6	3	9	10	10	9	9	10	2	2	5	1	9	5	10	7	5	3	1	8	6	2	4	1	7	8	7	8	9	8	1	8	9	9	10	10	3	2	8	5	4	4	1	5	3	
9	6	1	6	8	1	2	2	8	1	1	1	4	4	9	9	2	3	5	4	2	10	8	3	10	4	2	10	7	4	1	5	8	10	7	4	3	6	9	10	8	3	7	2	4	4	9	9	9	6	
10	10	8	3	9	2	2	3	9	1	10	9	9	7	10	5	6	3	2	4	8	3	5	3	8	9	5	10	3	9	2	8	10	2	2	2	2	1	4	1	2	10	6	7	10	7	1	5	10	7	
4	8	7	3	1	3	5	8	4	3	5	2	6	9	1	9	9	2	4	6	6	6	3	10	5	5	6	8	10	5	1	1	4	1	1	8	5	2	4	6	7	1	7	5	3	8	9	6	6	5	
4	9	8	10	1	5	9	8	6	10	3	3	1	2	6	5	6	1	6	4	2	2	5	5	4	1	5	10	8	3	4	2	1	8	1	7	8	9	9	3	5	6	4	1	6	10	9	3	4	5	
4	10	4	10	2	8	10	9	5	4	4	4	1	9	9	5	9	8	2	6	6	5	8	7	4	1	4	6	10	8	2	4	5	9	7	1	8	2	10	7	7	1	8	9	9	8	1	6	10	5	
1	7	1	3	4	8	2	4	1	3	5	1	7	5	9	8	10	7	7	4	5	9	6	2	9	2	8	3	8	6	10	7	9	10	1	3	3	7	7	8	3	6	4	8	7	3	7	7	3	6	
6	1	4	10	4	7	1	2	6	4	5	3	2	4	4	4	10	1	3	4	8	3	4	3	6	2	8	3	9	3	10	10	8	1	4	8	6	3	6	4	6	3	7	2	10	4	3	7	8	7	
3	9	4	10	4	1	9	4	7	1	7	10	10	5	9	4	1	4	2	6	8	2	10	9	9	1	5	4	3	1	5	9	8	4	3	2	4	9	2	6	8	2	9	1	2	10	2	10	7	4	
4	10	5	5	8	10	5	2	4	7	1	3	10	8	7	2	1	8	10	3	9	5	6	2	5	5	10	5	10	3	3	5	7	8	9	3	4	6	6	3	9	4	4	5	4	10	7	2	9	3	
3	2	9	1	10	3	7	1	9	8	5	3	2	3	8	3	7	6	2	1	4	7	1	1	6	7	10	1	2	1	4	4	3	6	4	5	8	7	3	9	10	10	9	2	4	8	8	8	5	3	
6	5	9	6	3	10	9	2	6	10	1	9	5	10	8	10	10	6	7	1	3	10	7	3	4	10	4	6	7	7	6	3	2	6	10	3	3	7	8	9	4	3	4	7	4	7	9	9	7	7	
2	4	2	3	7	1	7	10	5	3	9	9	5	5	10	7	7	2	6	2	7	4	4	4	4	6	6	2	2	9	1	8	6	6	1	3	6	1	1	1	2	4	7	8	4	2	6	8	2	3	
1	5	3	5	7	5	4	2	6	1	8	8	9	10	9	5	8	4	7	10	7	1	1	6	8	4	9	5	6	9	5	1	6	7	7	9	4	4	4	4	3	9	3	7	6	6	7	5	3	9	
8	6	3	7	6	3	10	8	7	2	9	5	1	2	8	7	7	7	1	6	7	9	7	2	10	6	1	9	7	6	9	9	10	10	1	6	5	6	10	2	9	8	3	2	9	3	6	7	5	8	
2	9	7	1	2	5	2	4	7	3	5	4	6	1	6	6	2	6	4	6	7	5	2	8	4	1	8	7	6	4	6	8	6	1	1	10	9	8	6	10	2	4	3	8	2	7	2	8	3	2	
5	7	9	3	10	7	3	3	4	3	6	6	2	10	6	10	2	4	5	1	1	6	3	10	3	2	5	6	2	6	8	8	9	10	9	9	10	2	6	10	9	4	4	8	9	1	9	4	9	7	
9	3	7	9	9	3	5	2	6	4	1	2	3	4	9	10	6	3	6	10	2	1	6	9	5	7	10	1	9	8	6	6	1	3	8	8	1	9	2	10	3	7	10	5	8	3	9	2	9	4	
8	1	7	4	10	3	10	3	10	8	8	5	7	7	6	1	9	9	2	2	7	10	8	7	3	1	9	2	1	3	2	7	10	8	6	9	2	2	4	3	9	7	7	2	1	7	3	9	7	4	
10	3	4	8	7	3	9	2	5	6	3	9	1	1	2	7	7	2	1	3	1	6	3	8	6	5	5	2	8	3	6	2	7	3	6	2	2	8	10	8	9	7	6	5	7	6	1	2	7	2	
8	8	8	9	8	6	5	3	10	1	8	5	7	8	4	5	4	10	3	6	2	6	5	5	6	6	10	7	2	2	1	4	9	9	10	5	2	5	9	8	7	2	2	10	5	2	7	10	5	1	
2	5	5	9	3	1	8	6	9	9	3	5	8	3	8	8	5	4	9	3	8	3	4	1	4	2	5	4	7	8	1	3	1	8	7	8	9	5	9	3	5	8	2	6	5	8	2	6	7	1	
5	6	6	1	4	3	2	2	10	5	7	4	1	4	3	8	6	7	5	4	8	4	8	2	1	9	3	9	3	1	5	7	8	1	10	7	8	1	6	6	4	7	9	8	6	1	8	4	1	8	
2	10	9	4	5	7	10	1	4	1	8	10	2	9	9	10	3	7	7	3	10	8	4	10	4	2	1	5	7	1	3	9	2	5	8	8	10	1	2	3	2	5	9	9	4	10	3	9	4	9	
6	1	7	2	7	6	9	3	8	3	5	9	3	7	2	5	4	3	1	5	6	6	6	9	5	4	10	10	3	2	5	4	3	9	5	4	10	9	4	8	10	9	4	3	6	9	2	10	8	1	
6	3	2	10	6	6	8	7	6	5	3	4	6	8	4	8	7	3	1	8	7	10	9	10	10	3	6	2	4	3	10	4	5	9	4	4	3	8	9	3	4	4	3	9	8	3	8	4	9	1	
7	5	9	10	4	6	1	7	8	6	4	6	4	8	7	5	10	2	6	3	4	1	9	1	8	3	3	4	5	3	9	10	9	6	7	1	8	6	1	6	8	10	2	8	10	2	3	9	10	10	
10	8	6	3	5	4	9	3	5	9	1	9	4	10	3	9	4	2	8	8	6	6	1	7	4	3	3	8	2	4	7	9	5	7	3	9	7	10	1	4	3	3	4	6	1	6	3	10	5	6	
6	2	4	6	6	6	5	10	6	9	8	6	7	2	8	4	5	4	8	2	5	5	9	7	4	5	6	3	5	9	2	8	7	6	4	6	8	6	10	2	8	9	6	5	4	9	7	8	10	3	
6	10	2	9	1	3	9	6	7	9	10	7	3	8	2	10	5	9	6	10	3	5	7	6	10	8	7	1	7	5	9	2	8	3	2	1	8	6	7	6	4	4	6	6	10	9	9	10	7	9	
7	5	9	4	4	9	10	8	2	7	1	10	1	2	7	7	1	9	10	5	8	5	9	7	8	6	9	5	3	5	10	1	2	9	1	10	4	2	3	3	9	6	6	6	5	1	8	4	5	7	
10	10	3	3	8	1	8	5	5	10	9	5	6	9	9	3	5	3	4	1	3	10	4	4	1	5	4	2	9	1	6	2	9	3	9	10	6	10	6	1	7	6	9	4	8	9	1	10	6	4	
6	8	1	10	4	8	4	10	1	5	1	3	5	1	9	6	3	1	10	4	6	3	2	7	4	5	10	9	5	3	7	7	2	4	5	6	1	7	9	2	7	2	3	3	9	1	7	3	8	5	
1	6	3	4	3	7	10	5	3	6	6	4	2	5	4	1	7	5	10	10	2	5	1	5	9	8	9	2	3	9	4	9	2	5	9	10	3	7	5	6	2	10	10	6	8	2	4	9	6	1	
6	6	5	5	10	4	2	1	4	5	10	2	8	10	7	7	6	10	10	7	4	4	4	6	9	5	10	3	9	3	10	3	6	5	7	8	2	1	4	6	1	1	5	10	6	1	2	4	1	3	
2	2	10	2	8	6	5	2	9	9	10	4	4	9	1	10	8	4	4	9	1	1	8	10	6	6	7	3	4	6	9	3	2	8	10	8	4	1	10	6	3	1	8	2	8	8	5	9	2	3	
2	8	2	8	3	8	9	2	4	3	7	3	9	7	5	5	1	6	1	5	6	2	7	1	5	7	10	3	6	6	5	2	7	9	7	6	1	8	4	1	8	1	5	9	4	2	3	10	7	10	
1	1	9	2	8	7	7	9	6	9	6	2	3	4	2	2	9	5	4	9	4	5	6	2	3	9	1	2	3	10	7	8	8	7	2	5	1	8	9	8	8	10	1	2	2	6	2	2	4	7	
2	6	6	8	9	10	4	3	9	1	9	10	2	1	7	10	6	1	2	7	2	2	5	7	4	5	6	2	2	10	9	1	2	2	9	1	10	5	9	3	3	4	1	7	4	5	6	9	1	10	
9	7	9	8	2	10	4	7	6	7	1	8	1	7	5	3	9	7	1	1	3	3	1	1	3	7	9	6	9	1	7	5	2	6	10	10	8	3	4	3	4	4	1	5	8	10	3	4	8	7	
4	2	4	9	3	8	8	3	1	3	5	3	4	10	6	3	6	4	9	9	5	4	2	2	9	4	1	10	5	10	5	9	7	4	7	5	8	5	7	10	4	6	4	5	4	3	7	8	2	1	
10	4	7	8	5	2	10	3	4	1	5	10	10	5	1	2	2	6	7	4	3	4	1	2	5	9	8	9	10	4	2	8	4	1	10	10	10	10	6	5	5	2	4	10	4	9	8	2	8	7	
10	5	9	5	4	1	6	6	3	10	4	2	3	6	3	2	1	5	8	7	7	10	10	6	4	3	8	6	6	4	5	8	6	10	6	3	8	8	7	4	8	5	6	5	6	6	4	7	5	9	
5	8	2	7	10	1	4	1	9	7	7	9	7	6	6	10	9	7	2	2	5	8	9	3	7	6	8	2	5	7	3	2	5	7	6	2	6	1	6	9	10	4	5	2	1	2	7	5	6	1	
10	5	2	2	10	3	7	3	8	7	6	1	7	2	9	5	6	7	6	7	5	4	6	2	6	1	4	1	2	6	7	9	1	3	6	3	1	8	10	7	9	1	3	7	10	9	4	9	1	5	
1	1	6	7	1	7	7	6	6	8	9	1	3	5	10	3	6	1	6	9	4	1	7	10	1	8	6	10	7	8	6	10	7	5	7	5	10	2	10	8	4	5	2	2	5	9	7	6	5	7	
5	3	5	6	4	5	6	9	5	5	8	8	2	2	3	7	9	2	7	10	5	1	8	3	5	2	2	8	7	7	1	7	6	10	5	3	8	1	7	9	7	1	7	2	3	1	9	2	8	4	
3	1	6	4	4	1	10	4	6	8	1	9	7	1	6	8	4	4	6	4	6	2	6	3	9	4	10	2	10	2	2	1	4	2	7	9	5	7	8	6	3	8	4	1	9	9	6	6	2	5	
7	6	4	8	6	6	10	5	7	8	5	1	10	5	9	7	4	9	9	10	2	5	9	4	4	7	2	5	5	1	10	6	6	3	10	2	10	5	7	8	10	4	5	9	9	10	4	1	1	5	
9	1	1	10	2	7	10	2	8	3	10	3	10	2	1	3	10	10	5	10	3	7	6	6	10	3	1	2	6	8	3	4	3	10	5	3	4	5	3	10	1	10	6	8	10	4	5	2	6	3	
4	6	4	2	8	2	6	3	1	2	10	2	5	6	8	6	6	1	1	9	6	2	8	10	3	4	10	3	2	2	4	6	3	9	4	10	4	3	2	5	1	8	2	8	2	8	7	4	1	4	
4	9	4	10	1	10	6	8	4	7	4	3	5	3	7	7	1	2	4	5	6	3	4	2	4	5	7	4	6	5	3	6	7	7	9	5	6	10	10	4	7	4	9	6	6	10	5	2	8	2	
10	8	3	7	5	2	1	2	7	6	2	7	8	10	9	2	1	7	9	5	3	8	9	6	6	4	4	6	5	1	1	9	5	4	9	8	10	10	3	3	10	1	2	7	4	3	5	9	3	6	
5	8	5	9	8	4	3	7	8	1	10	5	8	7	6	5	2	5	2	1	9	10	7	9	6	8	1	10	5	7	5	4	1	2	1	9	8	10	9	2	3	9	3	10	4	4	9	7	1	2	
4	3	3	5	8	1	4	6	9	8	9	2	7	10	6	7	4	10	2	2	1	9	3	5	6	5	1	5	9	10	10	6	10	9	2	7	5	7	3	8	9	3	2	9	1	5	10	1	7	10	
2	2	10	4	9	4	7	5	8	7	2	7	2	4	9	3	2	7	4	2	5	6	4	6	6	6	7	2	3	2	6	1	9	10	9	9	1	1	6	8	6	9	1	9	1	5	4	6	4	8	
6	3	5	6	4	5	7	9	6	5	3	1	3	7	6	4	5	8	9	9	6	4	4	5	10	10	2	3	8	3	9	3	5	8	10	9	8	8	8	8	9	7	4	9	5	6	6	7	4	5	
9	9	10	8	9	1	3	4	6	3	1	1	5	3	6	3	1	4	10	8	9	5	8	3	4	3	8	1	1	3	4	5	8	7	4	10	1	3	3	10	9	2	6	7	10	6	10	5	7	1	
8	2	3	6	8	3	2	3	6	1	8	9	1	8	6	4	9	7	6	10	3	4	6	9	6	7	1	2	9	5	10	6	8	4	2	4	3	8	6	10	10	4	6	7	10	2	1	10	8	6	
3	1	1	6	2	9	1	8	6	3	4	10	7	2	4	1	9	7	3	8	8	4	2	5	9	8	7	8	3	3	7	6	9	10	7	10	4	7	3	9	2	1	5	3	4	5	10	5	8	6	
4	5	5	10	4	5	9	8	3	2	6	4	8	1	9	3	9	2	5	3	6	8	7	9	4	4	9	3	5	8	3	6	4	6	7	6	6	7	10	5	9	1	1	8	10	10	4	1	1	4	
7	3	8	4	2	1	2	3	2	5	10	5	1	9	2	6	6	1	1	3	9	2	10	4	8	1	9	7	9	1	9	6	10	1	9	7	4	9	6	2	3	1	5	4	7	9	8	9	2	5	
4	1	3	6	2	8	5	4	1	3	6	8	6	7	2	9	10	8	3	9	6	1	7	2	6	4	8	1	5	3	10	6	2	6	8	4	10	6	2	6	10	8	8	9	3	9	6	10	1	8	
5	1	6	10	3	1	9	6	6	7	6	8	4	8	3	9	10	4	7	5	10	8	10	1	10	3	1	4	5	5	8	10	3	2	10	9	1	8	7	6	7	7	8	1	6	1	2	10	10	5	
9	6	4	2	3	1	2	9	1	6	3	2	5	8	1	10	6	8	9	8	6	2	5	2	8	8	9	6	7	2	10	5	8	4	7	10	7	2	5	1	5	4	1	3	2	1	10	7	4	5	
7	6	5	10	1	4	4	2	2	9	6	5	1	8	3	4	2	10	10	1	3	5	5	8	2	8	5	8	6	6	9	4	2	7	1	8	4	9	1	3	9	8	7	4	7	10	3	4	1	8	
6	2	5	6	8	1	10	1	2	8	3	4	9	2	2	7	6	4	8	10	1	6	3	1	8	3	1	3	7	3	6	2	6	5	3	4	7	5	6	4	5	5	5	7	5	10	3	2	8	3	
3	10	1	10	10	3	8	3	4	9	7	10	2	1	2	2	6	4	10	1	4	10	10	4	7	10	8	8	3	1	5	10	1	8	9	3	10	2	2	9	5	9	1	4	9	5	7	5	3	6	
2	9	3	5	5	7	8	10	6	7	8	2	2	1	2	8	5	3	1	7	8	1	10	9	5	10	8	9	5	6	9	2	4	1	3	9	10	8	7	7	4	7	7	5	2	8	6	5	4	4	
2	6	9	5	3	7	1	3	4	8	6	1	7	10	2	4	8	6	6	10	5	3	2	3	2	6	7	10	8	9	8	3	9	1	6	7	10	2	1	8	7	1	10	9	7	1	7	10	2	1	
8	9	5	9	10	6	3	8	10	4	7	1	1	7	6	2	9	3	6	8	3	2	2	3	2	4	1	10	4	7	1	10	4	7	5	5	7	7	9	5	8	4	3	1	5	5	10	3	9	1	
10	9	8	10	9	1	6	1	1	1	2	3	9	4	8	10	4	1	4	3	3	10	2	7	5	10	10	5	8	3	6	5	7	1	7	9	5	4	2	3	3	1	4	4	2	9	9	9	3	2	
7	3	5	3	8	9	8	9	6	4	9	2	7	8	7	8	9	9	2	7	2	8	3	8	10	6	9	10	4	2	10	7	6	10	7	5	1	4	10	7	4	1	2	3	8	4	3	2	5	2	
5	2	10	6	5	9	6	5	6	4	7	10	6	10	4	9	9	6	6	6	3	10	10	10	2	8	8	2	3	6	9	7	5	8	9	1	10	10	8	3	8	1	1	6	9	6	6	2	1	2	
5	7	10	2	9	2	9	9	6	9	7	6	9	2	8	2	7	10	4	6	7	7	8	5	7	2	3	8	3	5	3	6	7	10	7	4	7	9	1	1	4	7	6	9	3	6	8	8	4	1	
3	9	1	5	6	6	7	8	2	10	8	9	6	1	7	2	6	4	3	5	2	4	9	5	5	7	1	10	9	6	4	7	1	8	9	1	4	6	2	8	4	5	1	1	4	10	7	6	10	2	
6	3	5	5	9	10	3	4	1	9	6	1	6	8	4	4	2	8	7	9	7	5	10	6	6	6	6	5	4	4	8	8	6	4	4	3	1	2	3	9	9	8	8	7	7	1	3	10	6	5	
5	4	6	6	2	9	2	10	7	1	9	3	7	7	10	4	5	4	6	5	3	6	2	4	4	7	4	5	10	8	3	7	2	5	8	2	10	9	8	9	1	10	3	1	3	1	10	10	7	1	
4	1	10	10	9	4	6	10	1	8	2	4	3	5	8	8	1	3	2	1	9	9	5	6	6	4	10	7	1	10	7	10	6	6	7	3	1	10	4	3	10	1	3	6	10	3	6	5	9	4	
1	7	9	3	1	6	4	2	2	4	2	7	2	7	7	4	4	3	9	4	8	6	5	2	3	5	3	10	8	1	5	6	1	7	1	7	7	7	6	8	2	3	10	6	10	10	8	8	1	5	
7	7	9	5	2	6	7	7	5	10	6	9	10	4	6	4	3	1	4	10	10	4	10	10	8	5	9	1	6	3	7	10	9	1	5	4	1	5	4	7	1	3	1	9	7	7	5	9	4	10	
9	2	4	9	7	5	8	2	10	8	3	5	10	3	8	6	7	7	7	9	6	5	8	3	2	6	8	9	7	7	10	2	3	10	5	5	4	8	10	7	7	10	7	6	8	6	7	10	8	5	
5	4	3	4	8	7	3	9	5	10	3	9	8	7	6	1	7	8	7	6	4	7	3	8	5	10	3	3	8	1	4	2	6	5	6	5	10	5	8	1	8	9	6	8	1	7	7	2	2	8	
7	6	1	4	5	9	5	4	10	7	4	7	4	8	8	1	7	8	4	4	1	4	4	7	4	8	7	5	9	7	6	5	8	7	7	10	8	7	3	2	10	7	10	3	4	10	5	2	5	10	
10	2	5	2	6	7	7	9	2	4	2	8	2	5	10	5	5	4	2	7	8	6	7	5	6	8	5	3	5	7	4	8	8	6	5	9	1	10	10	7	6	1	3	5	10	8	8	2	2	7	
3	7	7	5	1	6	3	10	1	10	9	9	10	5	6	3	5	10	10	10	3	1	8	1	3	9	7	8	1	4	7	1	5	8	2	3	6	3	3	10	2	10	8	6	5	10	9	7	10	4	
1	6	3	5	2	8	3	9	7	6	3	4	9	5	4	10	4	6	6	7	7	8	9	8	3	6	3	7	5	7	9	10	8	3	5	10	5	9	7	1	3	2	10	2	10	2	9	9	8	1	

Stepup times between family, where [f][f] represents initial setup time
On machine	1
52	80	69	58	16	64	35	8	90	56	68	6	81	25	93	29	7	99	27	2	
86	83	65	7	9	72	59	98	25	49	80	43	91	70	23	24	74	90	92	68	
44	54	49	85	34	30	61	48	91	38	52	42	2	22	20	10	53	27	36	43	
57	77	100	16	5	3	17	3	61	100	70	22	36	78	53	54	14	100	40	100	
57	99	57	55	16	61	28	72	57	36	41	37	89	30	8	53	97	50	65	2	
54	75	86	74	29	51	31	15	78	64	18	78	12	17	28	70	25	52	17	14	
8	42	66	56	25	37	73	74	37	87	51	70	75	22	81	20	84	83	65	76	
47	20	12	6	23	5	22	66	21	59	58	29	76	71	3	65	16	6	56	36	
5	12	84	57	100	91	77	86	64	84	20	51	77	19	80	23	82	36	17	12	
34	9	53	46	59	65	99	48	24	67	53	44	24	35	7	4	55	55	30	61	
45	15	54	68	93	98	30	93	89	78	65	78	67	2	19	94	55	68	73	36	
38	83	94	93	72	22	93	6	81	33	7	67	25	91	72	100	8	22	60	54	
97	55	11	43	36	10	42	89	86	12	89	31	27	8	78	9	39	81	3	18	
89	82	11	37	95	9	68	6	90	93	73	31	58	55	34	16	70	4	33	34	
4	78	61	62	69	61	83	4	85	83	32	17	41	29	8	3	89	15	74	54	
48	86	76	82	39	60	43	16	50	26	2	61	79	54	18	97	49	93	32	94	
46	25	33	77	10	21	81	33	74	58	68	97	88	42	91	26	77	77	48	54	
24	54	47	77	84	83	77	27	33	65	67	15	94	65	79	11	13	19	28	83	
76	11	82	95	46	30	30	18	31	27	33	69	48	19	75	1	91	69	81	53	
99	34	53	60	59	2	39	84	11	81	65	76	82	91	73	21	2	17	85	70	
On machine	2
51	20	6	4	82	82	73	88	56	4	42	83	20	93	17	63	14	53	96	25	
46	38	65	88	82	82	90	87	53	78	92	46	6	85	46	5	22	16	62	7	
13	7	71	27	61	57	16	71	82	42	55	77	3	47	12	90	27	18	20	91	
20	94	95	46	10	95	73	41	79	9	7	34	10	20	8	62	87	20	90	25	
62	58	17	54	81	10	93	44	43	59	85	58	1	26	74	62	24	35	3	21	
61	4	88	13	30	41	98	32	23	84	75	15	78	94	18	32	19	79	53	71	
79	83	73	69	71	53	29	24	82	100	84	68	65	32	18	89	42	35	34	43	
34	68	45	50	20	94	79	64	50	66	26	46	71	24	95	60	27	48	4	32	
64	5	61	26	61	25	43	87	37	16	92	29	5	86	29	73	6	52	6	65	
90	81	26	64	6	4	18	46	7	57	16	15	43	48	97	78	76	20	16	80	
88	51	41	11	4	23	63	17	54	17	30	76	70	14	16	41	93	22	58	80	
49	80	28	33	100	93	69	2	91	96	15	22	49	85	72	25	32	52	72	69	
56	94	71	31	94	39	49	25	59	16	38	20	77	92	67	75	52	96	77	48	
2	6	98	34	72	42	32	50	74	26	49	35	92	5	61	7	11	74	60	36	
30	85	49	23	44	32	8	4	49	77	11	46	10	40	1	36	40	42	7	100	
50	98	84	40	98	97	48	37	26	12	55	91	40	20	6	22	24	21	74	33	
42	45	74	56	41	99	69	64	35	88	60	21	68	30	67	72	59	9	33	84	
16	72	82	68	62	15	6	26	10	31	100	55	94	73	2	29	61	33	25	93	
61	53	19	16	11	51	91	11	47	16	21	69	79	95	61	15	19	66	18	31	
61	89	10	54	29	44	12	74	25	36	22	1	61	85	20	77	13	7	47	6	
On machine	3
38	15	84	96	3	68	72	77	59	64	34	92	58	23	11	24	49	97	89	63	
24	96	93	61	37	85	73	5	20	22	28	78	56	22	76	35	68	95	100	82	
4	5	11	87	9	1	38	93	44	83	53	33	83	47	4	73	64	48	24	50	
42	72	56	33	73	70	69	83	51	49	93	91	27	41	41	37	99	81	26	81	
43	61	54	90	34	4	85	72	94	73	1	39	79	74	55	87	40	20	70	92	
18	23	57	23	13	93	49	83	8	70	54	28	2	59	81	76	10	88	57	8	
57	55	78	37	16	41	36	83	56	34	11	92	86	96	10	55	55	34	84	28	
58	44	56	25	13	77	24	65	66	98	38	50	31	87	41	54	18	84	88	81	
96	51	38	81	67	54	60	15	65	9	96	42	74	92	15	44	76	9	2	47	
42	30	40	34	96	65	42	48	22	18	30	77	34	38	27	41	23	84	53	62	
87	24	41	28	37	38	96	73	1	4	5	11	21	73	49	2	16	92	87	31	
54	29	11	24	89	97	91	59	9	33	64	88	97	18	91	80	14	38	52	74	
83	13	76	48	28	7	26	33	9	73	8	38	54	23	64	62	65	64	18	93	
29	13	100	57	28	66	14	78	55	93	93	6	16	64	27	80	64	54	98	32	
93	33	26	65	82	19	78	77	61	84	54	24	14	94	31	33	29	87	68	67	
17	53	52	73	19	27	6	8	87	43	26	87	68	79	96	42	69	28	93	61	
20	63	32	43	35	14	82	90	95	18	46	51	3	18	69	49	82	16	42	60	
8	78	6	91	7	73	28	92	78	10	41	46	56	84	19	80	90	52	82	60	
21	11	49	81	9	38	63	78	51	44	29	39	40	27	59	3	74	87	48	75	
40	19	69	66	70	38	46	85	21	38	59	23	61	74	98	90	52	55	26	53	
On machine	4
18	41	58	45	36	39	98	99	13	65	58	92	57	11	3	53	46	27	53	69	
27	53	62	85	37	92	51	23	7	44	69	83	20	88	29	94	91	70	100	77	
52	34	74	37	75	50	97	56	1	30	60	61	50	29	89	88	47	71	43	17	
54	98	91	16	98	15	81	45	6	20	99	61	71	31	62	51	20	60	17	60	
100	70	54	63	12	71	67	22	49	13	71	50	46	30	94	71	95	44	64	11	
65	72	61	79	16	91	80	22	12	40	1	55	55	27	18	50	60	57	11	96	
99	38	48	3	84	15	55	81	37	23	4	60	18	69	63	16	67	95	67	49	
10	86	44	4	69	27	61	41	13	92	39	90	14	7	56	80	80	48	87	37	
77	74	61	33	4	64	29	21	26	45	1	57	28	2	34	44	55	6	74	16	
14	39	12	41	41	44	87	50	72	8	51	24	67	58	29	58	70	1	87	53	
2	34	68	36	92	49	46	88	36	57	57	40	31	22	88	88	16	19	23	49	
59	4	16	82	26	45	50	57	60	58	26	25	70	57	24	10	60	57	48	74	
26	7	39	96	98	5	32	29	50	99	52	27	28	55	18	59	57	4	78	78	
27	69	46	93	28	43	6	37	31	22	66	2	90	19	97	30	11	41	82	88	
19	10	16	76	22	6	5	84	73	40	41	47	96	95	9	89	7	40	92	96	
67	42	4	46	26	78	76	14	98	4	60	92	10	29	41	33	54	17	15	52	
35	75	46	40	55	22	79	17	46	84	5	89	16	86	88	14	49	34	88	14	
29	63	62	62	92	88	53	32	88	88	66	99	12	90	6	72	64	87	21	37	
53	31	2	1	79	65	55	87	5	96	99	22	62	8	31	41	59	30	11	27	
22	80	96	64	36	83	65	1	25	22	77	25	37	10	79	6	25	31	54	47	
On machine	5
40	40	81	64	28	39	40	62	76	34	50	7	44	73	79	100	97	34	32	17	
84	33	20	53	46	64	73	39	24	5	61	49	29	64	28	83	57	61	31	25	
63	72	71	31	94	97	78	56	67	20	79	19	30	33	43	85	5	93	23	52	
13	31	79	67	73	87	94	37	65	10	40	66	52	19	41	13	86	2	9	40	
53	8	60	54	81	41	62	4	34	19	31	44	72	91	84	5	58	97	37	93	
97	55	100	57	68	78	67	7	83	14	60	71	60	29	13	14	42	45	78	2	
31	31	60	25	96	68	87	83	49	25	86	1	53	82	87	62	69	44	78	100	
57	46	24	22	46	82	5	74	55	95	99	57	75	64	10	49	92	51	59	72	
12	71	8	82	79	94	83	25	55	70	42	11	42	55	82	41	56	37	22	70	
64	39	83	76	81	21	96	54	18	18	87	44	96	72	81	65	79	32	59	46	
91	34	42	62	7	76	64	38	38	62	44	36	19	26	75	7	96	7	22	80	
67	7	57	74	93	48	46	99	76	88	46	81	15	67	32	76	64	75	10	85	
66	4	83	38	90	46	79	53	60	71	49	57	28	74	7	9	24	30	63	59	
60	76	16	23	62	37	13	93	25	34	36	40	31	82	86	27	9	45	95	73	
54	55	11	49	38	6	49	71	49	12	88	100	2	10	6	8	47	7	10	70	
59	8	16	84	40	54	90	37	55	58	95	29	18	5	59	98	22	27	62	23	
90	97	62	60	65	29	23	81	27	23	25	38	58	67	56	12	53	20	18	80	
80	94	87	83	14	53	61	67	24	1	60	49	20	60	95	36	12	65	29	17	
27	82	92	59	40	17	28	70	54	76	70	44	83	56	19	32	34	64	17	36	
73	74	91	32	14	69	84	16	12	76	19	37	55	56	5	17	69	55	12	96	
On machine	6
69	2	66	8	84	86	19	82	94	24	68	15	49	8	91	81	51	97	20	85	
99	97	56	71	34	60	43	15	32	41	51	83	25	68	35	49	25	65	3	32	
55	21	52	79	12	80	49	21	58	66	81	95	65	86	86	19	32	43	67	48	
15	99	31	86	75	29	58	17	23	36	35	15	68	92	49	97	71	38	41	20	
43	47	76	90	72	67	18	1	94	10	53	32	33	63	41	3	48	72	68	27	
13	77	51	47	87	82	93	19	93	95	76	90	20	55	56	4	65	42	83	29	
15	26	49	73	24	57	51	99	26	13	14	43	69	41	52	24	5	36	71	80	
65	5	27	4	1	98	96	28	31	22	32	97	39	24	34	94	10	91	35	54	
59	14	42	54	48	24	12	99	39	63	54	73	94	33	100	41	32	92	60	93	
47	73	82	16	87	15	53	73	56	81	84	40	14	30	3	68	11	83	32	17	
80	50	80	5	17	56	35	10	8	12	74	80	95	62	71	60	98	92	77	91	
22	34	99	62	21	86	12	71	48	15	10	94	51	87	70	50	64	22	97	9	
61	71	50	28	25	8	41	2	58	66	70	29	75	55	15	62	25	56	63	24	
32	46	57	37	96	57	93	85	93	90	84	42	61	37	90	97	35	60	6	47	
94	2	52	22	18	13	29	89	34	57	88	74	74	24	85	50	51	7	92	82	
56	3	67	51	4	1	62	74	46	82	30	32	96	10	20	9	73	93	3	16	
43	37	55	61	61	49	18	23	43	35	34	11	69	8	97	97	70	95	11	9	
26	85	5	76	24	26	50	18	25	66	10	71	19	56	77	99	72	69	50	83	
42	76	1	82	57	55	15	64	66	62	73	57	95	43	10	46	5	83	17	77	
10	15	64	66	45	2	45	32	54	37	22	6	91	76	14	21	22	32	26	54	
On machine	7
62	74	10	58	29	37	92	69	75	95	29	51	10	53	6	80	61	54	94	100	
34	91	58	57	67	22	67	44	43	38	35	96	79	91	96	52	95	86	7	37	
24	45	17	16	50	100	12	9	56	6	74	11	98	54	30	43	10	69	63	23	
40	86	80	87	71	81	21	10	3	26	65	86	22	7	9	83	40	13	35	54	
89	94	73	87	51	73	49	77	35	18	78	78	72	92	96	26	32	93	99	56	
22	80	95	74	41	43	95	43	75	8	33	16	85	9	65	90	68	31	24	65	
65	40	12	43	42	65	11	24	97	66	80	8	71	67	68	64	86	64	35	5	
23	92	46	87	74	91	58	18	56	99	83	91	28	67	87	100	50	59	54	24	
57	43	27	97	48	51	57	82	52	97	36	20	22	39	51	31	11	5	11	7	
95	57	40	27	71	82	74	13	23	20	79	86	80	8	85	43	19	36	80	65	
88	45	89	47	2	79	92	51	71	56	24	15	74	51	32	15	10	11	5	60	
58	55	46	90	70	87	56	1	22	20	73	70	31	45	59	63	84	63	99	57	
4	45	39	82	84	99	11	75	14	59	82	9	30	28	81	16	25	89	57	93	
3	3	45	12	18	40	82	35	93	78	100	7	49	38	95	35	22	33	9	69	
18	22	36	64	62	34	43	74	99	24	29	68	25	47	19	62	11	4	22	67	
90	75	15	31	57	78	77	45	71	42	78	83	26	15	34	13	93	91	96	27	
32	16	33	36	9	63	27	17	19	91	51	33	6	73	24	24	8	97	64	53	
73	24	76	45	86	95	53	56	93	48	44	20	38	67	3	29	63	87	60	75	
71	10	29	10	24	63	82	47	83	23	47	69	14	47	47	92	68	29	67	68	
8	18	20	58	72	17	49	56	54	28	100	49	17	11	2	90	96	66	94	29	
On machine	8
94	60	29	10	19	4	71	54	84	85	79	59	98	22	35	76	7	26	47	18	
39	17	100	42	1	16	96	68	49	28	20	30	48	88	23	65	10	72	90	88	
87	42	21	53	97	25	64	35	53	73	29	5	42	17	80	29	97	27	89	16	
2	6	15	96	10	24	17	84	62	54	5	9	91	81	29	26	33	21	32	99	
96	6	44	42	44	78	3	34	23	96	23	88	53	27	13	24	9	3	64	93	
41	2	8	35	77	2	94	90	64	27	56	91	97	22	59	95	77	17	69	65	
87	1	93	32	35	61	39	47	100	70	68	30	58	90	35	46	15	91	94	2	
22	53	69	91	70	7	38	77	73	51	45	68	20	50	84	99	45	81	33	21	
7	24	52	18	61	95	58	30	27	6	97	34	80	65	1	47	50	29	50	53	
80	7	38	63	22	16	99	58	18	59	13	56	3	6	28	56	28	14	32	63	
40	93	98	88	77	67	60	92	57	34	61	4	28	94	37	53	41	2	31	77	
14	5	64	18	36	45	27	74	38	93	8	95	94	79	95	93	87	4	54	48	
62	52	52	96	70	16	9	76	74	11	28	49	11	2	10	47	73	88	43	47	
68	79	75	3	74	97	95	25	12	69	9	38	69	24	58	89	61	51	76	65	
44	75	43	19	45	65	49	24	72	43	30	70	61	39	50	74	100	84	14	81	
96	20	19	23	41	25	73	14	99	25	83	48	12	67	92	80	69	9	73	37	
16	4	18	80	20	36	70	36	1	89	33	42	80	27	85	32	21	62	42	90	
21	2	10	56	13	76	8	53	94	33	91	90	3	84	40	5	54	100	40	40	
76	3	32	40	39	10	22	75	68	48	24	100	19	93	49	48	73	80	19	57	
1	50	57	86	74	81	40	76	1	49	56	4	35	38	100	51	59	24	51	79	
On machine	9
59	60	14	61	11	2	92	39	93	88	96	29	32	4	18	26	52	15	43	100	
98	20	14	95	98	2	4	32	100	100	11	95	67	3	31	39	55	83	29	49	
40	47	92	49	73	19	75	9	81	97	43	48	65	67	30	10	29	16	96	26	
92	12	35	42	93	2	14	11	66	16	95	65	25	66	95	41	30	34	74	69	
48	85	34	51	56	1	76	36	17	62	73	78	83	25	85	16	56	66	89	38	
26	4	20	82	60	48	20	23	31	50	19	23	95	57	33	9	42	11	79	55	
72	55	39	20	79	86	34	51	73	25	12	16	27	15	15	81	65	57	56	24	
9	53	27	5	36	42	32	21	51	71	79	35	40	15	34	27	25	53	75	54	
8	11	40	47	76	59	20	88	50	73	43	18	42	8	53	14	83	90	92	64	
19	87	85	37	77	37	77	71	8	20	54	74	99	66	58	16	44	93	93	42	
31	61	75	45	2	32	51	51	89	92	10	1	34	88	44	7	93	62	30	33	
76	86	14	74	53	47	18	27	12	48	95	47	94	95	24	99	64	54	73	24	
28	47	57	17	11	35	17	45	61	6	68	36	17	90	87	25	36	12	33	85	
19	24	39	72	68	84	59	9	76	59	42	84	48	59	57	54	98	30	95	47	
97	69	79	27	86	97	70	90	37	22	48	60	84	5	82	10	96	11	59	44	
93	15	73	44	86	89	56	68	75	8	72	93	96	51	48	78	48	93	68	91	
71	74	65	68	42	71	84	71	8	77	72	71	24	68	55	54	21	58	48	97	
57	34	14	78	15	54	39	37	73	25	45	62	84	10	32	64	97	3	94	28	
94	22	93	69	49	63	80	55	41	73	39	64	8	6	33	90	48	40	93	17	
93	93	32	10	5	14	60	15	59	54	31	24	69	18	43	73	46	94	81	22	
On machine	10
85	5	38	29	90	58	79	20	76	64	99	88	71	53	80	16	46	90	67	8	
86	75	52	83	36	17	43	62	49	41	76	85	13	93	29	70	16	7	44	72	
82	51	89	96	33	10	53	40	9	91	8	79	56	37	17	75	68	2	11	53	
2	31	38	5	64	36	8	80	69	10	34	43	35	75	75	57	64	11	17	54	
58	98	53	84	47	61	15	13	42	73	78	6	5	77	38	71	78	8	12	86	
25	74	3	57	69	41	25	11	86	23	2	65	95	21	59	75	30	7	83	60	
4	97	31	9	1	55	91	77	79	81	84	44	4	6	77	52	4	64	94	97	
14	63	59	21	77	82	74	47	54	67	35	68	13	70	42	10	35	100	94	3	
88	96	86	11	76	39	11	100	68	36	13	72	35	42	63	24	66	27	55	19	
80	90	41	97	12	59	78	23	35	64	56	18	21	11	98	87	70	66	34	81	
55	42	13	8	10	46	81	29	57	75	25	19	78	66	55	15	41	32	59	13	
59	99	25	70	17	35	80	68	61	22	69	56	3	75	28	19	64	85	48	89	
27	17	3	50	10	13	9	56	60	39	53	15	4	81	17	76	11	20	76	65	
68	38	84	47	42	75	57	11	11	26	27	47	16	96	20	81	10	93	70	4	
19	14	2	86	75	50	40	47	27	3	35	83	6	80	61	39	100	40	40	87	
39	11	76	53	73	72	53	10	72	79	60	86	58	88	66	28	73	2	69	37	
84	24	78	25	44	35	81	79	67	23	26	60	43	38	37	84	37	8	46	37	
13	64	86	68	75	38	15	94	82	37	7	40	38	3	53	97	12	37	99	33	
26	63	36	12	69	79	5	39	83	86	58	67	30	32	47	27	54	21	39	31	
85	83	50	9	39	31	2	2	11	5	34	21	71	49	86	5	90	57	45	87	
On machine	11
47	94	31	82	77	58	32	49	56	15	72	43	48	58	68	88	73	90	73	98	
81	63	63	24	79	65	8	50	61	88	14	41	32	27	1	22	14	6	76	35	
5	100	18	73	94	89	31	63	87	86	9	14	42	39	36	30	81	72	33	77	
53	10	28	95	33	44	8	20	75	19	46	12	67	14	70	20	55	12	33	10	
77	65	67	3	79	65	16	12	65	91	49	82	13	12	51	12	32	53	20	24	
26	55	4	16	95	28	50	39	3	75	85	17	33	20	43	99	50	63	14	5	
2	55	17	91	23	6	51	72	3	55	12	14	49	29	56	19	6	59	51	34	
94	75	49	81	34	55	61	94	52	88	47	98	24	36	28	15	38	30	76	23	
87	72	81	34	71	35	15	67	83	44	95	94	99	97	75	75	41	22	20	10	
11	55	97	62	54	72	65	7	78	90	2	61	27	70	29	56	99	83	100	34	
6	72	31	8	45	47	26	65	30	72	43	73	29	53	69	92	91	24	35	57	
35	1	71	67	54	17	5	49	65	5	61	58	10	64	73	68	87	24	31	67	
71	27	46	21	1	40	68	62	10	29	7	42	97	83	44	98	44	24	84	68	
50	74	11	76	31	95	87	57	40	100	57	25	76	3	69	100	15	91	31	4	
57	54	16	57	74	69	42	36	85	62	5	34	97	14	27	15	20	53	49	67	
1	36	97	11	76	7	17	8	79	95	70	46	13	17	81	72	81	24	49	12	
88	81	77	71	31	24	46	45	5	89	54	91	16	35	30	47	94	5	10	56	
70	13	9	62	20	38	24	19	52	86	60	75	48	49	52	99	44	83	40	42	
24	12	7	91	75	26	7	39	80	81	59	36	84	84	91	41	80	50	75	28	
16	29	81	83	25	45	82	84	83	63	75	63	13	10	94	40	45	14	94	55	
On machine	12
5	8	10	43	74	18	48	34	72	3	97	63	80	78	67	2	21	31	82	80	
85	64	19	46	93	47	89	40	78	90	66	59	24	75	24	81	52	28	95	61	
5	42	80	95	79	63	44	22	49	70	9	89	13	40	26	12	99	66	15	26	
54	70	100	76	18	29	30	15	79	82	29	21	57	58	4	9	93	89	31	46	
41	32	2	95	84	32	76	67	66	91	27	3	26	45	40	29	40	19	17	54	
78	52	11	72	56	91	75	2	29	91	76	7	75	52	96	65	24	90	84	41	
75	35	62	44	57	46	66	21	16	94	52	34	16	82	71	2	51	41	8	19	
57	68	2	57	21	29	72	80	87	66	89	29	37	27	19	65	82	56	54	24	
37	19	4	35	9	99	15	14	49	65	45	94	84	45	8	2	68	2	18	42	
62	95	24	51	1	45	9	68	7	81	36	39	66	77	80	1	74	32	82	53	
66	93	30	7	100	15	4	65	84	93	2	64	22	44	45	19	88	48	9	32	
32	27	86	90	19	6	67	8	82	74	56	61	18	78	40	18	82	74	84	89	
38	68	82	29	99	83	77	27	52	68	57	4	61	93	7	98	69	27	17	51	
70	61	7	74	46	6	69	81	87	98	88	1	6	43	24	2	61	92	76	64	
6	86	10	71	73	88	84	95	39	3	28	7	28	91	22	1	75	6	100	61	
18	11	63	91	91	56	83	13	56	50	11	73	76	85	73	91	92	68	8	67	
42	78	11	32	78	13	56	62	38	67	51	63	33	82	6	35	29	44	37	58	
79	90	93	15	86	38	33	96	46	55	56	29	80	99	39	27	38	22	89	25	
89	88	17	7	32	52	29	55	1	32	19	25	47	54	75	70	61	25	17	16	
88	77	37	98	38	41	65	37	43	62	10	9	69	6	66	94	36	24	39	54	
On machine	13
82	27	84	69	85	14	27	99	81	5	14	58	57	27	97	18	91	86	50	61	
37	100	45	13	74	8	71	72	49	96	86	76	63	17	28	38	7	66	59	70	
42	53	22	30	66	10	91	69	85	15	45	48	75	6	66	49	72	16	19	86	
22	28	12	67	56	74	38	93	42	62	83	21	60	44	84	71	95	70	97	84	
35	4	85	42	12	18	30	81	16	40	44	30	19	58	86	79	57	70	49	23	
98	98	94	47	26	5	17	56	38	9	44	9	39	49	29	22	50	2	5	22	
45	25	22	87	44	23	44	53	35	39	83	23	88	45	55	11	73	8	98	72	
21	17	68	88	80	42	43	100	66	40	15	79	76	14	30	37	68	3	40	42	
49	42	69	19	79	19	90	18	27	3	59	38	6	3	98	13	53	34	1	70	
63	37	44	90	21	39	29	24	87	40	57	6	64	61	5	66	23	96	32	23	
49	3	12	76	4	68	18	2	76	84	14	95	79	6	64	82	28	24	35	19	
69	1	15	95	19	70	87	71	30	92	80	25	47	36	94	46	19	35	70	23	
97	32	97	99	6	14	99	51	36	20	32	26	24	98	55	66	87	23	8	48	
11	78	14	52	6	57	36	29	85	27	33	1	12	91	42	12	33	36	29	27	
86	34	16	78	18	99	43	1	36	95	36	85	97	31	7	11	13	82	40	60	
59	58	13	47	2	56	97	79	6	97	62	75	22	71	47	83	60	7	73	74	
51	15	98	98	87	87	44	54	14	98	9	45	14	57	90	100	17	83	43	94	
63	62	43	40	4	28	62	57	22	70	43	3	65	20	100	81	44	12	97	86	
6	75	88	15	71	49	22	61	63	38	99	68	30	81	17	5	58	39	70	30	
78	62	50	90	4	31	85	16	81	84	25	82	96	37	80	85	97	79	65	91	
On machine	14
1	16	1	60	83	33	53	28	55	69	49	20	33	85	28	86	58	8	44	49	
49	88	46	56	66	24	49	45	70	35	19	63	35	34	49	63	61	20	43	66	
87	98	9	8	61	27	35	100	15	6	29	78	51	43	8	52	82	42	32	99	
3	14	45	61	9	59	61	91	22	59	98	95	27	60	83	19	93	28	13	99	
22	86	34	45	79	65	24	17	62	13	69	37	80	92	83	90	2	31	97	85	
73	1	51	10	20	79	11	29	67	18	67	85	39	15	43	26	32	99	74	58	
99	35	26	17	23	59	29	68	57	99	53	54	76	37	88	56	26	91	24	14	
77	26	87	55	98	3	42	21	32	31	52	37	93	67	3	18	94	84	63	78	
33	39	15	60	84	59	40	76	22	18	90	58	64	64	80	92	89	39	57	66	
32	85	39	72	20	89	52	93	74	53	43	48	10	39	100	15	39	82	8	26	
43	17	59	3	100	91	36	27	78	70	72	60	57	63	16	70	30	85	84	95	
36	54	11	3	57	16	47	55	98	64	45	41	45	69	45	10	47	61	48	16	
28	53	4	23	10	48	1	91	36	8	98	98	90	3	19	37	73	88	99	59	
45	84	92	3	96	75	9	28	98	48	35	97	24	19	58	6	58	13	86	26	
95	66	95	80	93	13	54	94	24	82	33	10	42	1	14	90	27	91	67	19	
84	3	30	82	87	99	7	5	24	21	44	75	88	65	51	75	83	7	23	49	
23	92	18	89	42	10	90	9	57	70	51	55	58	9	96	81	70	29	68	85	
82	70	45	17	34	95	11	77	95	62	31	45	65	51	94	57	51	60	80	38	
24	12	26	65	79	51	96	42	48	35	4	51	25	95	80	75	48	4	16	85	
98	52	4	79	44	40	52	35	94	42	97	29	88	60	5	3	16	30	7	92	
On machine	15
85	22	36	68	59	68	86	34	91	94	18	40	60	40	4	4	12	2	52	18	
27	33	98	92	91	89	44	54	21	35	69	89	30	33	73	76	69	66	79	67	
23	25	82	18	49	10	30	41	29	40	83	26	68	74	36	55	41	9	37	54	
61	93	94	57	2	55	14	86	36	45	25	18	19	17	59	43	72	50	26	44	
43	44	36	40	28	6	23	99	52	34	61	22	29	71	21	52	31	98	1	45	
72	28	97	79	65	18	14	51	92	66	36	69	14	14	26	60	43	24	91	9	
10	19	74	36	10	91	24	21	85	20	73	34	11	42	38	59	90	62	28	35	
51	18	87	15	33	92	27	57	38	71	67	68	58	26	95	52	79	50	15	93	
75	80	28	40	80	3	59	87	95	74	61	75	77	52	45	68	5	85	84	90	
13	80	1	67	65	35	3	13	67	71	65	82	38	90	40	81	94	79	60	51	
52	66	17	94	87	65	28	99	14	38	82	50	90	14	58	26	10	75	79	36	
61	66	87	1	46	13	69	5	11	55	71	10	91	4	56	39	15	28	84	78	
69	26	70	7	12	68	52	44	100	89	91	66	38	97	93	14	25	59	32	67	
88	36	9	60	47	88	33	2	72	69	38	41	10	91	51	39	20	59	54	37	
15	1	84	31	9	12	86	86	28	32	75	58	24	28	18	7	66	25	23	96	
80	47	1	26	5	74	39	48	74	15	85	64	81	76	16	41	5	36	79	53	
12	75	32	97	15	29	30	69	85	75	6	59	66	19	8	11	100	96	25	96	
41	29	71	95	15	37	46	79	73	76	32	32	62	65	8	55	42	96	22	18	
74	54	94	52	90	59	69	27	97	92	22	41	58	45	39	23	36	4	2	16	
70	89	10	70	77	57	57	79	65	51	95	81	31	41	31	71	28	39	19	68	
On machine	16
83	84	92	67	47	30	26	50	4	9	3	37	65	4	79	44	94	21	11	64	
13	18	51	53	61	58	2	11	46	56	27	65	52	33	19	100	43	11	29	26	
58	42	65	44	44	89	53	40	40	14	89	12	37	83	25	28	51	88	35	60	
93	78	14	46	87	56	79	41	98	95	71	64	74	9	98	28	20	33	91	51	
100	96	7	3	13	32	33	56	17	94	36	32	97	94	71	82	10	6	52	92	
61	41	62	37	4	33	53	33	25	5	7	28	64	19	72	75	48	75	72	40	
96	63	72	49	20	66	17	81	16	51	33	64	72	67	52	19	94	5	59	57	
13	47	71	50	13	1	23	22	70	82	57	85	31	88	93	38	77	67	7	38	
96	79	26	24	22	8	8	15	68	9	73	82	1	38	57	24	57	18	14	43	
20	35	87	28	50	71	59	47	10	6	4	84	1	25	3	25	11	34	79	17	
67	57	75	9	40	93	7	93	75	21	73	55	36	84	100	52	59	36	32	33	
85	21	23	21	47	28	18	74	23	67	28	20	71	54	48	48	31	56	17	67	
59	76	48	55	55	97	13	69	47	30	31	41	73	15	20	57	55	37	4	42	
86	65	65	50	31	66	21	57	65	21	44	32	63	97	91	77	100	48	78	22	
36	12	46	63	10	78	42	81	18	66	60	8	32	39	56	3	84	13	79	89	
33	69	52	35	43	17	12	86	21	43	95	45	20	5	37	4	3	86	90	45	
40	45	66	83	2	69	86	25	46	67	45	47	26	58	17	57	34	18	17	76	
51	83	64	24	18	32	76	22	17	23	53	68	45	77	76	42	3	32	28	54	
20	100	26	55	49	65	28	8	60	46	54	74	68	36	58	90	16	76	18	99	
43	22	54	13	82	42	66	50	44	78	68	75	71	85	55	72	27	69	75	4	
On machine	17
62	56	55	81	6	40	73	75	77	14	89	80	80	26	35	72	25	18	81	42	
73	23	51	65	100	40	58	36	61	75	83	75	56	88	97	42	63	6	100	63	
83	25	16	20	7	8	6	94	77	45	42	85	13	78	39	96	42	99	4	47	
99	79	11	31	5	86	77	69	90	14	74	78	43	83	22	58	62	17	96	62	
92	42	86	100	54	34	71	10	19	92	97	52	89	64	53	42	29	50	64	28	
31	87	99	76	2	3	97	50	14	87	82	6	23	27	24	8	71	35	14	43	
20	68	84	1	47	41	39	3	56	6	95	25	95	80	86	70	13	40	64	11	
61	62	79	72	39	87	70	53	24	94	100	61	49	70	46	22	56	58	33	27	
37	80	22	4	43	30	83	49	79	20	69	94	21	58	74	26	71	37	57	22	
74	14	31	4	31	26	35	4	99	66	65	24	6	30	41	26	88	68	72	41	
97	4	27	44	99	63	42	30	66	34	1	1	14	52	83	39	51	66	8	23	
3	75	63	76	95	22	25	88	100	59	50	78	97	44	15	70	17	22	29	35	
78	15	29	35	63	92	34	60	4	94	28	50	3	62	4	95	25	51	38	1	
56	22	93	95	28	51	80	31	22	44	27	64	61	4	32	38	8	39	100	90	
91	15	74	73	42	69	67	6	62	27	52	52	17	22	26	87	63	94	2	45	
58	88	35	58	95	86	25	73	81	42	43	76	59	18	47	37	83	90	26	41	
71	71	67	93	30	27	5	56	27	33	56	93	73	41	52	39	35	68	99	2	
40	39	79	33	75	25	3	46	15	24	53	30	76	76	77	50	6	80	57	52	
20	7	63	9	21	78	32	5	31	43	54	96	51	63	32	42	28	15	28	34	
76	40	3	53	11	5	75	77	85	93	43	82	92	81	5	52	52	10	26	7	
On machine	18
83	52	21	36	55	75	26	44	100	1	38	34	89	5	76	74	31	41	24	18	
4	52	37	97	80	66	22	46	75	39	87	79	68	26	33	33	40	7	90	39	
91	92	47	41	35	75	36	51	18	3	26	43	10	49	30	21	84	36	24	13	
98	49	95	25	38	28	44	11	33	58	61	76	62	20	14	40	39	27	75	79	
49	10	86	35	97	97	100	11	72	45	43	68	48	40	48	6	48	72	52	30	
44	12	52	5	79	16	99	58	96	69	5	26	64	59	78	21	16	61	90	59	
14	44	22	82	76	9	66	20	42	42	46	89	88	93	36	11	24	20	43	82	
21	48	25	2	93	61	13	67	100	13	79	76	41	15	4	14	50	81	87	88	
21	63	40	90	50	79	35	45	27	35	14	70	70	64	77	37	49	78	9	86	
34	36	63	91	52	25	86	20	30	36	79	62	93	65	95	99	52	31	31	7	
46	83	87	39	47	95	35	87	37	82	89	20	74	69	93	74	94	58	36	31	
99	94	77	67	92	5	97	66	7	98	92	57	43	69	20	85	64	10	57	74	
30	58	72	22	31	45	84	35	29	63	4	48	6	71	77	88	24	6	61	34	
80	85	85	76	95	72	1	81	96	49	13	6	1	45	91	36	52	51	82	71	
46	28	22	23	56	61	15	35	7	45	11	58	72	3	3	44	36	64	9	95	
95	63	52	60	68	63	66	98	36	80	10	18	7	80	66	100	68	6	19	71	
39	84	40	14	7	46	79	24	12	74	88	89	2	61	15	34	41	33	33	64	
36	95	22	9	40	17	84	99	68	28	6	46	56	47	4	86	25	33	80	28	
13	81	88	73	32	15	70	26	31	35	20	29	45	79	41	37	38	78	91	97	
23	1	59	47	46	76	21	87	5	99	90	50	17	26	15	15	44	78	11	2	
On machine	19
8	58	47	70	50	69	17	47	42	14	27	46	93	2	89	95	45	66	6	19	
30	70	51	39	5	33	25	13	14	20	35	80	1	44	98	44	98	60	24	97	
51	70	87	95	65	33	24	73	83	77	45	23	85	63	39	67	92	65	15	70	
63	18	26	67	59	22	38	71	80	20	38	29	37	54	33	81	36	19	37	88	
83	28	13	7	85	12	31	66	35	54	71	11	9	3	47	31	64	84	36	15	
38	90	5	21	73	67	35	14	66	62	23	79	45	19	89	54	86	7	68	76	
83	61	71	61	95	61	63	18	86	6	81	49	77	64	84	84	17	42	58	92	
83	63	61	17	23	22	79	33	44	31	41	38	56	60	58	99	75	29	17	70	
58	66	34	31	91	46	68	14	54	42	40	2	41	81	94	99	63	99	75	14	
99	19	80	63	56	36	47	90	52	43	44	82	42	11	9	54	71	53	43	65	
51	77	23	92	70	16	95	52	91	88	65	39	18	70	46	60	53	24	60	81	
49	88	19	84	58	85	85	44	40	56	52	84	6	84	18	21	47	58	23	3	
16	27	41	76	12	74	89	71	29	51	63	49	71	59	24	9	60	46	71	44	
80	29	18	81	75	12	58	80	43	9	72	89	8	41	83	18	81	64	15	67	
13	100	97	4	32	39	80	89	25	20	9	5	30	17	88	86	40	57	31	78	
1	68	94	74	86	42	65	80	34	99	87	67	94	78	74	17	78	33	57	7	
78	57	23	40	48	34	20	20	45	100	67	87	94	74	84	31	87	47	23	22	
45	48	52	1	27	74	18	86	99	54	27	95	46	1	52	53	33	3	78	21	
33	95	89	59	1	16	56	72	58	77	4	13	79	59	46	26	30	45	65	18	
59	4	80	17	7	6	4	19	11	75	33	61	59	22	7	26	50	11	76	34	
On machine	20
44	52	6	73	30	27	44	42	62	17	43	28	34	98	41	84	89	55	26	4	
66	75	52	65	19	40	94	16	49	86	84	32	8	21	67	96	83	38	55	47	
74	79	100	95	41	68	95	1	54	64	18	81	15	34	98	11	32	6	83	77	
2	36	1	70	56	33	72	35	32	37	66	52	3	31	70	78	18	23	59	84	
15	58	57	12	5	40	55	17	44	42	78	59	30	25	30	97	43	95	88	24	
8	89	37	18	92	47	33	19	31	14	57	39	91	91	2	38	62	65	1	36	
37	51	21	74	10	76	18	5	93	95	32	64	58	83	49	14	76	51	49	29	
7	7	78	40	55	42	62	89	27	5	53	45	61	43	87	11	83	2	34	82	
27	95	2	84	85	85	65	7	5	55	89	7	69	49	32	1	33	19	9	2	
53	6	92	93	61	9	45	35	73	34	34	94	12	36	39	3	94	12	79	20	
37	93	93	76	65	68	7	69	92	34	69	74	12	27	6	20	33	84	63	16	
68	43	57	24	81	80	44	58	6	76	75	75	52	89	33	76	45	76	90	100	
55	59	44	60	4	58	94	41	72	26	95	28	98	56	33	41	36	24	58	49	
12	88	71	33	85	32	51	60	6	41	67	16	16	24	56	50	98	44	94	46	
37	27	16	40	51	75	11	100	60	56	72	59	17	51	33	9	68	85	39	29	
25	56	72	22	90	24	7	22	37	83	59	33	19	61	10	69	92	88	3	7	
33	20	70	63	1	51	32	23	87	4	7	1	73	33	76	93	34	37	22	53	
9	24	59	21	82	46	27	50	10	28	74	99	46	94	64	74	6	13	44	78	
65	81	66	70	23	5	88	73	3	68	76	30	62	64	100	62	28	67	87	11	
43	74	1	53	24	35	84	13	21	10	92	73	67	25	75	43	26	56	67	14	
On machine	21
13	18	86	80	86	5	61	28	65	25	4	83	22	65	50	31	81	78	84	28	
58	11	86	6	29	22	84	97	27	9	74	18	49	99	100	32	30	6	34	92	
75	85	27	92	20	77	31	20	97	70	67	51	23	75	8	60	20	60	27	3	
43	9	62	41	36	56	35	91	71	18	39	59	100	21	41	60	33	86	86	95	
46	76	21	4	6	6	29	97	95	79	87	25	87	84	43	92	88	28	56	30	
88	2	38	55	99	39	8	9	55	14	18	35	56	70	54	42	80	79	37	37	
38	32	5	60	43	28	78	38	41	38	41	55	79	12	21	9	19	71	18	42	
29	44	56	98	64	58	67	6	93	80	7	41	43	55	31	67	52	8	19	66	
59	46	94	17	22	92	8	46	36	30	49	46	78	6	37	96	9	72	46	44	
100	81	3	28	2	24	80	68	32	51	7	66	61	25	84	8	24	5	51	7	
16	42	11	82	76	97	48	5	89	22	74	10	9	63	18	79	69	17	83	28	
33	23	51	72	15	19	28	77	51	69	64	86	30	38	41	59	41	29	99	51	
71	14	21	2	9	51	96	94	7	97	18	72	90	44	69	80	97	57	46	41	
34	48	71	29	78	21	33	39	38	95	58	46	23	3	15	43	38	34	5	30	
9	22	86	84	97	36	73	4	58	99	63	95	42	75	65	71	72	8	9	38	
94	26	67	52	76	35	26	49	47	21	69	44	25	92	41	29	25	37	17	3	
94	67	42	50	19	73	41	49	72	83	6	33	39	39	43	80	88	22	9	8	
73	72	65	99	13	85	62	99	64	9	15	94	59	81	62	48	45	46	89	22	
57	15	13	49	27	54	3	2	67	55	35	96	51	39	37	12	71	55	26	1	
82	31	65	40	20	71	95	45	67	95	99	1	55	93	75	40	96	9	66	65	
On machine	22
98	83	66	100	86	65	58	15	92	40	70	10	83	99	27	17	58	31	19	2	
21	79	47	77	34	1	25	36	8	47	10	43	26	63	43	51	4	9	31	62	
2	53	91	22	74	85	24	56	25	54	100	30	39	93	32	2	23	66	62	75	
68	71	30	67	76	21	33	78	46	63	50	37	52	37	62	90	2	37	47	51	
36	80	22	29	7	48	7	21	70	62	77	2	21	62	16	22	24	93	98	62	
71	73	74	23	22	23	58	66	48	25	8	17	79	40	3	79	22	10	56	97	
72	78	88	56	35	54	24	36	98	84	10	62	26	26	59	18	14	42	11	14	
42	83	31	96	58	74	46	24	32	91	81	95	6	26	29	40	69	90	90	21	
10	67	10	36	47	84	53	8	19	52	22	74	90	88	64	50	15	43	3	30	
22	60	27	52	87	2	17	35	70	26	44	78	3	3	45	24	16	98	40	51	
76	41	73	3	56	26	35	79	83	52	24	43	8	53	1	83	5	37	11	35	
51	17	11	28	68	29	29	26	29	19	41	85	19	75	84	62	91	73	51	90	
59	19	59	12	68	38	76	80	93	94	13	81	35	71	26	14	94	97	39	64	
27	31	3	49	4	100	83	72	2	34	55	59	9	82	29	3	48	49	34	6	
47	37	53	83	93	5	22	5	59	60	85	82	6	12	35	49	39	93	91	17	
76	20	92	78	29	44	74	37	37	23	92	44	40	7	78	47	100	58	82	89	
55	83	45	70	66	45	62	46	27	24	79	98	95	75	90	15	6	66	5	29	
5	20	53	92	88	5	74	41	21	71	70	29	69	49	42	87	64	92	14	79	
72	7	65	64	51	81	76	58	74	93	49	71	15	38	35	17	69	73	78	88	
62	28	64	17	52	23	73	50	37	77	48	28	62	68	12	97	96	33	93	30	
On machine	23
58	60	28	1	42	91	28	85	5	46	92	13	51	37	100	15	93	49	21	2	
19	9	35	58	70	48	22	100	88	25	24	49	93	63	14	87	19	96	47	99	
25	66	51	43	59	75	57	29	77	37	10	9	5	12	85	62	89	85	96	92	
65	30	43	19	37	16	60	7	74	45	43	79	6	6	82	10	93	32	78	86	
63	27	15	57	1	74	22	97	68	85	32	12	55	55	51	21	3	91	38	69	
9	76	14	8	82	81	77	73	29	94	26	19	89	10	20	81	96	24	39	35	
68	72	74	57	16	16	3	79	63	29	2	4	90	51	27	9	19	98	78	5	
22	22	92	65	94	83	43	37	16	23	19	86	43	53	68	26	15	81	20	26	
25	73	56	54	19	6	32	91	39	3	97	35	15	3	100	61	97	14	68	76	
91	99	13	89	72	98	57	46	41	7	19	48	49	44	91	29	84	64	40	35	
51	4	27	1	46	36	41	50	44	11	38	17	49	88	89	41	97	76	71	63	
22	74	94	42	7	88	98	47	14	72	61	28	16	47	53	4	16	14	45	22	
76	17	67	65	16	59	51	40	75	4	52	86	85	82	24	20	99	50	88	98	
19	40	98	86	35	42	78	81	97	86	88	68	88	24	36	68	15	24	56	37	
8	28	91	95	70	82	65	27	86	97	36	27	39	6	60	35	91	20	76	98	
47	28	89	9	44	13	49	70	15	24	99	39	6	50	48	3	19	93	30	89	
47	98	97	39	76	70	74	48	38	84	51	73	26	93	26	80	8	96	54	17	
99	34	75	41	87	53	47	100	44	39	49	100	20	23	85	51	97	36	92	67	
88	11	33	97	52	20	56	53	34	31	50	27	62	20	9	80	46	21	60	40	
78	31	26	55	28	68	43	58	31	71	55	21	12	12	87	43	41	4	17	83	
On machine	24
94	77	8	16	37	5	20	10	75	40	78	59	77	80	98	85	51	27	66	71	
73	7	43	89	62	29	78	11	15	99	20	14	23	82	42	15	2	16	18	34	
81	66	75	4	39	63	50	20	31	34	16	71	5	37	12	90	95	53	87	55	
85	94	20	37	69	23	31	61	60	82	76	6	1	77	57	40	30	54	47	30	
99	14	4	1	20	76	93	64	77	25	11	84	92	83	49	91	32	6	46	36	
72	89	34	90	55	51	26	44	75	93	88	11	55	67	75	78	89	46	70	33	
81	96	47	94	85	64	28	10	97	11	52	93	49	75	65	1	11	12	13	58	
53	81	68	40	42	38	4	50	21	46	37	62	25	52	22	65	40	36	14	34	
82	4	57	67	50	83	64	31	46	71	88	13	98	84	22	45	32	15	89	22	
34	67	48	23	39	75	76	29	72	81	62	90	45	89	16	9	74	78	55	44	
46	38	74	85	80	66	59	27	12	12	11	81	95	1	4	81	48	69	80	5	
61	93	83	51	74	53	3	4	79	39	12	59	3	76	93	41	62	51	52	14	
62	60	16	55	38	21	1	3	54	78	80	57	45	76	83	47	6	56	20	77	
91	70	11	76	90	67	55	62	4	27	68	57	89	78	35	30	86	97	30	29	
43	73	41	21	17	57	26	5	48	2	84	41	97	40	45	32	97	94	87	22	
46	13	69	75	66	32	71	21	95	90	50	71	60	75	56	23	39	67	100	37	
13	92	43	28	32	50	31	48	98	70	43	20	40	23	57	91	37	90	47	8	
27	79	26	37	16	56	29	3	47	42	44	19	60	59	71	15	12	54	71	50	
34	26	45	50	25	54	61	60	11	35	67	9	97	5	90	53	19	35	89	14	
90	10	74	94	82	87	61	2	21	67	51	94	17	5	85	16	83	23	36	74	
On machine	25
10	80	19	85	73	91	28	59	34	17	31	89	53	23	12	56	22	83	89	15	
37	77	51	11	98	46	53	8	71	24	29	12	24	22	94	51	43	11	15	89	
99	33	67	23	66	69	72	45	20	92	75	41	80	80	100	31	94	62	76	74	
21	57	8	25	93	64	91	63	47	88	30	89	97	10	82	95	80	94	71	81	
33	60	42	91	75	27	99	41	85	27	15	45	64	77	18	30	73	82	11	97	
90	15	37	84	44	16	86	95	31	99	74	11	12	63	82	12	55	70	91	62	
93	89	5	14	17	79	89	38	56	34	46	77	34	65	92	68	62	22	6	43	
61	16	32	85	65	9	16	42	24	89	57	76	96	95	44	46	66	92	66	57	
76	47	7	16	23	15	87	63	59	1	97	72	80	90	13	75	29	50	35	30	
75	11	89	17	54	32	15	98	15	39	49	94	33	48	32	81	10	39	83	55	
97	21	81	79	42	57	27	78	66	76	50	4	74	67	98	72	64	85	82	70	
95	51	60	29	87	83	41	47	30	60	63	11	57	18	99	19	79	94	60	27	
85	90	26	5	23	71	78	25	74	95	96	72	39	41	48	83	63	88	24	56	
66	48	90	66	65	95	40	53	56	43	27	42	11	67	79	44	35	75	59	54	
58	8	22	43	53	1	60	1	28	79	48	11	56	21	86	76	78	70	15	67	
28	36	65	97	35	62	33	86	26	27	46	28	33	53	3	29	4	49	10	97	
7	55	49	68	71	82	6	72	20	89	59	88	7	92	47	71	99	13	100	100	
75	39	81	63	65	87	38	20	9	88	11	6	30	81	23	43	55	34	6	19	
11	64	25	68	59	17	7	68	53	21	79	78	86	41	7	71	56	29	20	45	
68	74	3	21	41	66	65	40	9	15	16	45	16	76	34	64	29	40	95	93	
On machine	26
53	50	66	33	27	87	52	52	95	39	26	7	73	95	36	98	65	26	6	37	
40	58	41	57	52	60	10	65	51	77	84	94	16	69	46	27	21	83	79	99	
79	60	7	83	57	6	27	75	33	42	55	68	65	67	94	96	100	62	35	77	
12	21	63	5	95	67	12	62	37	62	13	53	65	30	86	98	17	90	34	6	
22	63	29	9	77	89	93	21	73	86	84	93	77	74	36	96	63	87	57	31	
95	4	9	83	15	43	66	34	68	20	4	17	90	72	65	59	77	91	72	27	
45	54	17	74	11	45	85	40	1	66	6	60	41	93	65	76	62	79	32	67	
85	37	68	74	32	94	42	57	33	59	47	22	22	100	47	90	47	5	74	5	
20	84	35	80	69	72	83	21	81	57	14	6	28	91	58	37	93	30	60	48	
50	16	37	33	67	70	10	38	3	21	28	38	99	29	15	10	10	50	47	8	
3	63	46	84	45	39	51	46	57	2	60	82	72	26	5	23	30	63	17	64	
71	81	68	93	7	21	34	19	59	56	30	50	90	55	47	63	49	16	15	21	
49	55	40	81	36	93	61	30	63	81	28	32	85	46	52	22	74	47	67	32	
38	70	17	91	30	49	19	46	18	98	95	3	1	57	92	52	98	92	38	12	
24	48	77	6	27	82	87	39	5	46	93	55	85	91	48	35	51	47	13	45	
73	8	3	100	75	94	42	57	54	91	64	88	31	26	56	67	21	82	61	5	
44	71	97	5	76	78	24	2	59	31	66	22	46	14	41	35	24	28	53	36	
94	36	99	55	31	97	63	33	41	55	1	27	1	3	20	13	74	38	81	6	
50	8	15	37	96	60	36	9	47	62	73	13	76	43	44	42	26	39	27	29	
28	72	49	96	32	13	74	75	2	43	91	66	94	50	11	86	75	40	76	16	
On machine	27
80	72	25	90	21	80	42	36	71	44	86	17	46	23	61	17	68	4	88	62	
63	87	38	37	58	26	80	82	56	91	85	85	42	30	22	28	90	1	80	3	
46	24	43	22	54	10	82	61	94	98	87	48	79	26	50	47	1	64	36	63	
17	21	17	36	68	69	41	64	51	71	65	11	73	23	17	34	43	62	47	84	
34	89	73	71	59	93	94	45	54	5	57	42	36	94	20	75	38	19	85	7	
43	84	3	64	84	66	82	9	55	2	83	36	22	62	64	7	93	14	9	83	
67	9	69	38	25	82	41	77	94	46	38	29	95	33	6	21	54	95	37	51	
95	80	97	35	6	25	5	43	5	31	35	19	39	87	25	93	39	4	72	36	
29	22	41	51	32	75	37	67	24	58	6	5	47	33	45	89	61	43	24	46	
49	85	47	96	21	46	88	54	56	8	30	59	38	87	6	88	85	4	94	28	
12	87	50	3	8	72	100	19	39	52	77	23	41	91	63	56	29	7	67	8	
80	24	12	77	23	13	68	99	42	34	90	20	15	12	32	22	46	44	22	12	
98	86	61	96	51	91	30	99	29	4	66	29	27	19	34	48	80	31	23	72	
52	77	14	94	57	26	90	18	26	44	51	98	77	28	64	85	97	19	23	2	
33	55	74	99	27	93	52	56	65	91	51	3	81	91	91	43	98	85	10	30	
54	33	46	78	24	40	50	95	70	19	25	99	94	24	29	13	36	8	6	80	
59	23	49	5	56	68	17	50	55	86	71	88	94	65	84	31	57	1	70	27	
44	67	91	41	28	34	5	70	86	49	87	37	81	27	60	32	59	95	63	81	
73	28	46	49	50	51	74	92	74	66	16	95	2	95	10	81	67	64	49	91	
35	56	35	63	49	23	81	32	87	39	41	54	65	71	26	33	31	53	96	77	
On machine	28
15	6	81	3	45	96	22	58	5	86	18	40	79	6	59	18	64	98	23	17	
81	25	9	84	7	45	72	39	59	11	10	70	54	76	19	3	96	41	85	39	
67	10	88	60	78	63	86	3	18	43	45	41	55	36	10	3	28	85	35	10	
99	65	88	78	40	52	72	84	10	24	27	63	12	26	40	15	75	10	82	10	
70	70	48	67	76	1	75	93	10	59	35	87	37	97	66	3	47	27	3	15	
54	100	80	46	92	1	86	60	38	47	53	65	5	99	76	84	13	54	89	29	
60	55	65	79	80	34	16	5	7	20	48	51	97	1	15	13	44	13	45	59	
22	98	61	37	16	11	80	29	53	44	92	28	76	89	81	65	65	86	13	49	
64	82	12	63	33	65	13	24	88	41	25	69	97	83	77	53	71	78	54	12	
6	49	50	67	91	7	76	4	44	59	32	2	89	19	22	7	98	91	70	20	
45	21	14	95	56	1	27	59	52	73	3	59	78	85	38	37	82	79	25	77	
72	40	65	54	55	80	47	78	83	22	21	57	54	77	18	99	21	65	51	3	
20	45	27	1	94	92	65	16	39	97	7	45	27	56	67	34	84	32	76	52	
76	91	2	16	69	11	95	88	31	48	19	2	23	91	38	1	85	74	33	48	
51	98	69	4	64	36	46	98	55	99	13	67	57	6	94	22	63	79	24	47	
75	71	77	69	4	31	95	16	4	22	68	18	56	95	76	14	70	26	17	9	
27	56	99	75	95	80	2	3	58	42	68	59	99	53	24	16	14	49	48	28	
73	28	63	29	45	63	53	85	97	68	16	67	91	53	1	32	83	55	43	42	
73	8	10	94	53	92	98	31	86	73	62	76	74	44	40	33	47	18	35	38	
44	24	13	3	15	4	77	54	52	77	91	82	91	67	83	80	76	7	81	97	
On machine	29
65	1	16	56	41	41	20	36	69	6	4	91	8	42	79	29	45	100	89	94	
95	48	88	2	60	75	11	13	14	18	19	77	48	35	90	7	90	100	46	10	
58	40	59	67	72	59	19	35	59	44	61	84	44	56	7	55	11	66	88	73	
97	49	25	64	14	45	57	52	2	55	42	98	4	2	14	43	10	97	53	65	
38	79	65	26	98	2	43	51	11	65	43	65	19	87	87	20	16	69	100	17	
23	6	60	31	68	26	99	53	92	19	81	19	95	32	55	44	40	25	57	70	
93	7	87	64	27	85	62	47	16	92	60	44	67	80	93	52	23	77	13	58	
68	50	28	76	49	64	39	30	31	22	93	25	27	12	93	46	99	57	85	77	
61	17	24	65	24	94	82	96	74	80	39	80	92	24	60	38	76	27	29	78	
58	45	61	45	69	50	80	17	66	40	17	53	81	74	13	15	14	14	56	18	
95	74	13	60	92	95	58	76	38	42	74	54	33	61	97	20	26	38	92	54	
75	58	60	90	40	58	94	23	73	85	34	82	34	35	80	33	46	60	11	60	
97	42	62	62	66	7	61	11	75	39	22	80	42	14	20	78	81	82	99	71	
58	19	53	41	24	89	39	92	49	70	20	43	13	62	91	89	77	25	70	65	
10	79	61	74	23	39	36	95	57	82	4	9	74	24	6	85	87	53	41	30	
48	46	31	68	68	8	100	44	65	18	65	33	12	64	88	72	41	57	83	32	
38	51	29	24	7	35	3	66	21	96	93	66	95	68	74	67	95	20	52	77	
90	59	67	15	12	9	100	77	3	63	100	38	38	69	78	3	74	58	34	36	
33	98	92	78	4	40	86	16	25	27	35	2	75	66	82	54	52	70	97	26	
91	36	100	83	16	1	86	92	22	69	94	43	55	9	62	86	36	7	73	19	
On machine	30
31	12	86	98	35	30	78	21	59	78	4	90	49	18	27	10	68	58	89	27	
62	38	89	6	13	92	12	57	72	60	51	87	37	21	88	3	60	66	84	52	
90	91	29	56	29	79	98	50	94	97	47	53	69	12	95	21	57	3	40	80	
23	84	29	65	44	68	60	28	37	83	23	57	80	22	94	19	94	31	48	44	
82	73	3	28	67	81	52	25	23	18	26	66	17	36	64	5	32	55	24	28	
86	26	81	24	68	26	22	65	10	44	92	49	32	64	14	50	100	12	79	51	
88	14	17	75	19	70	68	11	16	6	95	52	9	49	75	58	97	73	87	67	
27	100	76	39	66	37	50	79	50	97	47	5	71	74	64	52	27	74	94	41	
71	85	50	73	66	28	2	18	5	8	50	93	64	16	50	12	48	46	40	41	
94	59	24	97	52	74	38	56	56	50	15	48	80	15	27	7	57	57	75	62	
86	69	52	90	88	45	21	9	69	56	35	23	98	23	63	5	90	80	70	85	
41	5	54	41	84	81	6	58	91	10	60	18	28	95	31	47	99	7	26	8	
35	94	34	78	31	20	73	45	46	81	37	58	82	9	72	3	2	58	38	21	
64	73	65	43	39	59	82	46	87	38	98	14	10	56	13	66	69	65	67	12	
41	38	91	94	85	4	89	55	56	57	66	58	67	12	15	47	63	82	42	54	
7	21	43	78	9	83	71	43	54	16	50	96	2	84	62	23	74	92	70	69	
3	3	76	83	69	90	94	19	13	100	95	55	71	25	73	48	79	95	80	45	
60	32	51	36	95	43	88	19	51	73	14	89	55	7	78	18	92	45	31	91	
8	19	17	4	66	88	1	51	90	86	18	95	57	63	77	66	55	79	93	48	
66	70	69	29	52	48	55	20	89	22	4	89	25	83	67	13	79	92	38	71	
On machine	31
15	28	46	18	64	5	68	24	9	32	47	12	69	61	48	77	59	55	29	99	
5	11	94	68	43	28	5	31	50	89	92	36	20	19	46	74	3	74	93	76	
68	18	58	28	67	90	31	39	41	67	99	93	4	78	78	20	82	94	40	28	
15	65	23	45	46	16	97	86	94	16	89	63	28	41	98	90	14	78	29	93	
90	36	80	45	8	1	59	61	85	5	55	92	65	75	67	93	88	71	84	11	
55	63	31	50	83	37	25	97	48	49	62	53	32	60	52	21	41	5	54	6	
5	24	77	69	52	97	84	46	83	12	77	79	24	88	9	68	2	17	82	10	
34	97	6	24	94	94	49	69	74	23	23	28	58	41	48	5	82	95	83	95	
20	21	3	69	73	75	58	7	66	42	31	25	46	68	89	70	3	67	74	86	
73	27	52	25	80	82	20	60	1	99	3	75	32	57	44	5	43	16	37	83	
47	62	45	75	98	42	46	45	68	81	54	40	29	95	35	50	32	54	93	11	
47	7	88	25	33	24	29	14	23	14	86	5	25	43	2	58	82	18	60	41	
20	63	19	98	93	60	79	95	61	70	58	94	16	77	92	37	69	60	45	59	
21	18	83	58	10	75	55	94	26	29	22	20	91	21	66	40	35	10	60	51	
60	88	88	87	89	44	89	81	18	20	73	93	91	41	22	89	40	48	70	36	
19	78	24	4	9	79	65	58	9	11	53	33	55	34	87	55	85	70	77	26	
14	69	35	33	46	49	18	8	86	45	29	29	72	45	94	76	58	59	91	14	
19	40	56	60	7	70	22	84	87	50	20	83	83	79	3	82	6	18	63	27	
12	99	77	20	29	67	58	45	38	88	48	90	29	3	32	78	71	8	51	82	
16	23	55	85	67	61	24	83	37	77	51	90	94	1	17	6	46	80	85	91	
On machine	32
51	41	37	19	78	27	12	70	96	31	39	55	35	98	63	60	35	4	92	23	
90	9	84	19	24	73	38	55	92	44	74	18	72	51	37	48	57	33	92	50	
67	13	99	56	20	41	5	49	73	5	45	77	62	23	16	73	85	8	21	73	
39	11	36	20	17	12	47	75	50	60	65	33	45	31	37	12	36	11	40	80	
68	38	72	30	64	25	35	55	1	41	42	88	41	16	20	73	50	41	96	83	
88	60	5	45	46	28	15	98	89	56	6	48	97	45	87	97	37	6	89	24	
25	74	70	90	62	79	80	79	47	13	75	33	78	1	27	29	20	58	18	81	
44	11	40	49	5	1	86	49	75	86	82	85	42	56	69	16	95	43	11	75	
11	71	39	38	9	55	97	89	24	33	70	94	30	49	34	27	82	13	15	23	
51	99	42	10	96	52	80	25	25	65	87	34	53	7	54	49	10	50	36	76	
34	79	67	83	24	95	53	32	100	31	99	87	14	52	72	50	46	14	3	65	
95	16	49	94	66	28	16	5	35	14	33	94	79	81	79	6	98	34	52	32	
97	40	21	38	57	68	94	61	26	61	17	25	11	83	19	51	67	89	40	48	
68	33	11	28	85	79	4	7	85	58	100	88	97	11	41	25	41	94	22	52	
80	49	61	6	27	10	42	24	16	42	35	39	44	25	34	25	22	63	76	59	
98	37	11	41	66	65	39	62	26	8	4	99	30	72	51	90	100	31	8	71	
27	97	12	48	76	24	91	20	73	53	92	42	4	33	43	48	35	71	40	51	
91	8	43	77	42	54	18	69	4	55	78	76	20	30	27	13	16	90	97	97	
26	24	60	44	84	54	89	2	60	36	34	88	23	48	79	98	40	46	36	64	
78	47	22	14	97	23	29	20	41	20	74	67	50	89	41	1	41	67	73	14	
On machine	33
74	69	59	7	98	58	51	75	98	86	47	30	7	4	33	7	24	15	32	1	
71	49	65	55	78	73	6	88	25	39	61	43	43	65	18	24	27	66	55	90	
85	89	87	38	50	9	25	39	75	64	50	98	18	97	64	22	68	82	55	13	
89	75	85	52	91	33	89	54	11	73	79	49	54	36	1	40	29	96	73	35	
30	36	82	45	29	80	99	64	82	98	48	26	100	34	6	5	90	87	3	84	
31	79	98	87	95	48	88	61	25	15	59	59	15	94	18	57	70	66	73	61	
23	87	12	50	61	78	78	52	45	81	81	4	7	64	63	18	88	89	65	90	
82	43	64	54	4	58	94	8	64	33	28	19	4	42	4	73	79	4	81	53	
56	64	65	20	75	11	37	64	59	9	17	56	10	14	26	57	45	54	44	18	
17	62	5	3	94	21	23	50	48	79	39	58	82	49	62	51	33	35	49	13	
6	45	71	9	87	92	43	42	78	15	82	62	100	32	68	79	23	92	26	73	
92	80	66	30	96	27	96	98	73	59	46	76	66	26	28	75	21	57	59	27	
22	75	67	76	69	94	9	18	10	18	83	41	86	22	41	54	89	92	7	18	
22	87	39	42	99	18	80	88	54	72	50	99	46	33	80	48	97	46	100	97	
28	5	53	90	91	42	71	29	49	20	71	11	62	45	20	30	1	16	15	90	
12	66	72	8	33	39	6	44	84	64	57	59	20	37	36	21	30	42	50	94	
34	16	35	22	32	2	65	51	34	10	91	62	95	35	32	80	74	71	50	30	
65	21	99	49	76	47	40	87	92	40	44	20	100	29	32	86	84	45	9	70	
66	24	11	42	72	98	29	47	85	66	5	22	29	91	20	82	70	22	20	40	
69	48	10	89	43	37	63	1	81	68	6	16	63	58	39	95	54	27	3	98	
On machine	34
33	12	47	58	72	82	82	84	37	84	78	71	1	86	50	98	91	95	54	80	
99	10	73	67	72	80	5	100	6	28	72	7	41	7	28	95	7	2	17	19	
56	16	21	79	40	31	16	6	35	44	22	11	43	46	83	5	49	54	3	18	
98	20	27	67	11	25	5	73	33	91	19	36	79	44	22	47	38	79	28	27	
74	52	39	93	89	64	33	81	20	100	32	100	7	45	22	53	26	20	76	2	
69	4	93	8	15	30	52	61	45	4	47	42	49	28	88	78	50	74	35	66	
78	38	96	81	93	97	31	47	9	97	43	36	91	45	47	30	11	60	53	17	
39	95	58	100	31	42	43	83	73	98	43	95	56	29	38	11	27	7	25	64	
3	69	35	71	35	64	79	1	99	56	20	33	26	62	17	97	74	92	21	91	
88	39	30	87	67	59	53	83	32	62	13	67	53	92	56	70	93	91	67	50	
76	87	41	45	45	77	38	83	18	60	2	62	58	66	48	68	7	72	43	23	
67	22	95	71	48	79	92	36	86	18	89	8	30	88	20	36	40	71	66	98	
65	31	49	62	47	89	32	85	40	81	28	96	62	31	99	78	40	20	52	53	
28	33	23	16	8	54	63	79	64	5	89	64	5	59	38	8	1	51	69	92	
82	98	13	14	23	12	71	7	6	42	59	61	67	63	69	21	10	4	63	58	
69	42	55	81	90	91	93	75	37	65	7	61	14	99	70	36	93	24	81	80	
96	83	86	47	12	23	58	15	10	73	91	68	88	39	22	45	55	78	80	56	
29	40	40	89	12	72	20	54	76	99	71	59	11	16	36	84	65	60	55	63	
43	88	48	58	96	82	9	11	73	15	35	45	34	85	87	78	39	89	60	38	
57	19	69	78	33	84	18	41	51	64	21	86	92	58	53	7	26	52	33	74	
On machine	35
98	43	48	25	80	38	33	81	98	74	64	15	76	85	27	96	81	51	19	12	
14	82	83	69	80	83	12	97	71	73	2	29	79	73	76	70	7	93	28	19	
52	67	96	45	73	34	95	26	53	91	94	52	95	16	56	89	79	69	19	17	
64	9	56	47	55	28	3	37	10	81	62	50	83	72	43	66	19	85	46	71	
8	18	43	13	25	36	29	78	31	96	65	77	39	23	98	3	45	80	90	92	
32	56	51	78	60	36	83	46	65	21	17	6	81	21	10	62	16	68	79	27	
29	42	9	38	80	49	22	86	61	38	11	99	18	58	78	23	97	17	84	53	
70	17	78	82	11	67	47	85	95	55	78	54	65	7	82	89	68	41	52	63	
71	85	28	37	70	41	42	6	100	51	81	7	61	85	34	84	24	66	25	52	
37	98	21	11	17	51	1	94	44	51	23	63	46	72	94	22	26	50	8	76	
3	37	98	52	73	42	38	62	41	4	74	14	77	84	33	17	70	91	25	62	
26	61	17	98	44	55	52	21	36	55	99	8	30	99	18	44	34	4	63	38	
55	75	14	46	39	18	49	20	47	7	6	13	24	24	46	25	51	90	58	25	
75	99	10	13	20	9	24	15	10	60	15	71	55	64	100	45	7	7	14	12	
87	45	10	75	95	3	3	90	93	32	26	53	30	51	1	93	41	35	70	44	
44	6	77	78	4	19	48	76	18	1	80	90	67	62	67	7	56	70	41	80	
61	41	88	73	9	16	1	2	63	40	94	65	100	12	76	41	98	73	55	27	
52	59	10	55	72	3	86	30	5	26	38	84	75	34	85	71	44	31	29	69	
80	47	48	10	43	87	81	40	25	88	7	69	100	76	25	65	32	22	35	69	
44	27	29	22	49	66	97	76	82	32	70	70	47	1	22	25	74	44	60	100	
On machine	36
31	65	6	7	88	33	59	22	29	77	71	99	15	42	22	42	56	100	14	93	
28	5	13	52	73	4	90	60	43	88	37	53	22	14	81	34	22	42	67	31	
3	72	48	90	65	65	74	74	41	45	41	29	43	51	44	48	52	44	86	21	
95	66	64	52	3	70	73	68	37	83	30	35	21	23	8	3	2	17	8	26	
23	40	2	21	7	100	36	39	19	36	79	54	15	89	58	89	41	80	68	45	
57	79	95	79	83	17	35	68	45	25	10	63	53	88	90	48	71	43	78	23	
46	18	94	53	49	14	14	58	64	68	80	69	9	66	28	88	22	80	87	36	
82	61	16	98	92	26	84	7	38	7	92	91	61	7	92	98	47	66	42	3	
44	96	92	56	69	46	6	68	59	85	74	35	64	9	74	61	93	54	69	47	
47	86	54	86	59	93	32	58	88	28	10	17	51	5	100	15	81	38	75	77	
72	39	58	99	58	93	61	52	72	93	23	57	4	71	31	66	98	20	35	11	
38	57	81	75	78	33	44	91	48	52	23	43	65	61	22	49	46	3	77	26	
3	40	47	60	16	34	54	88	70	47	85	21	12	19	51	82	53	28	98	34	
14	34	16	17	66	19	71	22	97	78	35	9	37	92	69	4	17	47	98	85	
56	48	13	33	57	56	40	87	25	20	13	2	7	89	30	68	5	44	22	42	
100	82	100	86	63	52	68	53	43	93	36	90	8	13	29	31	26	26	53	93	
56	43	4	13	68	65	94	9	17	13	38	62	42	52	41	32	40	61	30	67	
73	73	59	86	45	71	4	60	95	55	59	46	5	100	66	56	10	32	87	6	
80	79	85	32	40	75	49	61	49	33	30	93	58	76	15	66	50	41	81	85	
57	56	85	48	28	64	35	81	23	2	100	5	54	52	29	87	46	8	46	24	
On machine	37
84	74	19	87	38	29	82	78	67	58	66	98	16	73	78	97	6	16	27	29	
51	10	55	7	23	92	23	33	52	57	18	67	55	18	58	76	65	63	59	27	
76	90	38	97	13	18	59	12	39	24	21	55	14	89	23	38	14	50	99	94	
96	81	3	82	82	65	24	9	67	17	42	21	94	88	88	2	52	57	28	46	
40	17	16	82	34	92	44	54	55	56	95	21	85	70	95	66	48	35	97	69	
41	81	36	19	16	78	3	36	43	60	39	7	73	4	62	17	20	9	43	85	
38	39	53	33	89	77	51	93	57	59	68	84	96	67	84	94	49	59	20	68	
51	79	57	64	83	3	64	49	51	9	59	87	73	88	22	62	35	84	11	68	
60	27	39	23	80	28	86	96	76	89	91	62	95	34	68	97	38	54	5	66	
48	98	23	25	96	31	18	4	62	84	49	98	26	77	36	72	63	60	40	77	
28	85	49	26	59	80	77	49	5	42	76	80	47	38	77	64	46	52	76	93	
43	59	21	74	47	68	66	47	13	40	71	88	44	34	59	83	74	28	42	90	
69	16	81	29	84	13	51	41	93	39	2	79	63	75	10	63	83	3	63	68	
3	60	83	38	16	84	15	86	91	20	77	13	71	52	15	95	34	9	5	49	
12	58	93	9	39	43	61	55	74	36	41	74	76	52	45	72	60	21	23	6	
22	56	27	96	76	70	73	47	70	84	70	15	85	20	27	2	68	94	76	27	
23	44	96	32	12	8	1	70	41	5	35	36	47	98	63	90	85	23	100	50	
54	68	9	6	3	31	95	67	73	19	70	70	33	17	13	71	37	86	23	39	
1	77	20	63	80	36	14	10	85	57	29	42	88	31	60	35	9	53	61	99	
77	3	71	34	8	54	57	40	30	17	68	88	85	49	28	54	94	61	41	65	
On machine	38
45	79	7	46	32	87	86	28	65	69	3	54	80	73	65	73	90	44	53	30	
24	38	26	96	71	94	90	38	41	22	17	65	14	74	83	100	98	90	8	52	
14	54	49	80	53	79	66	62	12	84	72	24	85	99	82	100	26	22	57	91	
88	84	18	78	50	18	89	62	39	12	88	95	74	22	60	21	57	56	64	66	
85	13	39	21	9	94	19	21	28	61	99	68	30	17	35	99	76	74	34	29	
48	23	5	64	62	15	33	77	52	98	58	8	23	55	26	27	23	7	70	17	
26	52	23	37	1	72	88	81	98	40	10	2	42	11	40	91	70	6	79	96	
93	97	12	26	49	65	85	93	32	76	74	25	30	86	57	9	68	51	83	19	
80	8	17	93	24	57	14	25	9	13	4	56	67	3	4	71	21	14	13	5	
70	64	9	28	86	34	50	34	63	55	11	25	17	65	59	96	94	91	41	27	
50	15	53	77	86	51	55	65	41	91	16	22	72	58	80	16	76	65	41	42	
13	100	34	62	35	21	78	47	11	76	20	42	82	100	34	41	33	20	42	80	
54	22	55	44	4	65	14	6	76	2	64	86	91	77	6	63	31	46	19	27	
25	71	44	10	74	93	34	21	31	35	84	84	7	25	30	81	98	22	68	73	
90	6	92	83	4	90	61	53	47	76	33	76	48	49	59	63	80	46	13	33	
9	29	65	58	66	26	2	39	41	20	49	2	88	47	16	38	57	16	17	64	
56	41	32	19	57	51	21	15	68	48	40	69	23	99	95	96	64	79	25	81	
3	76	88	39	47	20	4	60	12	81	16	7	65	24	55	64	68	62	97	76	
14	88	100	71	40	49	76	12	59	16	72	60	81	51	41	1	23	44	6	6	
89	63	70	14	91	65	69	53	58	44	98	39	19	35	47	4	64	14	23	12	
On machine	39
98	14	55	79	83	42	83	67	81	32	91	64	43	45	77	1	24	85	36	100	
41	30	14	77	76	15	13	97	65	33	94	99	88	19	22	32	21	81	52	89	
63	41	67	23	71	12	17	63	12	25	41	76	42	83	51	73	33	98	81	99	
41	93	8	95	89	70	99	45	73	60	79	69	33	56	42	56	54	37	28	3	
33	36	92	48	67	59	61	90	52	14	62	14	38	96	89	65	73	24	77	93	
96	39	47	3	99	40	55	2	8	40	31	85	10	88	64	21	86	4	99	97	
45	75	97	82	68	91	45	34	43	3	11	13	52	46	86	9	5	76	22	26	
17	35	98	13	90	46	81	90	72	34	2	24	10	46	67	17	95	7	69	62	
64	86	60	72	11	91	22	38	26	44	34	62	83	91	74	36	34	35	86	53	
52	11	13	82	73	45	94	59	53	47	81	29	60	89	6	31	50	72	39	22	
37	37	7	53	71	99	93	4	98	12	9	31	77	44	82	96	52	47	29	46	
65	76	31	74	52	64	89	68	92	71	16	98	44	28	99	73	98	84	59	12	
81	42	27	75	20	58	16	12	29	48	40	56	41	26	44	16	48	83	44	99	
95	25	31	45	26	38	93	46	8	16	27	56	69	27	1	14	67	61	84	46	
41	74	53	40	98	78	99	66	60	12	83	35	98	55	56	75	53	82	36	68	
18	88	81	67	24	48	63	73	42	78	89	4	7	31	6	36	27	38	68	74	
83	1	13	24	39	49	95	34	5	67	41	68	50	13	15	91	28	85	75	9	
85	68	23	32	93	58	94	32	16	9	44	14	69	52	6	67	69	34	68	8	
76	64	31	12	55	99	51	26	29	82	56	12	21	23	6	84	71	19	62	94	
31	19	35	16	78	24	35	15	81	90	75	31	59	48	53	50	11	53	46	59	
On machine	40
65	27	36	40	23	96	64	26	18	96	6	56	49	37	97	47	27	55	13	81	
13	87	38	79	59	62	4	27	58	36	29	44	12	48	43	15	46	54	15	96	
41	29	26	17	31	14	55	50	5	64	40	43	57	23	71	46	15	7	31	74	
62	93	19	26	7	87	69	66	11	65	18	44	93	59	4	94	3	47	83	9	
24	91	14	16	64	86	57	98	20	47	64	57	83	16	47	81	20	10	44	28	
31	95	62	38	8	93	75	79	38	95	31	68	84	5	73	73	18	49	73	81	
3	62	68	57	40	29	7	62	99	83	47	13	51	18	96	25	15	35	66	48	
23	75	2	61	31	90	74	51	29	48	45	1	67	27	79	77	21	83	26	66	
11	87	18	1	66	47	55	97	52	63	77	85	83	50	29	41	41	77	58	48	
68	58	84	88	38	45	14	82	71	40	8	79	65	40	11	58	68	78	32	11	
94	34	91	48	13	97	17	34	2	38	9	71	48	43	11	34	20	12	90	32	
92	64	83	35	8	29	60	6	79	64	30	42	2	15	75	37	62	91	43	25	
84	72	20	9	10	53	81	55	48	74	39	11	42	72	12	92	69	60	30	24	
48	90	89	65	40	7	31	72	14	36	51	68	23	95	3	43	48	91	84	98	
92	25	31	87	78	89	91	30	88	77	34	2	77	84	60	98	41	45	86	44	
98	53	46	27	96	38	14	90	99	63	5	15	41	66	82	49	67	98	35	22	
64	29	81	63	27	29	89	98	50	84	18	16	42	21	7	51	70	35	26	45	
3	29	20	65	23	43	31	38	81	95	8	15	36	82	45	53	6	57	98	78	
88	17	96	4	60	6	47	57	44	17	76	1	100	57	62	73	40	67	56	38	
33	31	24	62	56	79	2	90	79	82	14	93	73	65	21	66	48	34	74	42	
On machine	41
77	26	51	53	25	43	56	35	77	89	27	54	64	65	3	32	63	45	64	86	
6	79	50	75	8	20	94	55	16	70	97	69	8	4	95	94	32	58	89	100	
50	88	6	65	62	96	6	23	53	45	65	26	81	7	50	49	30	14	96	47	
16	93	88	31	30	24	58	4	82	90	71	71	63	54	42	52	80	90	24	90	
30	18	47	60	22	92	80	19	52	50	78	32	29	50	40	90	54	8	33	62	
82	79	89	92	56	4	64	55	99	21	30	90	32	92	29	9	66	57	94	81	
66	74	70	81	95	98	82	17	96	10	76	1	93	16	89	35	17	33	46	21	
75	45	91	63	79	7	47	22	23	62	91	94	84	46	84	12	81	63	73	41	
63	29	82	21	94	54	54	1	13	96	88	31	19	50	14	77	74	95	62	33	
66	19	27	82	75	23	35	92	3	52	92	93	37	46	67	8	54	68	29	41	
66	81	39	65	40	74	93	48	21	57	36	21	81	1	43	60	84	9	52	28	
71	28	87	63	63	22	54	4	13	95	41	42	87	78	76	7	79	57	45	20	
57	43	63	91	52	42	81	58	99	13	31	18	1	72	37	14	22	54	66	64	
92	80	78	60	42	34	97	44	76	76	45	7	87	77	91	69	43	12	68	10	
57	36	99	25	40	42	32	30	100	51	27	54	76	52	58	4	65	53	18	42	
67	37	70	56	43	19	23	48	59	98	97	2	37	42	94	16	30	32	12	87	
28	81	82	93	78	8	20	86	78	1	85	91	78	65	25	81	20	1	83	93	
44	17	71	23	1	68	100	26	93	31	21	44	37	67	60	60	84	91	91	54	
40	45	31	86	90	75	41	56	99	83	46	3	25	28	45	6	97	18	50	34	
33	51	41	64	43	63	3	79	9	63	57	56	84	30	23	10	55	54	76	27	
On machine	42
68	40	64	95	94	28	13	3	59	28	62	25	69	100	26	65	59	54	90	80	
18	4	42	94	36	59	94	79	75	85	35	100	56	54	33	7	46	15	80	56	
11	19	53	3	63	58	81	35	64	66	11	11	22	15	13	88	33	9	78	96	
50	42	47	89	13	63	24	90	16	38	60	22	24	91	59	44	89	59	4	93	
76	46	65	14	51	95	88	58	81	14	15	36	46	8	39	48	44	54	79	27	
26	61	11	56	13	71	56	48	66	34	27	88	47	2	9	80	12	46	50	98	
21	66	8	42	7	32	36	45	51	100	88	36	49	33	71	88	26	78	52	16	
79	16	13	74	54	86	57	62	100	88	60	49	36	80	55	1	48	39	13	92	
66	89	14	46	66	32	86	64	13	99	60	93	83	100	15	8	4	38	65	55	
37	92	30	20	74	39	47	13	71	45	37	96	58	12	28	79	86	35	55	89	
60	76	58	70	48	21	55	91	46	90	4	17	32	65	50	11	97	56	56	1	
28	66	14	53	48	52	5	2	44	88	99	36	82	40	58	50	52	19	22	65	
41	48	22	89	92	82	42	42	74	51	49	38	34	76	28	8	20	38	39	99	
46	70	77	68	93	47	41	65	24	23	10	26	20	72	100	73	97	67	1	90	
37	44	43	39	79	41	99	38	40	77	74	70	38	36	9	18	52	74	10	60	
11	2	12	45	64	87	30	1	44	74	36	85	67	34	25	16	37	32	49	40	
83	40	31	39	37	53	76	17	4	38	24	60	34	100	75	58	33	88	38	50	
100	25	25	30	81	6	71	93	65	25	64	35	92	38	53	75	98	84	9	42	
100	25	39	98	63	20	40	73	46	53	13	4	93	35	23	56	54	42	97	44	
32	3	68	77	24	89	24	24	32	24	89	23	90	82	28	22	47	70	62	30	
On machine	43
18	81	51	19	95	39	82	56	83	99	31	61	81	5	31	43	34	30	67	92	
28	50	97	10	77	54	26	93	73	2	26	1	44	71	88	30	8	78	87	11	
23	56	13	45	55	48	22	42	90	14	66	5	23	64	4	61	10	99	68	99	
79	14	45	37	87	93	17	53	92	37	64	17	95	32	64	79	76	43	79	20	
27	47	59	68	92	100	22	84	24	97	15	84	63	65	80	39	61	11	85	42	
75	33	79	79	34	96	24	6	55	11	97	37	24	38	3	99	22	15	76	9	
74	42	42	64	89	5	17	2	19	38	56	51	24	37	9	68	11	26	30	72	
49	98	14	99	12	95	41	31	44	89	28	92	22	60	90	73	32	45	72	39	
25	42	53	49	73	8	69	22	1	14	95	24	59	41	82	81	48	10	59	27	
36	93	58	85	68	22	32	99	49	7	88	13	57	54	8	74	83	58	68	30	
14	78	27	8	5	64	19	62	61	18	60	95	2	50	86	44	62	27	61	97	
100	4	89	7	7	68	96	11	85	71	38	71	96	28	9	97	47	29	38	68	
16	27	59	84	61	36	79	75	4	34	13	99	57	42	13	52	63	66	62	61	
40	97	62	49	54	31	88	8	52	45	15	28	55	41	52	61	64	35	88	1	
86	29	39	94	32	94	25	50	69	88	73	31	53	73	18	18	91	21	92	33	
42	25	79	5	71	21	72	88	24	54	45	39	21	77	62	58	95	59	21	2	
75	96	42	33	6	74	61	9	61	47	55	15	13	86	84	18	3	44	20	31	
74	42	13	70	30	27	52	74	25	19	37	65	23	48	65	84	71	26	58	82	
21	95	15	75	7	18	61	100	76	1	43	100	72	83	8	16	3	11	33	57	
35	59	17	63	78	62	34	46	43	14	85	62	10	36	3	6	6	58	65	53	
On machine	44
37	26	7	33	60	5	56	21	78	68	53	5	4	95	58	62	11	58	54	46	
72	21	56	68	22	95	23	53	32	97	62	84	83	5	57	64	50	92	91	3	
53	15	51	47	14	45	48	89	64	60	85	28	64	23	9	77	78	27	32	60	
84	11	22	32	63	60	76	36	49	75	89	63	99	27	57	17	55	60	30	56	
62	6	69	50	27	80	11	43	62	58	41	80	82	18	21	43	87	44	22	94	
34	7	19	77	78	5	20	9	11	92	17	14	100	3	61	63	39	48	81	26	
19	12	92	30	74	85	92	40	21	44	96	85	89	62	80	8	35	54	86	42	
12	91	63	99	4	52	100	97	40	16	89	82	73	77	100	58	63	7	55	30	
90	95	50	39	31	70	52	46	41	20	78	25	31	21	73	8	29	63	30	14	
15	77	47	25	11	58	56	62	15	24	81	54	72	9	34	21	40	19	26	66	
15	91	47	74	79	1	90	2	52	14	76	62	35	10	53	13	20	83	67	64	
26	84	36	80	8	34	53	85	55	94	32	70	57	51	2	80	36	35	2	46	
63	80	70	17	44	16	20	5	3	38	15	71	42	32	42	17	35	23	81	36	
2	2	39	9	2	71	30	91	86	54	10	82	18	48	4	100	34	80	19	6	
83	29	75	32	29	13	33	16	55	95	16	54	4	48	23	20	24	58	91	22	
78	52	19	96	30	63	13	25	21	95	12	99	1	87	60	18	29	9	56	15	
94	6	37	15	53	98	36	90	9	71	67	71	59	59	55	39	68	37	33	41	
62	83	45	45	95	52	58	11	33	89	8	46	87	2	7	82	29	76	99	100	
37	48	7	72	44	1	14	82	59	37	87	54	29	34	68	8	70	60	14	38	
38	45	7	35	96	85	2	43	82	41	51	18	87	72	2	44	56	65	41	88	
On machine	45
75	36	47	96	40	45	31	35	66	14	26	86	41	48	62	26	3	8	60	36	
75	52	29	53	12	73	23	16	59	66	41	15	45	33	72	34	28	86	31	36	
58	69	9	68	57	38	34	3	8	22	96	63	19	39	49	93	93	99	4	85	
40	15	21	86	39	98	20	26	7	46	2	5	90	80	43	66	78	76	90	87	
44	95	58	30	33	90	82	68	39	61	59	9	61	55	5	1	43	78	21	11	
21	68	35	57	21	28	57	93	96	64	67	80	1	2	60	86	9	45	20	50	
5	31	29	55	73	66	26	26	41	89	80	46	43	24	74	41	85	57	22	20	
77	43	9	21	32	42	74	24	99	8	7	20	78	16	42	2	90	81	49	65	
32	12	86	79	20	55	49	35	12	74	76	67	87	14	85	35	96	20	4	20	
59	63	12	9	95	34	22	9	67	59	68	53	8	14	6	38	81	78	26	65	
2	21	5	26	12	97	98	84	42	22	20	51	34	58	46	69	20	78	27	18	
62	65	46	54	75	65	7	49	61	98	25	27	69	53	31	84	40	54	49	82	
20	7	29	38	6	74	42	60	11	39	8	50	78	42	29	80	86	61	97	62	
91	50	58	78	11	36	17	93	12	17	55	14	49	77	75	60	21	68	100	83	
19	61	90	60	76	80	44	56	22	76	57	85	98	36	62	86	30	53	34	19	
96	89	61	43	3	85	65	19	16	35	100	17	13	99	2	71	91	81	35	15	
73	23	90	70	53	68	4	19	69	52	97	49	90	46	4	44	88	58	56	67	
16	83	51	93	83	41	34	34	46	8	43	24	21	9	70	6	68	40	19	3	
92	55	47	71	48	85	94	74	75	19	38	44	97	41	26	40	16	63	50	98	
80	85	75	79	4	61	5	35	95	20	96	100	19	8	53	4	59	94	66	22	
On machine	46
13	64	93	23	91	15	17	3	26	86	46	15	14	63	86	27	32	65	43	93	
47	39	30	35	61	92	77	44	48	23	38	80	68	48	78	59	63	53	54	73	
33	4	31	98	88	86	69	42	18	32	61	52	21	52	38	26	28	82	51	78	
90	49	99	61	49	31	32	14	20	20	8	35	2	15	100	61	92	39	59	45	
5	69	11	98	76	29	31	67	95	30	37	17	12	12	55	94	48	23	9	72	
61	87	87	60	12	26	94	94	90	29	36	93	64	100	14	88	73	62	42	72	
51	29	20	49	48	2	28	71	50	41	6	10	17	59	95	46	24	53	57	21	
43	19	80	1	59	33	51	31	48	33	35	22	38	7	36	9	4	78	40	22	
48	67	21	28	72	99	46	13	96	56	12	90	67	79	51	12	74	64	3	68	
63	54	38	56	1	58	69	6	34	38	39	25	17	45	54	91	14	96	19	99	
29	76	19	52	94	8	19	49	58	4	49	28	50	16	40	21	84	73	26	33	
92	25	23	85	32	87	28	16	37	89	52	84	52	75	33	50	82	74	55	78	
97	24	32	98	99	68	80	39	96	66	52	33	84	90	16	67	75	32	61	88	
54	4	43	41	88	4	43	41	10	48	79	11	60	80	18	71	22	30	7	22	
14	39	63	39	88	87	40	79	38	45	56	85	40	59	57	11	45	88	52	9	
39	19	11	80	43	16	36	75	75	39	80	13	13	56	97	56	12	50	95	36	
15	93	19	82	70	32	100	23	88	86	17	69	31	9	54	36	44	66	98	77	
89	67	42	49	9	24	64	78	27	23	40	25	22	71	96	75	3	38	82	15	
10	85	25	69	44	55	85	49	26	76	91	30	97	84	4	42	32	71	89	92	
67	82	67	30	14	60	92	95	1	58	92	72	47	1	38	36	48	90	32	82	
On machine	47
51	65	32	3	72	49	45	38	34	85	63	65	63	21	55	39	79	54	71	80	
36	25	69	82	60	26	59	82	100	4	60	100	73	50	32	69	1	94	44	5	
100	12	51	36	55	100	57	28	78	71	20	57	51	32	55	71	7	85	90	50	
11	1	43	95	22	18	86	7	44	52	79	86	8	100	16	8	35	11	77	99	
51	21	29	40	53	68	95	3	16	79	15	22	2	16	71	7	20	31	34	89	
7	10	15	50	26	94	99	74	65	32	95	61	37	89	22	14	68	87	71	65	
86	8	61	46	26	37	71	33	53	18	53	44	19	82	49	3	44	96	68	52	
69	71	70	13	94	38	37	76	25	71	79	100	75	5	37	77	27	34	69	30	
21	24	40	89	51	91	41	28	35	50	92	69	20	75	29	86	78	61	66	9	
38	73	88	61	22	57	41	54	64	88	11	88	39	17	35	49	1	24	16	47	
6	42	81	34	70	99	20	29	48	4	36	80	37	55	6	94	90	78	100	6	
7	28	66	46	61	38	47	31	87	34	38	39	42	53	4	74	44	11	50	76	
26	2	13	14	5	61	62	28	7	17	13	95	30	75	99	41	26	30	7	97	
98	54	95	48	43	86	35	39	7	24	72	21	90	70	94	86	21	9	33	31	
77	56	26	76	67	53	16	30	31	50	75	61	65	21	88	64	100	74	62	29	
88	63	69	88	83	56	9	56	7	26	95	36	26	78	51	50	8	28	68	94	
86	37	87	62	41	98	84	8	70	57	94	88	96	86	26	25	75	38	11	59	
63	93	64	90	78	100	20	87	6	86	69	45	99	57	95	3	49	63	77	61	
82	85	19	31	7	46	75	68	46	93	100	54	4	16	6	74	95	96	97	80	
76	27	53	84	44	41	87	42	65	27	88	28	9	98	33	38	52	54	64	95	
On machine	48
41	39	52	53	74	41	50	66	61	7	62	18	49	64	17	25	57	2	61	61	
32	46	74	86	78	70	20	97	82	100	57	79	84	92	96	58	94	80	37	37	
51	3	39	35	8	60	90	82	60	34	16	19	2	52	47	79	80	71	74	71	
20	99	10	100	31	84	24	81	84	81	88	2	50	78	86	43	60	30	48	43	
24	8	85	26	33	34	90	14	78	82	55	35	70	82	53	89	97	6	38	59	
66	40	26	31	70	18	44	57	19	13	11	88	96	24	90	64	12	98	35	32	
79	88	39	12	85	62	38	60	90	32	75	5	97	49	78	36	48	93	6	10	
90	24	62	15	96	15	70	67	46	75	98	87	71	52	74	36	94	26	72	2	
70	30	59	15	51	33	50	14	6	7	80	21	79	32	51	20	46	6	71	75	
97	73	71	24	40	53	48	61	37	27	30	98	79	52	40	17	14	26	98	78	
58	3	60	92	58	24	37	43	51	17	1	47	72	28	20	69	46	38	46	88	
67	93	32	61	88	96	91	68	88	31	71	50	27	42	80	74	75	25	95	51	
94	66	27	74	70	92	76	57	68	5	20	92	88	44	82	89	5	1	60	47	
11	3	69	92	28	32	99	36	31	24	72	14	17	91	80	14	53	43	39	42	
39	66	44	85	62	45	31	26	23	80	98	96	7	74	76	80	58	86	92	92	
86	17	72	16	99	11	87	90	62	85	16	54	72	96	86	31	18	58	16	11	
40	54	89	72	17	74	59	65	70	4	90	93	71	3	29	73	73	77	10	51	
9	2	72	68	77	59	40	82	55	97	35	70	10	40	16	14	7	71	33	3	
91	84	68	23	86	10	93	98	64	63	95	63	31	83	92	32	7	83	45	6	
74	11	50	63	11	68	63	19	54	3	15	94	47	93	52	68	30	99	99	85	
On machine	49
12	91	48	80	40	98	55	52	88	100	60	5	76	6	83	94	13	83	13	71	
20	19	2	71	26	70	94	32	23	21	25	74	25	31	89	36	47	16	74	8	
73	49	49	7	27	43	95	60	95	6	12	98	58	31	73	92	94	71	53	37	
80	1	7	85	94	84	40	86	62	44	20	63	94	9	12	31	88	83	50	11	
75	59	12	65	7	68	47	8	53	4	20	31	26	3	59	31	92	71	41	52	
74	7	2	55	61	43	39	37	10	72	32	57	6	32	96	90	96	91	3	47	
94	58	51	99	53	93	62	5	95	100	31	50	19	30	28	92	70	85	100	83	
24	91	43	41	11	19	10	17	82	78	18	79	45	45	39	54	94	37	51	40	
58	40	94	100	26	78	26	72	54	90	49	12	88	12	20	2	2	100	20	24	
38	81	47	1	15	78	37	33	35	68	77	35	56	92	27	72	38	21	43	62	
51	42	9	47	44	34	99	44	12	58	84	93	79	47	20	21	89	35	9	11	
76	67	22	61	12	45	100	87	27	92	93	41	20	22	48	81	6	100	34	82	
2	85	90	22	92	49	91	6	71	53	78	29	91	100	4	21	50	64	100	90	
99	11	41	31	93	92	86	85	49	52	41	100	45	63	74	11	69	74	46	49	
29	47	41	52	42	76	90	52	13	42	95	73	79	60	51	46	64	12	78	99	
49	54	58	8	77	79	56	51	10	16	29	76	69	82	5	94	56	88	82	70	
5	29	28	59	75	8	56	7	34	84	64	50	38	3	94	99	72	35	54	72	
17	88	42	85	59	89	86	84	54	35	61	77	100	50	44	83	79	83	56	32	
21	56	24	32	60	45	38	89	58	91	83	81	31	84	16	18	13	76	16	35	
69	93	13	92	95	10	13	46	99	77	81	27	81	53	23	56	40	96	83	28	
On machine	50
67	45	67	81	26	25	17	65	34	39	52	52	3	78	4	63	43	27	50	8	
92	29	87	21	55	14	33	41	22	44	31	57	32	36	53	79	48	48	28	47	
3	58	81	33	68	46	26	73	64	31	79	45	56	29	56	57	22	91	6	63	
28	45	35	42	76	8	58	98	73	89	49	51	73	86	68	44	4	8	3	48	
23	92	23	39	16	41	91	68	91	65	39	63	46	77	78	51	25	90	73	86	
88	42	60	48	8	53	27	54	58	96	14	69	49	21	28	84	88	1	2	15	
29	8	3	43	22	83	89	66	89	14	38	63	29	73	50	85	35	34	19	30	
13	51	78	66	24	30	88	77	92	77	94	88	15	25	42	100	80	42	67	50	
23	97	20	21	30	98	11	69	27	67	28	37	16	65	18	16	12	45	67	68	
60	75	23	31	15	94	94	98	9	64	82	32	2	97	47	59	13	88	100	93	
30	100	35	78	93	48	27	50	64	66	30	9	21	96	95	30	92	13	4	96	
67	77	77	21	9	44	72	2	46	27	66	2	23	19	36	58	5	21	60	10	
57	97	8	90	70	26	100	34	35	8	73	74	21	8	2	39	100	63	75	30	
17	53	60	65	57	82	46	3	71	59	86	100	17	41	67	97	2	2	53	87	
54	57	36	83	82	29	54	48	90	39	79	87	96	71	86	30	48	46	30	94	
17	76	25	96	33	35	97	46	83	41	62	38	79	94	34	68	46	52	81	47	
83	93	81	74	46	57	5	29	62	20	65	63	65	95	21	32	40	25	13	45	
21	49	66	29	56	32	56	28	62	80	92	31	50	84	28	99	47	10	48	5	
16	81	31	66	66	31	44	95	37	75	37	80	69	11	24	17	32	83	51	90	
87	59	55	33	40	4	88	74	39	100	48	92	83	36	42	60	71	9	85	58	
