Families	20
Machines	50
MaxSetupTime	50

Number of Jobs in each Family
8	8	2	7	3	3	1	7	10	6	4	2	5	6	9	2	3	2	9	6	

Jobs in each Family
0	1	2	3	4	5	6	7	
8	9	10	11	12	13	14	15	
16	17	
18	19	20	21	22	23	24	
25	26	27	
28	29	30	
31	
32	33	34	35	36	37	38	
39	40	41	42	43	44	45	46	47	48	
49	50	51	52	53	54	
55	56	57	58	
59	60	
61	62	63	64	65	
66	67	68	69	70	71	
72	73	74	75	76	77	78	79	80	
81	82	
83	84	85	
86	87	
88	89	90	91	92	93	94	95	96	
97	98	99	100	101	102	

Total number of jobs
103

Processing times of jobs
2	10	3	3	7	9	7	10	3	2	9	8	8	8	9	8	10	10	7	9	9	3	8	4	2	6	9	7	5	3	7	10	10	9	3	2	2	1	7	4	9	2	1	8	5	5	3	4	9	1	
2	1	7	7	7	8	2	1	7	5	7	3	6	8	9	6	1	2	6	10	2	2	8	6	6	6	3	10	1	6	3	5	4	9	10	10	4	5	1	6	9	9	10	9	3	7	4	7	8	9	
1	2	4	4	5	4	4	5	3	1	5	7	1	8	8	7	4	1	2	10	9	1	3	5	9	10	7	10	9	2	1	1	6	4	7	6	5	4	7	5	3	7	6	3	8	8	8	2	6	10	
5	10	6	7	8	9	4	10	8	9	2	5	8	3	1	10	4	4	4	10	1	8	10	4	2	6	7	8	4	7	1	2	3	7	2	1	6	6	1	4	5	1	2	6	10	10	4	6	9	4	
10	9	4	6	2	10	7	6	4	4	10	8	7	8	7	5	3	1	5	8	5	7	7	6	1	7	1	5	3	10	1	5	1	10	9	8	10	8	4	2	7	6	1	6	2	1	4	2	10	1	
6	4	7	3	10	2	6	9	5	3	2	10	6	6	4	4	1	3	8	6	1	2	8	9	2	4	4	3	10	7	5	7	10	4	9	5	5	10	3	5	1	7	1	3	10	10	6	9	3	7	
6	8	5	9	4	9	4	9	9	3	8	6	1	7	2	5	3	10	3	9	2	9	9	4	7	7	4	6	3	1	6	9	2	6	8	4	4	5	3	4	7	2	6	8	9	10	2	6	7	10	
8	1	10	3	4	5	2	3	1	4	3	1	3	7	1	6	7	2	1	5	7	1	7	10	2	4	3	6	8	1	7	2	1	5	2	9	2	2	1	10	10	6	10	7	1	2	2	7	9	4	
3	5	2	1	5	7	7	10	4	6	7	10	9	3	10	8	3	6	2	4	3	3	5	1	4	2	2	3	7	1	10	2	3	6	7	6	2	10	2	2	4	8	9	5	6	6	5	6	7	2	
1	3	7	2	6	1	7	2	6	9	8	4	7	3	2	9	2	4	5	7	5	2	2	4	7	1	6	4	3	3	1	8	1	2	2	8	1	5	5	2	2	1	2	8	2	7	6	7	3	2	
5	7	3	3	10	6	1	4	2	10	7	3	10	2	9	5	1	6	5	3	5	3	10	8	5	10	5	8	8	1	9	2	2	3	1	5	9	9	1	6	9	5	10	5	10	1	3	1	7	1	
4	9	8	7	2	2	4	10	8	4	4	6	3	6	7	3	9	10	9	2	4	4	9	9	2	2	1	8	5	1	1	3	9	1	8	10	1	10	1	8	4	1	8	2	4	1	4	3	4	3	
6	3	9	5	4	6	4	8	6	5	4	10	4	10	3	9	3	7	10	4	10	7	8	10	7	3	1	3	8	10	4	5	3	9	8	1	2	1	7	4	6	6	1	8	7	6	4	10	4	8	
5	3	4	7	9	5	6	5	2	6	8	5	1	7	10	1	9	7	5	6	10	6	8	1	3	10	4	8	7	10	8	9	8	10	4	9	9	8	7	8	2	6	2	8	7	8	7	5	3	8	
1	5	2	8	6	9	3	6	4	10	1	9	1	10	4	6	1	6	8	4	7	10	7	9	8	2	9	5	8	3	1	5	10	10	1	6	4	2	9	2	4	6	9	4	3	3	4	6	5	6	
3	1	1	10	9	10	2	4	7	6	10	9	2	6	8	5	4	3	7	2	2	10	7	2	4	8	3	5	9	1	10	2	5	4	5	8	8	7	7	5	4	9	1	10	6	7	2	7	9	1	
2	7	8	8	5	8	1	2	6	5	7	2	6	5	3	7	1	8	7	1	1	7	4	8	6	1	9	8	5	9	6	9	1	7	5	9	7	2	6	10	6	1	10	2	4	6	2	6	7	1	
7	5	4	2	6	4	1	6	8	7	10	3	2	4	6	8	4	1	2	8	10	2	4	2	9	1	1	8	7	7	7	6	6	2	3	3	2	1	7	9	2	5	2	1	1	4	2	7	9	8	
5	7	10	5	9	5	5	9	8	8	4	4	1	1	9	9	9	10	6	5	5	8	6	5	8	3	7	7	3	3	8	1	7	7	2	5	10	5	5	10	7	10	6	3	4	7	1	9	2	8	
10	6	9	9	4	9	9	7	6	10	8	2	9	1	9	10	8	2	2	9	5	7	1	4	6	10	10	7	1	2	1	7	4	4	4	3	10	4	4	8	2	8	6	8	8	1	10	9	8	5	
5	10	5	10	8	5	8	10	5	2	10	3	5	9	8	3	5	7	2	1	4	3	3	6	4	4	10	2	5	1	5	1	8	3	5	10	6	3	3	9	6	5	10	6	8	2	8	6	9	2	
6	2	5	5	7	2	10	2	2	3	8	9	2	10	9	4	2	10	3	8	9	10	10	2	3	4	6	10	1	10	8	3	2	6	7	1	9	3	4	10	6	10	10	8	5	7	6	4	8	7	
7	9	4	9	4	3	3	9	6	7	5	6	2	7	7	1	4	1	10	5	9	7	3	4	8	4	7	2	3	6	8	8	2	8	2	4	8	3	5	3	6	10	9	1	10	5	3	10	5	9	
4	6	8	4	1	7	2	2	7	7	4	7	1	8	6	8	7	5	5	6	7	2	5	6	1	3	2	3	10	6	7	6	5	7	4	5	8	4	8	1	10	8	4	5	6	7	8	2	4	5	
3	1	10	9	3	5	8	4	9	9	10	6	9	3	7	7	8	8	6	8	9	8	6	5	2	3	2	9	6	3	5	8	9	1	10	8	10	10	4	1	5	4	6	6	5	3	8	10	4	3	
7	8	9	5	9	1	4	1	7	6	3	1	4	6	5	6	7	1	1	3	8	1	4	3	9	4	5	5	2	2	4	7	3	10	5	1	8	3	1	7	3	6	9	3	8	7	8	10	2	10	
10	1	7	2	5	9	6	10	10	9	2	4	6	5	1	2	2	8	7	5	5	5	9	10	8	9	7	8	7	1	10	5	1	1	1	10	8	8	7	2	3	1	1	7	1	9	9	9	9	6	
5	8	8	1	10	1	7	7	3	7	10	3	7	4	9	8	7	10	2	4	4	7	6	7	1	9	7	1	4	1	4	6	5	7	2	1	8	10	7	9	9	3	7	10	1	5	8	10	4	9	
10	2	7	4	10	4	1	7	1	5	9	8	6	6	1	8	5	6	5	1	9	1	5	9	5	4	1	3	2	2	10	2	6	8	10	7	6	7	2	10	7	8	8	5	6	10	6	3	1	8	
7	2	5	9	1	3	6	8	2	3	6	2	8	9	1	10	1	10	8	9	9	8	3	9	7	3	1	6	3	8	4	2	5	6	7	9	8	1	3	8	8	10	4	5	7	2	8	3	4	2	
4	3	4	2	9	2	9	2	2	4	5	5	8	8	2	7	10	7	3	5	6	10	6	8	8	5	8	3	7	10	5	10	6	7	9	1	4	3	8	3	3	3	9	6	6	6	8	5	6	10	
9	7	10	10	3	9	9	7	9	5	8	3	9	6	3	7	8	10	4	10	1	6	1	8	9	4	9	7	2	8	6	3	9	3	3	7	10	6	8	6	8	9	5	5	3	3	6	10	8	9	
2	2	9	4	3	7	9	4	7	2	9	9	7	10	5	9	6	7	10	6	5	4	5	5	1	5	3	6	4	1	3	4	3	1	7	1	5	5	10	10	2	9	9	5	10	1	3	6	3	2	
8	4	10	6	1	10	1	2	7	2	10	7	9	4	8	2	3	8	7	10	5	2	2	10	9	3	1	4	6	4	5	10	10	2	10	8	7	7	7	2	4	2	10	5	5	5	2	8	4	8	
5	8	8	10	2	6	5	4	5	4	7	1	10	5	5	4	5	3	10	8	4	7	8	8	8	7	2	7	2	4	2	3	7	1	6	10	5	1	6	9	3	8	1	6	2	3	10	9	6	3	
2	2	3	3	2	1	10	3	2	1	10	5	10	3	4	3	10	9	2	7	10	3	8	3	2	9	9	5	1	1	5	10	4	6	8	3	10	2	8	7	5	2	1	3	9	4	7	8	6	6	
5	1	7	1	3	9	9	1	9	8	4	3	10	1	3	5	6	4	3	4	4	8	5	9	5	9	9	4	9	7	2	3	7	8	3	7	8	3	6	2	10	3	6	8	4	5	6	2	10	1	
9	2	5	4	4	2	10	3	8	5	10	6	6	4	2	2	8	5	6	7	10	8	8	1	10	9	8	10	5	10	2	4	5	1	10	4	9	2	1	5	7	9	2	7	10	6	10	10	5	4	
4	7	6	8	2	10	3	1	2	3	7	1	8	3	9	9	8	2	6	7	2	9	9	1	9	9	2	8	10	8	4	10	5	5	1	5	10	4	9	2	3	7	8	7	1	5	8	5	4	7	
5	4	9	8	6	4	3	1	5	1	4	7	6	7	3	2	7	3	6	10	5	8	7	5	4	7	1	5	5	1	5	7	10	10	8	1	3	3	1	1	9	10	1	10	8	5	10	5	8	5	
7	4	5	5	9	6	9	7	4	10	1	1	6	5	8	9	5	7	3	10	6	10	4	9	7	7	3	6	1	2	1	9	3	8	1	9	4	6	9	1	9	4	3	8	1	4	9	5	8	1	
9	9	7	6	8	5	1	10	6	3	10	8	10	5	4	5	6	9	1	4	2	10	9	4	10	4	5	8	7	6	8	9	5	4	5	10	2	2	1	1	5	4	6	9	6	7	2	6	3	7	
6	3	2	3	5	6	2	10	8	1	1	4	9	8	1	2	1	10	7	3	10	7	9	4	8	6	4	3	2	2	8	7	4	4	8	1	4	5	5	7	7	7	3	3	10	7	9	7	5	4	
8	4	5	9	1	7	9	3	6	1	5	2	3	4	6	7	3	4	6	4	6	8	7	5	3	9	8	2	4	7	7	7	5	6	8	6	5	2	2	9	2	4	10	8	9	1	8	9	3	4	
7	3	6	2	9	8	5	10	9	9	1	9	10	7	5	5	8	1	7	7	10	2	9	8	8	6	4	1	2	9	3	2	10	4	7	3	10	2	9	4	3	2	8	3	2	3	8	8	10	1	
8	6	2	1	4	7	4	9	8	7	7	2	1	9	6	6	3	2	2	6	1	4	10	4	1	5	8	10	7	6	10	1	6	8	1	4	9	9	10	10	2	3	8	1	4	3	2	5	8	8	
2	2	9	8	2	3	7	9	1	3	7	4	7	6	7	5	1	3	4	7	1	2	3	10	5	9	4	7	8	2	4	3	6	4	7	1	6	10	1	7	10	1	8	4	6	4	9	5	3	5	
4	5	10	7	6	10	9	7	3	1	5	3	2	7	2	5	7	1	3	4	2	7	6	9	2	10	9	5	9	1	2	7	4	6	10	5	3	5	10	1	3	6	3	10	8	1	9	7	5	7	
1	8	3	2	7	9	1	10	10	4	9	9	6	1	8	8	4	6	5	5	10	2	4	5	3	7	9	9	5	3	1	5	9	5	10	9	2	8	5	10	4	2	8	5	5	9	7	9	3	3	
1	10	10	2	6	1	8	1	10	9	5	7	10	3	2	8	6	8	3	6	1	2	1	5	4	2	10	5	2	4	1	1	2	10	4	9	7	1	4	1	2	9	6	2	1	5	8	8	8	4	
7	9	8	7	6	8	4	4	4	6	4	10	6	2	9	2	1	1	7	10	3	1	9	8	4	4	9	10	8	9	8	7	2	5	1	5	2	7	6	10	4	10	8	2	2	6	9	5	1	4	
1	9	10	10	5	2	10	8	5	9	10	6	4	7	5	2	5	7	2	5	3	8	8	8	1	8	2	1	9	5	10	2	9	5	3	9	2	2	1	4	2	5	4	9	9	5	5	1	7	5	
9	1	10	6	1	9	10	7	1	10	6	10	5	7	10	9	1	7	1	6	9	4	4	3	6	3	2	10	6	3	3	3	5	10	5	8	3	2	5	8	5	9	8	10	3	1	10	4	8	6	
5	8	3	2	5	3	4	3	9	3	8	8	1	9	3	9	10	5	2	2	8	4	1	10	7	4	8	6	2	5	2	3	10	5	1	6	10	7	9	1	6	2	1	3	9	7	2	5	6	5	
10	7	4	7	1	7	10	7	7	2	7	6	6	9	6	3	5	2	10	1	8	2	7	3	5	7	6	8	8	1	9	1	7	2	8	7	9	8	6	9	9	10	7	6	1	3	6	3	6	2	
10	1	10	7	8	10	5	2	1	10	6	3	2	10	2	9	1	7	7	1	9	3	1	8	2	1	7	8	7	5	3	8	10	2	6	6	7	3	8	9	2	7	1	3	6	8	3	10	8	4	
9	2	10	1	2	1	6	2	3	3	8	2	3	3	7	4	2	10	5	7	7	9	6	5	9	2	1	5	7	2	4	8	5	2	1	10	6	1	1	2	8	4	8	8	7	2	1	5	2	10	
10	10	8	2	8	10	4	8	7	8	4	2	2	3	7	8	6	1	3	10	1	2	3	5	9	2	4	7	7	2	4	10	9	3	9	9	2	8	1	10	6	4	9	10	6	9	10	6	4	9	
1	2	2	1	8	2	4	8	7	3	10	2	4	7	4	9	10	5	3	10	1	7	4	7	1	3	8	7	7	7	10	7	7	5	9	8	3	3	6	3	6	10	5	9	3	7	1	8	5	9	
9	3	4	2	9	1	4	1	4	3	7	1	10	3	3	9	3	7	5	10	9	1	5	2	9	4	1	1	8	6	6	9	1	4	9	8	1	2	10	1	5	10	3	10	3	5	6	2	2	9	
8	5	8	9	2	10	4	3	2	2	9	9	10	1	6	6	1	6	3	10	6	8	7	3	7	2	8	2	1	10	1	8	5	4	1	10	4	7	2	7	4	6	8	2	7	1	6	1	8	5	
7	6	2	10	2	5	5	8	7	1	1	9	3	1	6	4	6	4	4	8	5	4	4	7	4	2	8	9	5	5	5	6	9	5	6	10	5	7	3	8	4	4	3	9	9	10	6	6	9	4	
1	10	1	5	9	2	1	4	6	5	8	2	7	1	2	2	2	5	10	7	7	9	3	2	4	7	1	2	2	8	1	1	9	2	3	1	5	4	9	2	6	4	3	10	3	1	7	5	1	8	
4	2	7	3	9	3	7	9	10	10	10	1	9	10	2	7	10	10	2	4	2	4	6	10	10	10	9	3	8	1	5	9	6	5	1	7	1	3	4	5	8	6	10	7	9	10	7	8	5	3	
3	10	6	5	6	3	8	4	6	8	6	4	10	5	6	5	4	6	2	2	5	9	10	7	5	6	8	7	7	9	10	4	2	4	1	8	8	8	1	4	10	9	9	2	1	7	5	3	5	1	
5	7	3	3	7	9	6	4	10	1	6	6	8	8	7	10	7	8	7	6	7	10	3	1	6	9	1	4	2	8	10	7	6	3	3	5	6	6	2	1	3	1	9	10	5	7	6	3	1	10	
5	7	4	1	4	7	6	5	10	8	10	5	6	4	10	7	10	8	1	9	4	7	2	7	3	10	1	8	3	8	4	10	1	7	8	4	1	2	9	5	5	5	7	9	1	3	3	5	9	4	
2	2	5	5	2	9	6	6	1	6	3	9	1	7	2	4	8	4	6	8	5	9	9	8	3	3	4	7	5	1	3	8	7	5	7	8	7	1	7	7	7	4	5	1	4	7	1	8	4	3	
1	9	9	9	6	8	10	8	1	10	7	10	7	8	8	8	4	8	4	9	3	5	1	7	9	5	7	8	6	4	10	6	6	6	3	4	8	9	8	9	3	6	9	5	7	4	10	9	6	2	
1	10	10	7	6	8	10	2	7	7	6	2	5	8	6	2	4	5	4	8	9	7	8	3	4	3	2	2	10	6	1	10	6	10	4	3	9	7	9	8	1	7	10	1	6	7	7	4	8	9	
10	5	1	3	7	4	2	3	10	8	3	4	4	1	3	9	2	4	1	5	4	3	6	4	7	6	10	10	10	1	7	4	2	4	10	6	2	5	9	6	3	4	3	9	8	7	10	3	10	1	
3	5	5	7	3	3	2	8	3	4	4	10	3	8	2	5	5	7	3	4	2	1	6	8	6	1	3	6	1	3	4	1	7	1	9	9	7	1	2	5	6	1	9	1	2	5	6	8	7	6	
10	8	8	1	6	4	10	9	9	10	5	7	2	1	10	5	5	1	10	1	8	2	7	1	3	8	10	5	8	5	7	6	3	2	10	5	10	1	6	2	3	8	9	8	6	6	1	9	10	7	
5	3	4	2	3	3	10	9	3	1	1	10	2	5	9	7	3	4	1	5	9	6	2	5	4	4	3	3	5	8	2	4	7	6	8	8	6	1	3	10	6	9	8	8	2	10	4	4	1	1	
10	7	2	6	10	10	2	4	2	7	6	9	10	4	2	3	9	10	1	10	2	7	2	10	3	3	4	9	4	10	9	3	3	6	5	4	7	1	2	1	6	8	3	9	4	10	8	4	2	7	
4	1	2	3	5	4	7	6	6	1	5	3	5	3	10	8	4	8	10	4	4	7	7	7	9	4	2	7	4	7	4	8	6	8	4	4	10	1	8	2	8	6	4	8	7	3	4	1	3	3	
3	8	8	1	9	6	2	4	10	1	1	8	5	4	5	6	5	4	4	9	10	3	4	5	9	10	10	2	10	9	5	8	2	1	10	9	10	1	8	3	1	5	10	4	9	4	7	3	6	6	
1	7	10	9	4	8	1	9	2	8	3	4	2	1	5	7	10	2	5	4	3	4	1	9	1	5	2	9	7	1	10	8	8	5	5	2	6	9	2	1	9	10	1	6	6	6	1	8	6	5	
4	10	9	9	5	9	6	2	9	2	4	7	4	3	6	6	6	4	4	1	2	3	3	3	1	6	8	9	8	4	10	5	2	8	4	9	8	6	5	5	7	6	1	5	4	1	8	1	2	5	
4	10	3	9	3	4	2	5	6	9	1	8	5	3	9	8	3	8	9	7	10	9	1	6	9	8	6	1	8	7	9	9	1	8	9	2	1	9	5	9	4	9	2	5	1	3	8	3	6	10	
8	10	10	6	6	6	3	3	9	2	2	6	10	7	2	8	6	1	3	4	2	1	5	10	10	6	10	8	10	7	5	4	2	5	9	10	5	4	7	6	5	4	1	8	3	10	9	8	9	6	
2	6	7	7	6	3	7	4	6	2	1	1	3	9	9	7	6	3	7	10	1	4	2	7	5	6	7	10	4	7	4	6	8	9	5	2	7	9	6	8	3	5	7	2	10	1	9	7	4	6	
3	4	4	10	10	8	6	4	4	9	9	3	6	4	2	1	7	9	9	7	3	8	4	6	10	2	10	4	10	10	10	6	6	8	3	8	4	1	2	1	2	7	8	7	3	4	4	10	5	9	
9	10	3	10	9	6	4	7	10	7	7	4	9	7	6	8	9	4	4	4	2	9	4	10	5	2	7	2	9	4	9	8	1	3	4	6	9	4	5	7	9	3	6	10	5	1	2	8	3	3	
9	5	8	7	8	3	8	3	4	7	5	10	4	3	4	9	10	8	2	4	5	7	10	6	8	6	3	6	6	10	4	3	5	7	3	5	1	8	10	9	9	9	9	1	10	4	10	9	1	3	
7	10	2	1	2	10	7	4	7	2	1	6	6	9	3	7	9	8	2	9	7	6	2	7	8	3	1	9	6	2	6	6	8	9	5	2	5	1	10	3	7	9	7	1	9	10	7	10	8	3	
4	2	8	3	9	6	10	6	4	5	3	8	1	4	9	6	2	5	9	1	5	3	5	10	10	7	9	7	8	2	4	5	5	4	10	4	2	8	4	5	4	4	10	5	9	10	6	4	2	1	
5	4	5	8	1	4	10	1	3	5	2	8	5	4	5	10	10	3	5	8	9	5	5	5	7	5	3	10	1	5	9	5	2	10	8	6	9	7	1	6	9	9	4	2	7	5	1	8	4	3	
2	6	5	9	5	4	1	9	8	5	2	4	2	7	4	6	2	6	2	10	10	1	8	9	3	9	6	5	9	5	9	5	3	7	8	8	4	4	4	8	9	5	5	3	6	4	3	8	5	6	
9	3	4	2	7	7	3	10	8	4	7	8	1	9	1	4	10	4	6	4	1	2	9	5	8	6	5	10	3	9	1	3	2	10	8	7	7	7	1	6	4	9	7	1	6	3	8	1	8	8	
8	4	2	10	9	9	10	4	9	9	7	2	3	3	5	1	9	10	4	6	2	6	6	7	9	1	10	4	10	4	4	4	5	2	6	8	1	6	7	2	10	10	6	8	10	6	10	7	6	5	
10	4	6	7	8	3	3	2	8	8	6	5	9	2	2	9	8	5	4	2	5	10	10	5	9	4	9	6	7	1	4	5	3	3	8	5	6	1	7	10	8	4	4	7	5	9	3	1	4	9	
1	3	8	7	5	4	8	2	7	10	4	9	10	10	1	10	3	10	8	7	5	6	8	2	7	4	5	3	9	3	1	10	3	4	10	1	3	8	9	4	10	3	4	9	6	1	4	4	10	1	
3	2	4	3	1	10	5	1	2	9	5	3	9	7	7	6	2	3	4	6	7	2	8	1	4	7	10	4	2	2	4	8	6	4	4	10	7	7	10	7	1	9	8	3	5	6	2	7	5	8	
10	7	6	8	5	5	5	2	8	6	2	10	10	9	4	6	3	6	7	8	7	3	10	7	8	5	4	4	6	3	4	2	2	9	6	5	1	6	1	1	6	6	8	2	9	1	5	6	1	6	
5	5	2	5	1	1	1	4	3	1	1	10	4	9	9	3	5	7	9	8	7	5	4	6	3	7	6	10	8	7	5	4	9	10	7	2	3	9	4	2	8	10	10	4	10	9	1	3	9	5	
8	2	7	4	10	5	8	3	9	3	5	7	3	1	7	6	9	3	10	1	7	2	4	6	10	5	7	1	1	7	3	2	2	4	10	3	8	10	6	3	5	3	2	3	8	6	4	8	2	6	
1	10	2	9	8	3	9	9	6	4	1	10	3	3	10	1	6	5	4	3	6	8	9	5	3	10	6	6	10	6	1	2	3	1	6	7	8	7	5	10	6	2	4	9	6	1	3	1	7	2	
1	4	9	3	9	2	4	9	1	5	1	8	7	5	1	3	2	3	9	3	8	7	6	9	8	6	8	3	5	9	4	8	6	5	5	3	1	9	4	7	1	4	3	6	1	3	7	5	10	4	
7	4	6	8	5	7	2	3	5	9	6	8	3	10	2	2	5	4	4	4	5	9	3	7	3	7	6	3	1	1	4	1	5	7	6	8	8	2	5	3	5	3	8	7	5	7	10	6	4	8	
7	9	6	5	2	7	5	7	5	10	1	6	9	3	5	6	3	1	1	3	6	8	3	7	7	2	6	1	8	2	4	10	8	8	2	3	5	2	7	2	3	4	7	7	7	4	1	3	8	10	
4	1	6	5	6	8	8	4	6	5	3	10	1	1	3	1	9	10	7	7	8	10	9	10	5	10	2	2	3	5	2	8	4	8	8	5	2	5	1	2	3	2	7	5	6	9	6	6	2	3	
10	10	7	5	6	9	7	9	3	3	8	1	9	7	8	10	5	1	3	3	1	6	10	9	7	6	3	2	8	5	4	9	4	1	1	6	2	8	8	8	6	2	8	1	6	5	6	7	3	10	

Stepup times between family, where [f][f] represents initial setup time
On machine	1
48	50	4	39	28	2	14	22	12	21	7	40	8	2	44	36	12	37	11	20	
37	26	36	38	28	7	32	29	46	35	15	28	36	17	19	8	18	35	28	43	
31	45	41	22	26	16	19	27	5	35	15	27	6	22	49	43	45	6	23	2	
42	35	15	23	26	24	7	19	3	44	39	12	21	23	48	23	11	13	10	13	
1	43	3	45	42	28	24	47	27	38	45	42	32	25	40	25	35	12	37	37	
2	35	12	10	21	42	33	3	17	41	17	19	30	7	8	22	46	4	2	5	
37	36	15	32	26	42	28	47	25	43	30	19	20	43	22	11	30	25	1	49	
21	27	21	6	43	19	17	36	14	9	30	4	18	18	13	37	22	12	23	42	
19	16	14	32	27	42	23	43	34	5	50	26	25	40	42	16	7	48	34	17	
19	50	2	39	8	20	34	39	30	40	4	48	7	43	29	20	19	36	27	41	
41	19	30	40	41	14	32	36	32	7	4	3	46	19	23	20	14	37	4	1	
46	48	29	37	19	43	49	28	9	35	3	38	40	48	7	34	4	26	39	33	
3	49	37	2	37	19	37	25	34	37	5	25	21	32	40	34	27	31	25	29	
14	50	32	33	11	29	17	36	21	1	47	35	50	24	37	17	32	30	30	10	
21	32	17	49	27	42	25	36	10	36	46	21	12	31	19	6	24	4	9	29	
8	27	44	23	7	42	35	41	49	34	26	24	23	13	13	17	18	17	19	36	
14	42	48	5	21	43	31	23	30	20	13	18	36	28	33	29	18	21	30	17	
3	29	42	1	45	11	37	50	7	13	28	11	34	26	21	44	46	9	21	18	
4	1	8	2	6	28	2	1	46	35	43	24	42	15	5	37	15	38	25	43	
6	14	23	37	13	43	29	34	47	2	17	11	48	26	45	21	9	14	35	18	
On machine	2
38	14	11	34	13	12	12	12	19	29	7	23	6	18	48	13	4	9	15	38	
41	40	3	4	33	4	21	37	31	5	15	47	29	7	17	44	39	28	38	39	
50	48	21	28	43	40	45	24	35	27	41	19	48	26	6	4	37	44	47	38	
22	26	39	23	37	5	10	45	38	2	5	12	14	27	45	24	19	48	11	33	
12	14	16	44	5	9	25	28	32	47	45	30	31	36	49	18	24	43	28	46	
42	3	30	12	5	45	1	17	17	15	49	19	48	18	37	22	5	22	48	33	
26	14	42	20	2	46	14	29	10	3	38	17	16	10	20	45	26	32	39	10	
27	27	5	46	43	28	18	13	25	42	48	35	43	38	2	11	47	47	36	8	
47	3	41	34	26	36	9	31	43	41	45	22	11	4	40	23	29	35	14	48	
49	50	44	9	16	39	26	5	15	42	38	42	13	31	3	43	13	26	18	22	
5	3	32	16	23	47	11	18	15	45	46	12	50	37	31	35	13	28	42	5	
20	6	34	1	32	17	42	49	31	40	47	2	4	32	29	49	8	24	43	46	
28	26	1	33	43	23	37	15	8	34	46	13	11	11	26	46	11	48	5	1	
3	9	17	8	8	36	34	44	25	20	14	35	17	19	25	6	35	13	40	23	
44	31	20	45	1	37	36	36	23	11	8	14	4	39	14	46	22	11	17	31	
49	49	28	36	39	23	4	23	33	46	31	23	47	2	11	43	20	17	47	40	
32	13	14	25	29	15	4	14	14	28	23	32	21	17	17	10	33	32	21	31	
37	4	32	4	34	50	11	21	27	13	12	20	7	1	25	22	3	3	35	3	
30	43	44	7	35	42	23	41	1	15	49	23	31	48	46	20	23	6	33	39	
50	14	48	29	25	3	5	23	16	34	16	2	38	3	3	30	39	14	21	10	
On machine	3
32	18	26	5	48	10	26	39	43	38	48	12	13	25	40	45	32	21	22	3	
27	40	35	33	32	39	33	42	26	27	9	8	25	26	47	10	34	30	22	8	
40	21	36	39	2	27	31	13	29	46	20	48	13	2	19	25	15	49	32	26	
16	39	44	48	1	21	19	18	35	20	26	16	27	21	22	1	42	17	28	15	
47	8	9	45	10	42	25	29	11	31	43	28	39	36	40	19	20	34	9	36	
32	29	29	34	13	8	21	9	35	8	3	34	5	18	2	15	34	10	19	36	
21	17	13	20	20	25	21	46	33	6	48	36	5	22	20	27	25	33	26	46	
19	49	47	34	50	15	24	24	39	43	35	17	33	47	40	39	35	20	42	37	
7	4	16	37	14	33	48	43	16	24	20	39	10	25	2	24	38	10	24	17	
19	19	19	4	38	20	50	28	2	7	3	17	3	4	20	34	35	10	14	19	
7	2	26	41	19	40	25	24	3	12	27	34	14	16	8	16	22	20	23	1	
44	23	25	12	42	38	33	16	28	36	12	40	39	33	20	4	41	7	31	6	
19	8	21	23	13	38	1	14	5	37	34	14	25	47	9	34	3	18	45	46	
4	16	19	37	23	15	39	31	12	14	45	10	20	33	25	7	9	43	38	28	
33	15	1	34	14	2	12	40	43	39	17	39	16	21	22	17	23	38	5	32	
35	9	28	23	30	5	44	50	32	1	1	23	21	4	13	27	33	11	39	32	
37	9	31	30	32	36	42	35	9	24	42	1	21	21	40	39	8	41	12	9	
34	42	7	45	40	32	27	12	8	20	40	4	25	37	45	44	6	34	17	17	
30	23	26	16	17	44	46	12	22	43	37	23	50	28	35	23	39	40	23	38	
31	7	35	40	9	39	39	13	47	27	39	15	19	28	8	24	22	25	49	39	
On machine	4
3	9	29	17	46	9	13	25	8	43	38	9	4	17	12	45	43	36	43	36	
24	24	6	32	50	36	2	24	47	43	16	40	34	2	23	40	11	13	2	39	
24	30	34	39	39	45	20	28	19	33	7	34	13	40	4	31	5	33	12	11	
7	8	17	35	20	46	16	22	3	22	34	15	26	7	2	25	33	6	15	31	
45	1	19	6	24	48	6	22	45	16	2	47	21	49	21	34	27	25	4	15	
11	46	27	17	47	34	22	3	3	48	49	48	42	11	30	32	15	28	12	18	
39	21	43	26	25	43	3	38	18	11	17	37	5	22	17	38	8	32	26	40	
45	47	12	29	44	3	43	26	36	37	7	46	12	49	42	3	10	20	11	5	
6	29	24	28	27	31	47	24	27	37	17	49	44	42	11	42	20	27	32	33	
6	23	37	16	41	49	39	27	19	39	41	9	39	48	40	27	18	9	8	18	
22	33	39	26	38	7	17	13	36	37	4	34	44	19	12	49	14	25	9	5	
36	25	29	26	4	38	50	11	23	4	23	22	11	35	21	43	28	11	14	15	
39	19	47	2	9	36	50	1	17	19	42	46	25	18	17	31	3	26	5	6	
37	4	20	15	11	12	27	23	19	17	42	23	46	49	20	43	32	4	20	20	
33	7	48	12	45	9	7	4	26	34	30	28	27	4	18	48	1	24	1	41	
33	7	48	47	4	1	44	31	40	18	22	24	50	13	48	2	36	25	25	3	
39	37	38	36	46	48	32	47	17	6	48	32	20	42	13	37	27	1	37	49	
44	13	20	38	39	44	17	10	20	41	26	12	38	22	4	42	3	14	47	9	
24	29	41	33	42	48	26	29	31	20	37	27	48	13	12	27	27	42	37	31	
45	43	31	14	8	12	10	33	40	45	38	18	5	5	47	39	20	17	1	1	
On machine	5
13	18	35	13	8	31	20	31	21	26	38	17	28	3	30	50	49	43	1	9	
18	5	9	31	45	23	15	12	30	36	5	3	18	28	38	15	1	13	18	12	
20	8	38	32	38	30	42	50	14	35	43	46	43	3	49	50	18	17	7	49	
26	13	2	4	50	12	6	40	29	42	41	41	39	6	30	37	12	31	48	22	
47	3	11	25	32	21	3	8	32	36	25	31	30	12	41	12	31	7	15	17	
31	29	10	41	4	7	46	11	36	43	2	42	23	45	16	4	3	3	13	47	
42	36	16	18	32	28	20	50	42	46	48	2	37	11	13	5	25	49	20	7	
22	8	33	24	21	20	7	47	9	39	45	18	39	29	19	33	40	1	14	35	
6	38	8	40	8	4	37	30	36	44	6	33	42	41	6	27	38	46	36	3	
29	2	11	12	31	20	17	14	42	47	25	17	14	42	4	19	47	23	48	12	
17	26	9	45	48	48	19	20	10	29	26	38	32	23	50	37	12	50	6	1	
36	26	47	49	23	47	8	3	28	44	13	38	47	29	42	17	43	7	14	27	
24	13	7	5	9	38	17	2	4	33	23	36	21	27	10	38	28	28	50	33	
10	13	23	14	16	33	19	27	31	18	32	38	17	42	22	9	15	9	9	39	
34	15	42	12	9	9	18	1	45	9	43	37	28	16	14	4	24	48	38	50	
49	49	9	21	16	47	50	18	27	31	50	42	25	8	47	12	10	12	6	42	
20	42	4	17	25	40	5	43	1	26	4	44	18	33	27	23	22	5	5	25	
32	27	21	49	44	46	33	43	44	46	20	15	8	25	35	42	39	22	17	33	
34	42	27	41	40	38	27	22	16	9	30	45	23	3	42	48	33	50	30	21	
46	21	49	42	24	14	41	38	21	6	26	17	29	42	42	26	32	11	14	26	
On machine	6
44	9	3	37	48	49	12	39	47	15	50	40	46	1	33	24	33	12	4	38	
34	15	1	38	49	7	26	24	25	43	30	34	26	19	35	23	12	3	10	32	
44	45	44	10	29	32	4	46	50	26	42	43	36	17	36	35	40	22	7	34	
36	48	42	30	9	27	26	35	36	19	30	3	23	42	14	28	2	2	29	13	
6	36	49	22	42	9	26	13	45	32	38	16	39	25	30	9	47	33	33	21	
42	27	34	26	47	13	26	7	1	38	7	26	16	17	30	3	21	20	15	29	
15	43	10	15	20	10	38	42	24	46	9	23	47	5	26	39	43	37	37	26	
50	41	10	5	8	1	44	37	37	36	5	2	4	13	11	43	8	34	49	42	
42	32	32	49	33	21	3	27	14	33	23	46	41	49	49	12	5	48	2	12	
23	47	15	9	4	15	16	1	23	27	42	5	39	44	37	24	24	27	29	26	
29	25	43	12	34	14	45	3	48	22	40	9	5	30	27	17	47	45	43	34	
1	39	22	8	4	49	16	6	14	25	25	15	47	15	40	22	30	37	39	16	
15	41	9	13	45	39	19	22	34	6	3	23	1	3	29	33	14	7	49	5	
3	28	24	46	11	10	27	42	17	7	33	18	28	11	32	45	34	37	24	24	
47	29	4	38	37	3	38	23	8	19	43	47	47	12	28	31	29	41	25	5	
16	1	1	9	22	23	40	33	8	43	19	27	10	29	17	3	46	43	18	10	
18	27	7	7	4	35	21	45	40	42	25	45	31	14	26	21	26	9	21	31	
3	7	49	36	36	48	15	39	14	22	34	49	30	6	45	5	7	15	20	22	
6	42	28	25	40	41	48	44	19	26	10	10	34	43	31	36	1	10	14	41	
39	43	1	30	49	3	39	7	15	24	44	9	37	1	14	26	26	21	44	23	
On machine	7
26	29	48	43	4	5	48	2	18	13	36	20	20	36	5	1	25	28	48	6	
3	45	40	30	41	47	30	48	40	9	49	30	23	36	9	14	43	8	29	27	
26	20	26	17	45	29	11	50	7	37	11	29	5	2	45	23	10	50	10	15	
15	25	43	49	3	43	38	12	45	5	3	10	22	42	29	45	36	9	3	9	
2	38	16	14	45	31	41	9	43	25	20	47	15	24	14	44	19	41	14	25	
20	14	35	25	38	46	22	34	38	8	39	27	25	50	7	41	3	15	33	7	
5	13	6	41	50	44	43	24	11	10	39	26	8	26	15	15	1	49	3	4	
47	4	16	43	29	30	2	32	25	19	18	38	35	40	50	39	36	24	47	14	
3	48	36	35	10	4	22	25	19	36	15	17	31	4	13	32	20	40	9	34	
25	26	36	23	42	49	44	27	41	32	2	8	38	40	41	42	12	43	6	49	
7	8	30	28	10	33	3	48	19	42	11	9	8	22	46	43	32	40	19	19	
4	17	6	44	38	28	21	30	29	12	23	20	50	5	11	17	49	13	44	31	
4	39	39	39	43	22	19	34	40	38	43	34	42	39	16	22	33	39	42	21	
6	42	8	16	22	29	25	4	12	18	11	24	50	31	5	16	16	21	15	12	
4	39	26	28	1	13	39	11	29	15	35	38	1	33	22	36	15	50	7	8	
42	36	3	1	49	9	17	20	8	44	36	17	48	35	22	16	6	4	2	14	
1	23	29	49	27	34	10	9	9	42	27	35	14	5	49	42	32	28	10	7	
18	37	1	16	2	35	43	1	32	39	2	19	5	8	42	13	31	33	13	33	
29	26	3	5	46	21	37	3	34	47	25	37	6	39	32	26	20	1	10	22	
44	35	39	42	32	31	31	16	41	4	30	27	5	31	21	12	9	12	41	25	
On machine	8
11	42	50	42	27	39	14	33	8	5	26	50	8	25	24	40	20	50	33	45	
22	11	23	30	50	21	34	33	31	4	20	18	46	35	35	32	2	28	5	31	
20	33	26	10	38	47	44	28	21	23	16	9	37	41	49	38	21	32	41	25	
46	1	27	38	36	11	23	2	14	42	4	18	1	33	2	9	41	8	6	49	
14	20	3	26	32	38	50	20	33	1	48	28	13	42	5	33	10	20	18	50	
7	5	8	46	10	43	42	5	43	39	28	10	35	1	8	15	35	16	4	44	
1	4	22	45	29	24	48	23	41	13	6	21	12	48	17	7	33	43	1	17	
26	17	11	36	33	50	48	48	12	31	8	27	28	33	48	11	33	25	44	13	
25	35	47	3	13	4	27	18	40	24	18	30	34	6	1	48	42	37	17	11	
24	11	43	42	25	27	41	24	13	32	33	1	49	1	38	33	29	21	8	5	
17	10	45	23	27	21	2	45	17	21	10	5	46	4	2	20	12	29	50	23	
18	29	15	25	48	37	37	8	29	36	28	38	15	13	22	6	24	25	34	20	
40	36	32	36	20	1	31	17	28	4	13	33	38	5	29	9	50	5	3	27	
23	2	42	39	10	18	49	6	24	30	2	31	12	8	42	39	18	37	37	36	
7	14	25	29	6	19	48	48	32	8	6	4	43	8	22	16	11	46	22	27	
14	16	27	32	43	25	9	47	23	48	38	7	28	8	41	24	18	25	6	26	
24	44	10	3	23	15	7	34	25	29	25	21	35	32	25	14	40	9	5	8	
29	2	7	31	15	4	32	1	34	28	30	15	12	36	7	16	10	28	32	8	
25	1	41	28	10	49	39	35	2	22	7	11	3	18	35	6	36	15	14	30	
22	37	36	45	44	23	18	4	27	4	41	36	8	49	39	23	44	34	30	33	
On machine	9
35	35	1	9	30	45	4	5	6	30	22	26	11	39	10	43	3	28	48	7	
7	38	39	29	16	50	35	36	26	5	36	13	42	38	30	44	11	33	41	49	
31	9	31	9	3	11	34	8	32	7	18	17	43	14	24	26	39	26	38	1	
49	21	46	5	50	47	38	27	35	39	46	28	5	30	28	6	12	45	38	45	
5	48	5	7	40	45	48	23	36	31	36	37	30	36	22	7	29	1	12	19	
37	4	14	1	8	3	8	11	39	40	11	21	30	17	38	20	25	38	43	33	
33	22	45	30	8	34	47	49	14	38	11	19	30	11	10	30	23	8	5	2	
42	27	16	46	30	1	45	2	29	17	6	42	5	13	45	45	13	6	5	1	
7	14	49	9	12	35	40	17	24	6	28	47	32	7	20	2	35	7	18	50	
34	12	38	14	8	49	41	46	41	13	33	40	30	48	20	38	26	29	8	7	
40	42	27	50	18	49	23	21	16	19	20	28	3	44	7	29	9	11	24	9	
7	14	33	49	30	45	2	26	6	10	35	7	5	9	23	8	32	31	31	20	
48	44	9	10	28	39	28	16	44	35	40	10	4	30	32	9	14	8	6	2	
48	12	28	25	45	13	28	34	15	2	11	5	38	3	1	22	39	30	23	49	
43	6	16	18	16	24	18	2	44	2	29	27	48	50	27	47	31	3	19	29	
41	2	35	23	50	50	38	1	13	20	15	41	16	33	22	20	6	16	43	24	
3	5	41	49	37	6	36	21	26	25	24	23	3	29	26	16	19	10	46	25	
25	39	4	38	42	15	35	49	17	48	38	31	27	45	10	32	47	48	23	22	
15	2	43	33	1	43	18	42	37	27	9	19	29	31	22	14	47	1	41	32	
46	4	1	24	31	39	26	17	43	23	30	19	44	49	42	40	50	47	5	25	
On machine	10
19	37	4	17	42	50	45	8	6	40	23	29	35	38	22	33	9	40	21	40	
13	26	19	7	45	14	42	37	14	21	19	20	24	24	25	45	1	19	47	42	
48	3	24	46	34	20	17	27	32	45	23	1	2	4	9	41	32	15	17	42	
19	45	31	39	24	36	8	22	19	2	26	31	6	24	18	26	1	36	49	47	
8	18	28	3	35	35	20	27	16	1	32	47	42	3	48	47	48	38	28	31	
38	23	24	44	4	22	2	6	28	14	43	50	33	36	6	11	9	2	28	27	
36	40	17	16	40	17	11	47	43	5	22	25	19	37	20	15	42	25	3	19	
44	36	38	46	26	30	9	50	34	11	48	16	38	9	37	39	30	30	12	1	
27	7	29	35	23	27	13	16	28	38	17	10	1	41	12	2	14	22	18	41	
11	20	9	21	37	9	25	9	40	28	4	47	24	4	44	39	22	36	19	13	
50	14	33	24	30	4	50	29	33	29	34	36	5	46	47	3	50	14	9	35	
7	24	4	12	27	27	34	38	16	29	22	4	32	18	10	30	14	11	8	17	
27	24	49	18	18	38	35	31	40	24	10	46	20	12	14	22	2	7	17	24	
42	6	29	14	32	27	10	32	15	4	23	49	5	20	24	16	14	7	26	27	
12	34	24	13	10	46	18	27	47	48	50	37	46	35	28	45	46	23	43	46	
28	17	4	13	10	5	24	7	44	8	18	37	44	32	34	39	10	6	4	15	
7	45	21	40	19	19	30	33	4	34	16	42	35	13	25	10	37	44	30	37	
32	20	1	39	38	24	9	21	35	47	43	21	3	2	37	50	25	32	23	43	
26	10	49	1	8	29	29	14	42	45	33	25	33	47	32	8	21	34	49	29	
46	17	12	18	5	1	29	16	3	2	24	4	32	1	9	26	17	48	28	44	
On machine	11
19	2	4	28	4	42	14	24	22	33	49	21	28	24	34	25	26	37	38	6	
45	31	18	8	25	7	25	20	2	1	4	18	25	48	11	27	49	6	47	42	
49	13	15	18	37	3	11	7	36	27	17	28	39	50	48	36	23	39	16	42	
18	29	29	29	44	50	40	28	49	35	7	12	46	48	28	47	48	24	40	49	
9	36	35	29	50	34	27	29	20	49	20	38	28	46	39	17	20	28	39	6	
30	19	29	27	28	22	21	18	46	48	50	21	45	29	5	50	35	22	19	45	
9	18	35	23	45	19	2	31	17	38	8	28	35	22	48	23	46	25	20	26	
39	13	18	30	37	7	34	41	47	46	33	46	35	32	19	25	48	15	33	18	
34	8	32	13	43	44	23	2	32	13	39	29	47	13	11	6	14	42	13	38	
5	32	19	4	49	21	47	24	24	20	26	46	45	1	35	32	4	22	7	26	
17	45	22	21	21	21	4	4	31	4	14	30	34	35	28	4	43	33	20	47	
19	40	21	2	40	36	30	25	27	22	6	32	4	42	39	1	1	50	45	7	
29	40	46	9	47	22	2	35	45	36	38	39	42	5	16	28	1	49	4	38	
38	17	48	23	23	20	26	33	32	27	21	34	44	33	17	11	13	18	1	40	
8	33	15	16	33	13	41	25	16	42	48	34	45	4	21	16	23	16	30	47	
40	3	20	44	15	29	19	48	26	7	16	10	17	23	21	14	28	35	16	31	
28	48	13	16	35	3	40	16	25	25	27	12	10	17	43	33	39	16	39	3	
19	46	33	45	17	28	34	12	13	18	14	36	45	26	19	49	47	20	28	19	
43	17	14	21	46	24	9	14	16	1	42	49	39	25	36	48	4	31	33	34	
39	14	28	45	41	47	7	50	2	6	30	31	16	27	25	50	44	31	27	20	
On machine	12
36	45	25	23	22	28	19	20	4	10	13	38	24	7	3	24	19	25	20	14	
43	45	18	2	2	41	4	46	18	23	6	24	49	19	41	34	19	11	35	20	
34	41	27	35	43	15	29	46	3	15	19	18	43	18	34	47	4	42	41	10	
50	25	49	32	21	13	49	11	19	40	31	8	25	46	17	18	28	11	1	14	
4	42	34	2	2	17	43	2	47	23	25	23	14	43	39	1	2	16	25	45	
43	2	1	15	49	44	41	15	1	6	1	18	17	7	9	28	48	40	32	35	
38	40	29	26	29	36	33	18	4	42	49	10	3	18	48	44	20	19	43	14	
30	16	39	33	18	1	40	38	17	50	28	49	42	39	48	24	38	28	15	26	
4	23	14	33	28	39	11	22	40	28	25	18	24	39	6	50	3	40	8	45	
39	12	38	22	11	31	18	26	18	47	47	49	13	8	35	24	41	20	40	48	
46	47	47	40	24	50	36	23	17	41	4	44	26	1	22	4	43	11	25	4	
44	1	34	48	6	29	24	22	45	15	27	23	33	45	16	20	44	38	16	26	
40	23	14	30	24	1	50	22	28	13	22	47	22	3	15	12	1	6	1	36	
24	37	11	11	41	39	21	4	35	19	35	18	6	2	13	35	24	8	1	31	
4	35	36	7	13	41	26	28	37	1	14	11	7	41	18	29	18	40	21	10	
6	10	46	46	9	35	2	48	44	38	19	2	26	50	6	1	16	1	36	34	
41	17	49	19	33	24	50	9	10	21	47	20	48	8	31	28	38	15	29	28	
50	5	27	37	34	19	31	6	11	3	49	39	34	48	16	8	19	47	24	22	
44	17	34	11	18	4	37	42	20	41	49	49	2	30	47	14	46	5	17	45	
41	40	13	10	48	27	5	44	14	25	18	38	48	46	10	24	5	37	47	35	
On machine	13
18	23	15	47	30	48	25	16	9	9	40	42	32	41	29	7	20	45	33	1	
1	35	6	10	25	33	34	31	34	20	27	8	18	41	28	45	48	45	33	13	
46	2	14	23	42	16	49	28	9	27	33	19	1	4	38	39	17	41	8	30	
17	19	48	7	37	22	46	39	24	39	21	18	26	43	7	25	41	8	42	50	
22	44	23	33	13	14	26	13	1	47	23	1	5	29	11	22	17	5	16	32	
14	35	34	21	32	21	36	29	9	16	21	39	50	42	2	6	41	38	1	48	
44	30	20	50	25	23	2	1	29	8	12	1	3	33	38	41	5	15	49	5	
45	18	37	39	30	11	2	32	45	46	28	36	11	21	5	16	16	11	4	25	
39	21	37	17	34	38	38	30	40	43	7	10	10	4	46	42	4	37	4	13	
9	27	39	41	10	6	39	29	13	49	23	13	24	12	11	15	39	1	24	17	
17	2	39	48	25	23	8	21	13	39	1	34	6	25	21	41	28	9	11	19	
20	2	29	12	24	48	25	36	47	15	41	5	3	36	24	13	17	15	8	35	
48	37	15	20	23	10	13	43	33	18	16	20	7	23	31	37	30	14	31	44	
43	23	26	49	36	50	14	1	20	29	35	49	36	22	29	1	4	14	7	11	
27	41	16	21	2	24	32	12	42	1	17	12	25	40	10	43	50	40	32	44	
32	1	46	23	47	1	17	30	7	45	15	24	46	11	17	20	35	20	15	14	
11	41	9	45	8	23	50	28	17	12	33	16	3	7	5	40	38	49	17	34	
2	29	14	49	20	14	33	32	17	10	35	32	37	49	26	50	47	10	36	6	
22	21	38	6	9	5	35	11	9	6	35	4	10	44	46	50	28	44	21	17	
18	32	12	31	2	11	46	34	40	4	10	24	50	31	49	33	45	20	8	30	
On machine	14
25	25	10	12	43	8	47	37	27	8	9	24	35	11	16	34	5	11	12	33	
26	1	11	32	34	12	47	15	3	15	29	48	43	23	31	17	8	21	43	16	
9	8	14	49	7	27	49	19	27	18	46	27	15	48	36	11	34	2	17	10	
6	39	43	26	45	19	7	10	38	25	41	47	11	25	45	43	15	10	43	10	
46	13	43	35	30	20	49	27	15	5	36	45	50	33	33	48	27	21	47	32	
49	13	27	3	28	29	12	27	3	48	11	47	18	16	23	20	1	24	38	8	
32	25	31	44	23	8	20	30	37	29	11	40	22	32	49	33	21	45	43	36	
40	18	18	22	20	2	43	11	21	9	6	47	9	19	12	28	38	13	16	2	
26	20	7	16	1	18	8	13	48	29	46	18	6	36	32	24	43	1	28	9	
34	14	43	15	17	15	31	40	9	15	39	46	8	50	36	20	39	32	37	40	
24	26	42	40	45	6	28	14	10	24	40	32	20	2	34	6	7	17	47	16	
8	37	49	15	46	28	44	9	24	17	41	4	18	4	21	42	27	8	16	45	
47	32	11	35	30	14	50	40	44	38	37	42	40	37	30	50	50	41	24	15	
38	39	43	1	6	17	31	15	39	21	30	40	27	29	30	18	28	27	12	30	
39	11	28	4	49	44	42	42	44	37	50	20	31	34	25	23	13	39	6	21	
3	1	2	3	31	2	26	16	27	17	27	49	24	34	2	41	34	7	39	2	
12	11	29	47	31	26	18	10	25	3	20	9	19	23	15	34	3	41	26	26	
2	30	14	36	6	37	9	47	18	1	27	5	40	31	9	13	44	31	3	35	
36	19	26	4	26	28	49	19	11	19	36	11	32	43	42	4	3	5	40	25	
30	27	8	22	16	30	40	27	14	41	8	43	6	47	35	1	11	17	8	16	
On machine	15
47	43	50	16	5	2	44	45	11	31	27	5	26	43	23	11	10	42	16	32	
45	25	3	16	21	50	13	27	44	17	48	1	40	27	38	1	37	17	29	30	
5	20	27	43	6	12	38	4	21	4	19	4	6	17	17	24	17	13	9	46	
3	10	41	28	11	12	21	22	43	40	47	44	1	49	2	50	10	42	19	2	
32	32	21	42	38	40	31	16	47	40	28	40	24	45	3	12	30	25	7	16	
50	12	6	7	10	33	19	26	5	2	27	40	7	47	47	50	38	14	26	27	
23	29	31	31	33	23	4	20	14	30	30	32	6	43	10	19	1	14	14	28	
9	38	35	36	15	2	30	29	29	9	41	8	27	48	15	13	16	30	26	15	
14	41	23	14	24	12	18	6	47	16	28	36	10	28	28	48	15	10	40	11	
28	47	49	43	37	20	16	24	48	30	7	38	29	32	15	18	29	41	39	39	
10	4	11	14	2	16	48	44	5	8	36	16	40	21	31	7	36	2	23	8	
16	35	29	9	23	38	14	43	23	40	27	30	5	41	48	19	36	13	13	9	
48	10	11	33	30	4	10	35	35	23	20	4	13	27	30	35	8	50	7	18	
12	32	7	38	1	10	28	27	32	38	38	7	5	9	48	17	40	18	15	28	
41	12	45	29	33	11	6	5	49	19	24	34	2	6	9	35	33	34	11	48	
19	22	33	8	25	8	31	46	40	22	45	41	17	33	34	37	1	32	16	8	
11	34	47	18	44	11	34	49	40	20	6	15	26	6	46	47	11	19	18	28	
9	25	9	39	23	21	13	37	30	26	16	30	9	9	16	40	8	12	19	12	
19	34	32	18	16	27	29	17	34	11	14	20	14	11	42	27	19	36	23	26	
7	26	42	16	9	41	39	38	6	18	8	22	16	27	24	50	27	31	36	40	
On machine	16
40	26	8	28	15	37	29	19	40	34	46	32	22	30	49	13	43	26	30	49	
23	20	4	7	37	49	16	46	10	31	15	46	29	1	27	26	21	10	28	30	
19	8	6	49	48	4	40	4	50	29	31	48	6	25	15	21	10	34	5	2	
3	8	14	26	26	10	1	16	44	15	22	45	31	4	34	49	8	4	9	32	
2	7	7	43	24	41	50	8	22	9	16	16	27	17	27	23	8	46	39	12	
7	9	48	33	32	10	23	17	26	24	26	47	39	7	8	22	7	40	38	30	
11	18	21	25	37	19	16	43	34	6	30	23	35	23	16	22	19	33	13	34	
23	3	1	28	24	15	8	48	5	28	18	45	29	47	47	44	26	20	34	3	
39	9	21	5	12	10	41	33	13	16	1	17	16	19	4	9	25	37	47	21	
38	1	12	21	3	38	43	17	21	29	43	13	3	22	8	14	49	28	25	9	
41	14	13	34	38	16	8	25	43	35	12	11	12	21	1	5	10	32	29	34	
38	2	50	13	48	44	45	14	36	20	26	9	11	20	45	20	25	49	8	28	
18	47	10	33	44	26	16	22	34	11	16	40	5	26	3	50	22	6	15	30	
35	48	21	19	28	40	10	8	37	46	30	4	37	28	36	18	11	36	26	4	
15	42	50	18	9	7	8	48	3	8	11	18	34	22	12	36	27	43	23	20	
2	35	45	19	11	25	26	24	4	49	7	37	20	35	32	10	24	4	3	39	
4	37	1	3	38	1	27	15	3	17	45	4	37	18	50	10	10	11	17	22	
13	39	18	49	10	39	13	38	44	24	31	42	19	50	37	39	37	26	42	25	
11	37	25	36	10	49	38	27	9	45	9	15	48	6	31	4	35	6	31	27	
2	7	1	38	44	35	9	23	16	5	8	41	6	6	8	13	23	5	5	45	
On machine	17
28	11	8	3	30	15	41	40	26	26	10	8	45	25	2	32	9	25	27	39	
13	3	44	7	35	39	36	36	14	3	36	30	29	35	37	48	14	31	30	34	
13	44	28	31	24	4	26	20	11	17	7	29	16	29	23	26	21	27	31	40	
23	7	44	43	50	23	39	39	30	29	9	39	3	3	46	7	26	1	24	10	
12	3	50	50	35	16	18	11	14	22	50	21	26	36	40	23	1	41	47	25	
29	12	8	34	45	21	10	47	22	10	27	49	31	2	4	38	40	6	43	22	
19	16	44	34	24	50	34	30	35	25	12	22	7	34	10	22	48	3	27	50	
23	20	44	41	12	13	34	16	6	11	38	43	5	14	36	34	4	14	36	9	
33	31	17	35	31	16	6	12	15	27	30	16	48	29	4	19	27	31	13	24	
17	20	45	13	50	21	7	34	39	23	8	45	25	36	30	10	50	29	15	31	
2	43	32	2	46	47	23	47	44	28	35	23	30	39	22	48	13	37	47	13	
48	15	22	32	12	41	45	11	10	37	37	35	4	36	1	19	18	37	49	30	
15	2	38	19	5	7	5	2	22	31	14	40	8	10	13	21	19	22	1	2	
2	10	18	28	26	25	43	26	24	21	15	39	23	35	44	44	13	24	11	20	
12	15	7	9	31	20	36	36	19	6	32	29	36	16	6	7	42	4	29	34	
4	40	2	29	23	45	42	13	6	34	1	39	42	45	8	40	19	23	22	49	
34	26	33	50	43	39	1	2	8	31	36	28	24	9	1	49	22	21	20	13	
49	40	17	24	7	49	41	14	24	15	7	23	31	17	31	29	45	12	12	12	
36	9	35	47	37	34	44	28	40	48	10	27	43	28	9	16	35	18	6	24	
24	13	4	38	13	2	50	18	35	47	15	8	34	30	44	20	45	13	34	5	
On machine	18
23	40	4	48	45	27	23	20	49	35	25	5	31	15	10	49	31	38	35	43	
43	20	31	23	13	31	7	8	32	6	22	36	14	49	49	43	37	48	23	2	
1	36	12	46	1	31	34	2	11	20	5	36	10	2	35	31	22	45	6	30	
9	3	12	45	2	16	23	26	27	18	6	13	6	33	5	15	34	38	19	44	
45	46	18	30	48	2	15	14	31	49	47	26	18	37	5	33	50	22	1	19	
45	19	34	50	17	41	12	1	19	34	13	35	15	33	16	2	13	34	12	47	
6	26	31	36	14	12	22	38	45	18	29	17	8	22	4	42	17	22	29	27	
15	11	4	42	25	42	22	12	29	44	25	30	15	6	50	2	38	28	24	4	
44	17	43	25	5	21	7	47	44	14	9	19	22	8	41	15	15	33	4	1	
10	46	19	31	16	15	43	39	40	2	15	44	33	42	45	43	4	22	3	28	
14	38	44	45	11	34	45	2	12	48	32	43	28	16	18	22	9	7	26	26	
13	11	38	34	27	24	50	24	46	13	27	38	36	3	45	19	8	13	34	35	
43	38	3	40	35	2	46	46	21	5	22	41	8	21	31	24	22	2	5	49	
29	31	33	2	27	24	38	40	37	37	1	49	44	29	47	2	14	10	49	23	
46	20	2	9	4	14	22	41	44	32	10	49	49	21	4	35	15	50	45	43	
6	15	47	7	23	35	22	16	24	19	27	32	35	12	21	27	2	47	48	18	
7	27	43	48	33	4	20	27	40	32	28	23	7	24	46	41	7	37	42	37	
6	18	4	48	18	28	49	8	26	17	19	36	24	43	5	24	7	17	26	22	
40	2	12	23	49	30	40	44	44	20	16	42	46	1	7	40	39	16	44	34	
36	16	37	3	13	41	33	9	2	25	22	5	1	15	31	8	9	4	33	23	
On machine	19
49	28	22	35	35	7	10	20	41	43	29	49	2	18	48	37	10	8	33	46	
1	11	21	48	40	8	5	45	21	32	6	23	44	1	47	15	32	7	20	48	
22	14	6	30	10	23	29	37	2	39	40	16	26	50	29	45	41	6	14	26	
42	32	47	26	26	49	26	25	3	26	8	42	24	9	21	27	19	14	2	37	
1	33	21	12	30	31	11	2	28	10	8	1	16	36	18	39	34	30	7	11	
24	20	47	5	31	12	22	19	37	15	21	23	13	45	3	28	22	15	1	23	
18	4	31	32	2	11	40	7	43	13	44	22	16	37	12	28	12	28	32	27	
8	27	15	6	47	38	20	21	3	3	38	32	38	50	27	41	46	37	28	34	
48	19	19	37	26	24	33	42	45	10	38	30	1	30	28	17	8	38	21	21	
11	48	10	1	27	46	23	24	21	15	26	43	9	43	12	23	35	48	41	18	
36	32	40	17	1	42	4	7	17	43	6	36	9	44	38	38	18	49	1	6	
26	31	25	2	5	29	13	2	31	4	13	10	32	44	13	7	42	21	30	34	
40	13	41	42	8	5	34	24	48	10	49	2	16	37	45	2	6	25	36	49	
46	8	40	4	5	8	32	33	9	39	47	23	3	28	20	19	24	47	34	6	
33	35	17	13	18	13	21	9	29	49	47	43	10	2	15	39	7	33	11	50	
3	7	25	15	27	28	48	36	48	7	48	14	43	38	30	30	3	47	35	22	
37	39	8	41	25	1	11	49	38	35	9	49	21	23	22	37	23	41	45	5	
22	37	4	25	16	15	4	21	12	15	49	38	19	9	7	30	6	34	1	50	
40	39	45	10	39	3	32	10	39	17	25	50	18	23	31	6	15	26	34	42	
47	38	3	40	41	45	34	28	24	26	30	15	45	15	10	21	15	4	28	34	
On machine	20
9	31	18	8	34	45	38	26	46	28	40	22	14	34	19	34	10	24	27	7	
3	46	26	39	11	24	40	9	9	39	15	13	45	27	5	17	15	25	15	27	
42	15	35	12	20	9	40	20	44	30	27	23	21	15	45	29	22	15	3	42	
29	24	38	3	17	32	13	13	4	46	13	30	36	34	16	5	27	7	34	36	
31	18	46	39	48	27	25	7	27	47	13	29	2	2	33	22	13	3	41	1	
11	22	13	50	20	14	30	37	29	22	30	39	27	1	33	43	42	12	8	48	
26	44	45	38	46	18	37	9	4	13	39	29	12	32	47	37	49	17	36	3	
25	19	12	11	14	39	8	29	8	47	6	33	49	36	37	46	35	30	22	19	
20	13	16	2	16	4	24	27	29	49	42	48	15	2	4	40	23	10	39	33	
16	38	5	48	4	32	26	42	15	34	12	12	36	16	31	1	3	48	40	13	
24	42	15	32	10	41	13	1	34	27	31	9	21	6	48	45	30	6	49	42	
2	31	42	23	9	24	50	29	31	40	37	41	42	32	30	36	11	8	41	33	
16	9	25	17	28	41	15	32	13	35	47	19	50	34	15	21	29	47	17	24	
37	8	11	27	31	28	25	7	26	17	17	45	6	21	22	6	35	23	23	23	
47	23	19	41	42	6	14	23	18	29	15	48	42	5	26	36	41	17	38	16	
2	39	40	43	26	5	32	46	50	37	37	8	44	25	20	7	22	44	45	8	
42	34	1	7	19	3	9	39	6	27	31	35	21	24	47	22	4	35	34	2	
50	35	3	26	30	37	33	31	44	24	10	25	32	3	47	49	21	45	8	45	
30	29	22	37	3	49	39	6	16	45	31	14	18	11	13	48	5	27	44	11	
18	39	11	6	47	16	40	25	7	23	39	41	46	25	49	45	1	50	18	35	
On machine	21
25	10	38	26	14	44	13	1	47	44	22	32	16	36	21	41	29	24	39	28	
24	46	48	28	14	33	25	32	40	7	6	48	50	19	11	27	21	41	16	40	
5	39	2	22	3	38	24	9	33	45	37	31	45	9	10	3	21	19	28	28	
34	37	13	42	46	37	46	49	35	21	27	38	49	27	2	2	50	30	43	43	
12	24	50	29	34	30	50	35	22	43	43	40	38	31	37	34	20	35	40	10	
15	5	20	11	11	22	22	45	16	17	4	20	20	31	2	26	29	50	48	34	
30	37	32	33	20	46	7	35	6	15	18	26	2	36	35	1	12	14	15	46	
10	1	40	25	50	40	6	26	26	28	49	47	17	33	22	27	29	41	19	21	
10	12	38	45	7	32	27	13	3	21	2	37	20	27	42	23	4	4	49	44	
32	12	39	16	49	29	12	13	27	15	44	19	28	37	11	9	26	40	16	12	
16	40	11	21	44	17	17	37	8	46	16	18	9	1	39	28	48	17	36	45	
29	50	44	24	39	23	44	45	10	25	12	41	48	44	20	41	34	12	45	33	
12	10	12	29	14	49	13	45	38	33	10	24	45	4	47	17	14	43	17	14	
44	28	9	29	24	31	49	3	37	2	5	30	8	36	32	42	7	23	31	20	
32	47	37	21	20	4	3	20	42	3	46	46	24	50	18	16	38	30	25	31	
48	41	15	33	7	29	30	32	34	49	5	3	25	30	7	4	10	50	48	32	
31	34	16	33	12	7	29	34	6	25	31	42	39	6	42	38	21	10	5	43	
40	5	47	13	35	48	22	35	24	12	26	24	41	42	35	22	29	32	28	50	
28	7	10	33	5	39	13	20	31	24	35	22	12	46	38	39	21	26	7	46	
47	15	42	37	18	45	5	2	19	5	48	16	35	5	31	4	12	21	39	10	
On machine	22
17	7	33	28	36	41	50	16	14	21	45	33	21	30	34	23	29	13	29	33	
9	13	19	28	48	17	4	19	6	7	17	13	11	16	9	2	3	43	12	24	
4	7	9	4	13	23	18	15	30	6	2	15	48	45	8	20	9	2	18	10	
31	35	31	10	50	19	21	27	44	44	36	2	6	23	47	18	18	32	48	21	
23	30	24	35	5	33	10	8	20	35	42	46	16	19	13	39	39	27	27	22	
25	47	16	36	43	36	21	5	25	45	8	44	34	2	40	45	38	12	49	46	
28	2	19	8	40	21	5	36	22	24	49	9	6	38	19	18	17	26	18	12	
10	24	42	18	40	42	25	1	50	22	1	21	26	10	23	10	7	14	5	28	
47	21	5	33	47	29	22	49	30	21	30	35	34	39	33	48	48	2	11	18	
11	12	4	14	24	21	37	4	34	30	2	37	20	44	37	44	47	36	29	42	
12	3	31	37	21	31	15	44	44	34	11	26	42	33	39	12	13	49	17	13	
16	14	21	32	44	4	37	38	5	43	24	33	6	22	49	16	44	22	41	12	
29	38	46	36	48	43	29	46	14	44	35	36	26	7	46	39	23	10	21	7	
3	27	34	1	33	7	40	43	46	7	5	14	16	24	23	18	41	7	6	48	
20	13	10	2	20	2	15	26	21	23	1	8	1	38	1	35	39	26	25	5	
24	16	46	2	26	21	43	15	31	46	36	35	32	35	24	11	7	31	48	30	
46	36	42	45	13	49	36	29	37	49	9	30	32	27	39	50	35	33	21	33	
7	14	4	38	29	3	45	41	29	6	4	22	5	13	28	39	6	45	10	43	
39	39	13	36	34	9	20	17	26	29	23	24	17	18	19	18	26	47	33	43	
38	17	43	43	25	19	6	40	21	39	38	32	41	25	25	33	5	49	16	25	
On machine	23
38	13	6	10	11	24	8	36	25	41	15	38	37	49	47	4	3	13	1	39	
36	10	20	8	17	49	40	7	14	10	19	31	49	32	21	50	31	25	50	36	
47	18	39	31	10	25	48	40	47	33	28	16	30	8	6	8	38	45	1	39	
28	41	10	26	39	29	37	12	34	12	20	33	16	25	35	11	4	35	43	27	
11	14	9	1	7	23	42	44	37	11	35	7	21	5	39	20	31	50	38	32	
22	29	48	24	22	19	12	6	37	8	3	28	17	42	14	4	10	18	6	43	
48	27	18	13	40	33	31	33	18	20	47	37	15	34	1	44	23	45	12	22	
30	35	19	24	40	41	20	6	14	20	28	26	45	40	39	14	20	4	6	17	
16	20	14	41	12	42	45	44	47	38	36	49	23	16	45	35	15	36	8	48	
37	21	20	41	39	41	19	23	44	41	36	49	2	33	31	42	26	3	23	21	
36	50	25	8	30	36	15	7	13	22	23	13	31	33	47	44	44	23	44	20	
20	36	31	20	47	43	29	22	29	26	3	10	14	38	20	38	42	48	13	10	
1	7	30	13	37	27	30	11	36	2	28	41	1	26	29	32	8	12	5	26	
33	11	37	35	39	19	24	2	48	11	11	24	14	16	13	23	21	28	49	39	
18	3	1	10	28	48	45	22	12	44	11	14	23	30	21	14	41	1	24	24	
31	20	25	25	9	10	35	39	39	20	42	19	40	36	45	14	26	24	43	27	
43	49	14	3	19	37	19	21	22	20	4	42	15	24	37	42	47	31	31	25	
47	6	46	48	44	26	20	7	10	14	26	17	31	48	30	4	13	39	7	47	
5	13	3	13	25	27	6	44	12	50	7	21	18	10	29	45	5	45	28	33	
8	12	15	40	45	43	21	38	11	48	30	33	13	46	14	37	43	30	24	34	
On machine	24
30	47	14	18	43	33	27	2	36	39	49	41	18	17	32	10	8	19	4	29	
43	17	49	31	2	22	10	44	35	23	14	29	32	32	17	50	8	19	18	26	
32	8	49	6	50	39	25	46	21	6	37	4	13	35	41	14	13	5	36	39	
6	48	40	8	43	38	17	27	37	46	42	28	13	29	24	43	45	39	42	37	
8	47	44	19	18	16	21	16	38	3	3	30	44	10	1	3	30	15	8	37	
4	21	18	39	40	1	9	41	29	17	13	6	50	3	20	29	42	41	32	34	
13	25	16	18	12	39	25	21	20	3	43	33	28	18	36	25	7	30	41	31	
47	40	25	14	29	40	11	46	35	4	9	20	15	1	47	24	32	6	32	14	
8	42	26	49	43	35	45	47	24	27	16	3	21	46	18	12	41	22	12	39	
12	27	46	40	42	43	18	6	4	40	47	7	4	7	28	46	31	22	14	11	
31	13	16	6	3	40	49	50	1	16	50	43	43	35	42	22	48	28	14	1	
13	11	7	41	20	5	35	15	8	32	29	13	27	32	14	47	50	39	15	28	
10	50	40	25	22	10	23	26	40	4	32	42	21	24	32	30	5	4	35	14	
17	38	17	39	17	4	11	29	16	8	5	41	16	13	19	34	6	29	2	49	
18	25	14	43	44	9	27	45	23	49	19	16	36	41	46	1	49	45	1	31	
11	36	35	40	8	45	45	28	31	7	38	4	22	32	44	39	14	20	9	28	
1	47	6	44	25	6	25	1	18	33	39	41	48	27	22	20	46	13	43	25	
3	35	39	10	27	33	32	43	12	15	16	42	36	15	20	21	8	12	33	32	
23	20	18	5	29	30	32	7	4	47	46	40	16	35	41	19	21	2	41	9	
12	12	11	41	49	45	25	5	13	30	32	18	35	6	3	12	39	35	14	43	
On machine	25
26	24	24	14	25	7	36	29	12	23	33	26	1	35	22	8	9	5	35	9	
30	38	23	34	5	5	46	10	9	50	27	14	47	23	27	45	8	42	31	9	
7	28	40	3	8	38	31	40	6	8	26	18	41	46	32	19	27	8	32	1	
27	36	38	31	8	36	39	12	37	45	8	31	1	34	33	27	3	48	3	19	
34	19	47	37	7	14	42	24	48	1	32	39	45	12	20	17	20	30	16	43	
1	50	30	1	16	49	8	46	41	45	23	29	15	12	6	2	19	2	19	14	
12	11	43	40	32	44	36	32	4	13	33	6	47	5	45	42	50	25	30	43	
12	48	1	33	34	18	37	4	45	45	40	40	23	48	15	44	6	46	31	5	
5	39	46	5	47	33	22	35	23	16	34	36	27	25	39	30	15	35	9	28	
39	48	35	27	30	8	35	5	46	5	21	37	50	33	29	42	26	13	43	10	
4	12	15	13	5	16	14	47	34	25	20	7	47	22	11	1	6	1	14	12	
2	35	50	16	11	1	40	15	3	6	33	8	3	47	12	31	37	8	22	31	
8	9	16	10	14	21	2	8	7	7	49	38	23	21	40	38	25	34	1	35	
33	9	16	10	19	10	45	4	35	37	13	39	13	28	47	32	4	15	13	4	
8	7	26	32	3	5	45	12	11	23	35	2	3	1	43	13	15	11	2	41	
14	46	35	39	42	10	39	49	17	35	2	40	6	4	48	31	26	14	10	11	
12	12	9	38	6	43	2	12	42	27	9	2	2	8	45	40	34	43	27	9	
32	37	25	24	46	23	50	10	2	38	34	23	6	31	31	50	12	40	22	17	
12	50	45	29	9	4	26	30	33	17	47	43	14	19	18	47	27	6	16	11	
36	14	27	30	46	35	43	50	27	22	27	16	19	47	22	18	32	13	48	15	
On machine	26
23	47	37	44	15	20	39	48	26	46	47	5	41	41	45	43	22	12	8	33	
35	16	18	49	19	42	17	27	4	18	37	42	47	4	45	33	46	46	22	39	
7	36	32	18	42	27	43	34	37	28	46	21	26	7	9	15	50	38	13	17	
38	42	21	12	8	15	2	31	24	3	40	43	20	47	9	21	7	45	33	4	
42	9	9	20	32	5	30	50	43	4	14	15	49	31	8	9	41	41	45	6	
34	25	35	17	24	8	9	50	22	9	4	8	22	36	35	11	36	20	45	26	
3	8	23	38	4	20	45	12	5	49	22	9	5	25	35	50	26	2	4	29	
26	11	5	15	37	45	41	13	8	35	34	13	18	26	48	41	44	1	45	31	
25	45	18	34	50	23	25	40	26	17	35	14	45	36	13	22	8	6	50	24	
28	11	30	45	16	6	43	46	37	40	1	39	9	36	12	6	20	16	38	42	
14	10	49	42	19	7	50	44	30	3	25	35	2	27	49	39	42	6	15	9	
40	31	46	8	37	36	48	13	13	26	44	44	47	21	6	43	6	2	49	45	
27	3	18	5	50	29	30	28	1	36	13	14	46	8	27	3	16	13	8	46	
40	39	33	1	43	18	16	17	1	17	4	34	22	11	26	8	26	34	39	1	
35	11	44	47	15	10	39	38	36	49	5	26	7	38	23	23	19	44	48	1	
46	3	19	21	34	23	3	29	30	2	40	18	2	34	39	50	35	29	18	39	
4	6	17	17	12	1	6	26	22	32	46	37	43	47	8	22	48	2	14	9	
10	44	1	34	10	11	29	40	45	32	7	8	24	30	49	28	21	1	29	14	
20	13	37	3	22	2	44	30	18	21	49	37	18	2	43	28	7	30	22	46	
37	43	44	26	22	46	18	32	17	9	31	12	12	6	33	49	18	6	22	21	
On machine	27
14	45	46	7	1	21	15	28	37	31	32	39	20	30	8	49	11	3	15	1	
46	22	46	41	28	7	30	2	45	22	19	34	47	1	27	21	4	42	49	14	
49	44	35	29	16	13	18	15	8	1	38	26	49	3	28	2	41	12	1	33	
41	39	44	7	27	37	9	23	34	20	29	36	17	30	33	12	30	43	29	33	
11	39	44	2	25	8	29	16	37	9	6	40	21	50	22	29	19	18	5	12	
46	48	31	27	20	15	40	40	31	47	19	28	45	21	46	17	44	30	1	42	
50	24	36	16	39	34	11	43	50	39	15	40	49	23	1	17	31	11	46	46	
35	19	25	1	12	1	27	7	25	22	21	36	1	23	48	28	50	2	17	24	
50	38	9	1	23	27	8	22	49	2	49	36	22	45	47	31	22	26	32	45	
24	17	33	11	31	40	26	32	10	48	28	43	29	32	27	45	19	34	31	39	
49	2	27	31	1	50	17	14	12	28	1	33	28	2	31	22	46	15	19	28	
2	31	31	44	28	5	1	38	1	42	17	6	5	6	7	36	46	9	13	44	
7	31	11	48	26	21	6	29	48	41	2	43	18	17	7	11	13	10	13	2	
9	50	7	20	35	35	12	13	32	18	16	32	47	18	9	33	48	27	35	37	
36	34	17	3	32	16	43	32	15	1	5	47	35	47	43	32	11	11	22	30	
48	17	25	49	37	32	22	26	8	35	12	16	34	14	25	12	37	45	24	27	
46	10	48	6	49	18	7	29	43	45	36	30	35	50	34	43	13	20	36	39	
16	15	23	49	32	22	8	43	11	6	9	24	22	30	39	4	24	8	21	9	
39	5	42	46	22	1	9	41	39	47	1	9	43	40	10	2	48	27	49	44	
35	8	34	48	40	22	22	24	32	26	20	1	2	21	32	34	26	24	49	16	
On machine	28
13	15	47	39	5	30	44	24	15	41	5	38	41	13	49	5	24	39	38	12	
9	41	49	17	33	50	30	36	15	4	37	1	15	35	40	11	49	9	30	21	
9	16	23	7	16	27	13	46	36	30	47	32	6	44	29	18	9	26	3	38	
37	30	50	28	19	13	2	13	4	2	50	4	15	17	4	18	26	20	15	42	
11	33	13	11	45	28	9	10	9	30	5	1	7	8	12	39	9	23	46	4	
32	27	2	26	10	2	25	2	29	30	28	35	5	39	38	34	27	18	11	47	
10	46	50	22	38	29	35	7	37	28	45	29	37	34	48	4	26	8	31	49	
25	49	21	26	28	45	27	30	16	44	24	43	4	22	43	2	24	17	15	2	
20	45	26	44	15	24	6	47	9	32	36	19	49	12	9	5	33	31	36	48	
47	3	13	23	8	33	24	24	11	41	3	43	34	33	37	15	11	23	17	10	
27	43	9	3	43	9	34	45	14	13	33	15	12	45	41	22	37	17	22	39	
6	40	43	2	33	8	30	2	6	39	41	50	6	15	33	11	28	7	15	1	
23	44	25	38	8	31	3	23	30	17	11	3	23	38	16	40	28	22	29	35	
1	50	43	3	25	8	9	8	33	40	42	27	36	11	17	10	6	2	31	23	
40	43	45	25	21	28	17	5	22	7	50	13	42	11	19	27	2	43	27	33	
41	24	50	36	44	14	42	43	11	5	17	28	20	42	10	17	37	49	40	9	
19	39	45	41	31	21	37	42	35	18	16	1	22	37	26	6	14	39	33	44	
42	44	27	26	7	30	4	16	2	2	31	4	35	4	35	48	25	22	40	11	
34	22	29	17	19	10	46	28	16	25	4	48	20	37	11	23	30	31	34	34	
6	40	22	26	19	17	37	37	44	27	21	16	50	12	49	14	42	42	49	7	
On machine	29
13	10	1	35	42	18	22	6	19	7	31	21	16	43	34	4	24	42	26	36	
42	45	17	22	38	16	41	43	32	15	24	6	5	2	13	30	34	46	41	27	
1	18	23	7	22	12	34	37	3	24	28	16	22	35	50	42	33	31	25	18	
36	37	27	39	48	32	33	8	46	43	31	47	26	44	25	8	50	20	26	5	
18	33	6	22	44	17	4	2	32	48	41	22	39	29	14	32	4	20	10	16	
25	19	23	11	50	40	6	16	21	41	48	26	7	38	38	31	31	46	2	24	
36	19	24	8	33	4	7	7	11	30	42	23	48	13	29	30	50	43	15	17	
5	14	50	17	40	16	37	49	19	30	17	42	49	11	11	28	15	47	12	16	
18	17	20	43	14	29	9	49	37	22	43	20	4	2	36	33	18	2	10	50	
17	45	49	17	1	34	32	42	8	28	35	11	15	26	16	47	18	37	7	38	
37	21	34	24	6	19	2	47	14	29	13	47	29	24	37	50	40	38	3	46	
37	34	26	37	31	23	44	19	33	37	7	29	9	20	3	6	47	17	6	39	
39	10	9	47	5	37	42	39	34	38	40	19	22	32	31	9	45	39	1	14	
5	18	23	48	23	17	4	34	17	11	50	28	12	16	27	5	12	33	9	16	
43	44	16	49	27	18	13	24	18	41	32	5	44	13	5	27	23	15	11	30	
21	30	5	19	35	2	36	25	30	21	1	47	49	38	31	15	45	5	18	22	
23	11	37	34	45	7	37	26	7	3	4	34	34	8	16	22	15	32	34	38	
27	3	30	30	45	41	21	26	31	16	29	16	49	22	25	46	4	36	16	2	
19	20	21	34	43	9	5	9	18	46	30	25	18	33	15	10	7	13	50	11	
28	34	16	49	43	3	9	8	11	29	12	39	42	22	41	21	38	23	42	34	
On machine	30
8	2	47	12	2	14	42	50	8	6	14	9	26	29	30	40	35	28	16	9	
34	49	43	39	17	44	29	13	31	31	31	12	8	28	23	50	34	2	20	11	
33	37	27	45	23	10	10	21	31	7	45	36	40	15	19	1	23	49	23	4	
8	38	27	28	45	37	42	22	40	17	22	31	33	30	34	19	9	8	50	17	
1	6	7	7	27	36	30	34	38	3	14	43	21	19	25	28	11	38	26	25	
42	4	4	40	34	32	10	5	17	14	27	15	40	36	50	22	15	1	23	35	
47	20	21	4	33	10	39	33	1	24	26	6	12	11	44	36	43	50	24	18	
17	12	40	2	36	25	17	18	28	17	7	21	24	6	13	21	50	34	24	48	
18	8	44	34	15	36	42	5	15	1	42	17	15	29	33	34	24	2	43	12	
44	21	14	23	13	41	42	6	50	43	25	33	50	11	16	28	14	48	9	34	
46	14	38	31	32	30	4	9	10	33	25	22	36	48	25	37	7	14	37	7	
21	23	31	27	16	14	48	32	43	10	45	26	2	9	47	15	1	38	38	12	
41	6	28	23	24	6	48	42	2	37	3	23	9	41	29	26	22	23	24	36	
41	27	48	15	27	50	23	49	11	37	46	43	49	29	18	18	43	11	15	23	
43	13	25	14	11	33	44	34	7	23	43	12	43	28	37	23	47	4	3	43	
8	13	36	39	43	31	3	49	39	38	15	43	32	13	9	42	14	18	16	47	
42	39	49	47	31	27	25	2	11	1	29	2	5	7	16	17	32	11	16	6	
26	45	29	11	29	18	28	32	10	14	42	38	16	45	3	9	33	5	2	8	
47	38	37	36	48	18	16	40	2	16	50	36	29	44	1	11	43	26	24	14	
18	43	15	38	45	41	5	5	11	37	18	11	5	3	22	14	9	40	33	38	
On machine	31
26	35	29	5	15	2	26	23	36	44	38	43	24	4	14	19	44	6	33	5	
38	16	15	10	28	48	29	26	23	33	21	25	19	11	39	13	25	29	7	20	
36	21	10	14	47	36	23	2	37	43	47	10	50	8	37	46	26	9	47	27	
15	39	50	29	50	16	3	24	13	3	31	27	1	43	39	23	43	11	46	1	
14	29	13	41	7	7	10	30	20	34	40	18	22	15	12	42	9	25	35	34	
40	35	49	6	15	6	11	42	46	36	20	25	19	7	36	17	17	43	30	41	
10	6	33	30	25	23	3	38	4	43	13	27	28	44	15	36	24	49	40	45	
18	44	1	47	43	6	47	24	20	5	43	20	42	7	49	14	47	47	14	26	
17	6	19	41	24	8	37	50	30	31	4	18	23	17	43	18	28	22	34	24	
10	35	42	24	35	28	47	40	1	34	9	32	17	33	37	22	36	24	46	34	
26	47	34	16	37	25	18	13	36	46	7	19	42	33	34	37	31	9	36	31	
35	19	25	33	37	47	15	35	23	34	3	16	33	19	6	50	8	33	47	9	
20	46	11	12	39	30	38	39	32	3	22	23	6	6	24	30	18	39	6	49	
14	45	32	20	45	6	43	50	28	24	49	33	33	14	22	26	44	17	37	23	
39	10	28	15	43	50	6	4	47	23	39	1	45	40	31	44	25	15	48	41	
6	34	36	34	14	16	31	6	36	34	30	21	2	25	23	38	42	6	4	14	
36	41	2	36	15	9	19	35	19	13	34	1	32	2	11	4	36	26	1	39	
21	49	39	47	45	22	15	46	3	16	3	34	30	45	35	45	26	44	6	15	
32	23	18	2	24	16	15	11	23	18	37	22	48	41	31	38	36	22	39	35	
13	29	21	21	34	17	15	12	31	9	17	46	13	4	19	12	46	42	34	24	
On machine	32
4	22	5	17	7	9	33	7	48	48	40	19	22	38	19	39	43	44	35	18	
16	49	3	1	32	14	47	24	39	35	41	26	4	19	28	21	43	44	50	43	
13	43	15	34	41	44	14	2	30	41	3	45	19	11	39	4	49	42	28	25	
40	18	38	22	2	18	47	32	2	17	35	3	26	22	14	11	6	13	4	5	
9	13	31	25	23	48	37	35	44	26	43	43	22	5	41	41	7	21	49	1	
42	47	39	11	8	40	7	47	13	33	1	24	40	50	28	39	46	30	9	50	
20	40	8	43	13	1	6	2	39	24	24	3	34	49	23	1	4	49	12	28	
14	26	45	8	48	37	47	21	45	20	4	41	13	16	48	36	23	46	14	24	
29	48	28	46	23	42	31	5	11	26	43	26	45	23	30	15	13	16	29	37	
3	34	36	6	49	2	17	17	27	16	16	12	39	26	18	12	10	18	23	26	
45	40	48	24	28	41	10	11	36	39	29	32	48	12	27	10	46	40	5	13	
47	49	38	31	29	13	22	1	4	40	6	38	28	19	35	25	23	12	10	17	
44	44	26	29	10	23	16	31	26	41	26	17	47	31	45	37	37	8	21	47	
28	30	7	45	12	37	37	47	19	35	32	48	44	48	39	44	18	5	25	40	
33	29	20	47	10	18	17	18	49	41	38	31	43	21	28	6	45	1	42	48	
45	8	19	16	9	28	14	32	41	39	14	29	2	31	20	36	49	25	24	12	
3	15	6	1	33	6	36	37	10	9	7	34	36	27	5	43	6	46	18	16	
17	31	35	27	7	6	35	28	19	38	23	28	13	20	31	34	13	20	1	30	
48	19	28	10	18	7	47	39	46	44	23	12	22	30	18	49	9	35	25	30	
44	25	4	10	25	24	7	1	33	24	11	29	4	43	7	36	39	24	8	1	
On machine	33
37	40	12	8	30	4	33	33	30	27	38	24	30	38	19	47	6	1	35	31	
42	25	8	17	15	20	12	28	5	13	8	5	15	12	36	9	33	10	32	43	
12	13	7	27	36	29	1	14	18	38	25	48	4	12	35	12	47	18	23	48	
10	23	40	4	33	49	17	4	27	31	11	17	1	23	23	4	38	38	27	17	
2	19	41	38	5	35	12	8	10	31	23	46	44	38	39	12	34	40	49	40	
46	20	33	50	27	2	36	19	46	26	40	37	28	12	29	10	7	20	48	17	
15	18	47	47	35	31	42	14	3	17	49	1	3	43	34	27	4	22	12	16	
5	24	24	46	9	11	7	50	23	1	30	5	22	38	47	29	19	5	3	45	
23	12	49	16	5	30	20	44	46	45	32	9	33	12	1	44	49	43	24	30	
16	49	22	33	39	38	11	16	29	31	40	21	11	42	34	11	19	30	16	24	
47	36	10	13	15	42	6	46	21	2	27	45	7	27	4	25	44	7	15	15	
17	35	31	1	36	49	42	2	36	5	5	18	33	18	11	44	21	30	15	40	
32	4	29	4	19	46	3	19	39	20	34	50	4	30	14	11	28	13	44	6	
43	5	33	42	16	39	32	37	2	27	32	18	40	11	9	30	38	1	38	9	
17	24	24	13	7	46	40	45	11	32	47	42	41	2	9	50	37	29	40	20	
47	16	12	34	38	36	39	40	19	35	49	27	9	37	42	12	32	37	24	14	
34	8	10	26	38	16	17	23	33	36	42	40	5	12	17	27	6	8	50	2	
37	37	42	37	15	23	43	26	46	40	19	17	4	8	42	27	10	29	10	15	
11	19	3	9	40	15	42	4	20	16	50	33	32	26	31	43	42	45	11	38	
42	8	41	46	42	46	26	43	23	44	1	37	50	39	49	40	48	40	34	20	
On machine	34
7	7	12	35	29	16	50	20	37	43	27	46	27	21	16	34	21	49	8	21	
37	19	15	29	20	28	30	15	21	47	3	45	41	18	19	19	11	7	27	6	
27	17	32	36	23	39	17	34	39	44	13	37	7	46	7	34	6	43	41	12	
8	37	10	8	41	25	38	49	29	23	41	36	3	37	3	47	47	32	43	49	
48	5	16	24	34	1	23	23	41	50	17	21	4	30	7	13	13	44	13	26	
39	19	22	35	33	50	17	17	48	34	4	41	25	2	42	37	23	45	7	37	
2	37	6	14	41	33	36	39	3	42	45	48	17	13	19	21	32	36	35	25	
9	34	38	15	2	50	22	16	15	24	2	10	24	25	4	8	22	1	7	24	
2	32	4	18	7	46	19	16	8	26	40	8	37	39	21	36	25	22	27	16	
7	18	38	20	36	5	12	37	2	32	16	4	37	36	49	49	36	31	42	31	
11	31	18	29	10	44	6	28	37	46	31	21	42	27	5	46	19	35	1	48	
40	21	47	39	5	17	49	19	5	44	26	11	35	16	7	36	4	29	32	23	
50	46	47	9	28	40	35	20	6	3	41	46	30	37	17	15	22	31	11	25	
15	26	35	17	26	17	34	26	11	14	18	10	17	32	17	13	50	2	24	38	
21	46	29	24	26	16	41	8	39	30	46	43	21	17	11	23	39	18	17	22	
40	48	8	9	44	1	10	45	6	49	5	23	37	28	44	7	17	41	28	48	
15	38	50	16	14	29	32	44	50	31	45	39	39	39	16	32	31	12	17	25	
3	30	12	36	21	32	1	41	33	18	42	37	41	42	12	27	34	3	48	16	
10	14	3	12	27	41	24	42	12	26	40	40	6	19	36	37	18	10	14	25	
48	40	12	6	14	47	46	3	29	8	11	24	6	30	19	12	36	35	33	50	
On machine	35
28	43	34	47	36	15	4	25	39	40	33	40	4	45	23	3	8	30	36	38	
22	27	30	38	3	49	19	33	10	50	10	22	24	5	17	44	13	33	25	37	
2	36	39	27	33	24	43	47	42	22	32	18	30	20	50	30	27	28	6	9	
1	30	28	19	5	14	36	8	47	4	45	1	19	25	25	38	45	50	15	8	
48	45	29	42	11	33	27	13	5	33	19	14	21	16	7	13	25	38	3	10	
47	19	25	4	35	20	12	48	1	3	33	28	2	2	8	36	11	10	7	28	
22	43	47	15	19	44	20	1	10	11	34	26	40	22	21	10	50	7	2	16	
17	46	30	17	19	42	15	31	46	9	37	29	43	17	3	29	30	25	34	27	
39	3	13	34	43	16	30	42	42	31	41	1	18	40	47	21	45	42	11	41	
26	1	16	30	27	13	50	24	4	39	18	42	6	37	45	40	26	29	32	22	
18	26	3	1	6	26	47	18	17	6	29	8	29	50	22	24	21	14	32	13	
4	6	31	16	17	39	6	47	11	34	24	10	31	8	4	44	18	20	35	23	
49	50	19	19	6	41	13	5	6	25	49	18	37	22	32	49	11	41	50	16	
9	16	6	3	45	34	20	50	7	4	31	31	12	2	2	29	25	29	34	14	
28	4	21	14	38	46	11	45	33	5	39	1	35	32	21	29	24	16	4	7	
13	36	24	1	30	1	47	7	41	23	25	49	7	50	10	16	17	21	14	5	
14	39	31	27	25	11	50	21	31	21	32	45	44	14	46	42	35	30	22	31	
3	32	48	40	44	35	21	36	19	20	4	24	29	45	46	29	15	14	34	13	
46	18	16	39	9	11	40	37	42	1	13	28	42	30	18	32	45	22	32	29	
2	27	40	40	8	8	17	17	14	34	32	25	30	43	23	43	12	31	44	31	
On machine	36
19	38	3	10	33	31	22	25	3	23	21	45	42	20	2	29	43	50	1	17	
13	16	25	2	46	21	1	20	44	16	47	33	46	22	25	20	41	44	10	15	
32	29	19	28	1	37	45	4	14	19	13	32	50	35	50	39	3	41	11	29	
15	18	14	29	12	50	21	48	34	17	43	6	2	3	45	23	31	34	44	31	
36	20	42	47	45	1	15	42	49	33	27	13	44	28	13	38	3	35	18	49	
22	23	1	37	38	37	18	16	14	1	13	16	32	30	26	46	45	31	9	32	
19	16	7	25	36	38	17	45	24	49	35	38	49	29	37	41	11	6	25	32	
45	6	9	30	16	14	46	1	7	9	37	44	41	1	3	24	45	37	41	48	
32	40	14	5	2	16	4	5	7	38	46	40	36	26	42	18	35	40	40	41	
23	40	49	31	28	47	14	41	37	41	8	18	34	18	3	46	40	34	39	1	
21	14	8	28	29	24	18	26	3	37	1	14	27	8	3	7	25	35	26	44	
37	25	1	30	50	23	48	30	30	43	44	25	29	29	48	1	33	42	1	26	
43	9	34	16	32	5	31	42	18	34	50	12	49	28	50	38	47	34	40	32	
10	4	45	41	24	46	26	18	33	7	21	25	19	11	15	29	11	10	20	24	
44	33	3	3	2	43	14	49	20	35	13	38	7	36	27	48	26	36	5	12	
14	21	9	34	49	36	2	5	24	2	23	3	19	4	4	14	36	47	13	39	
38	35	10	48	9	50	2	21	43	32	36	30	6	9	46	28	39	46	50	15	
40	13	27	2	28	46	30	38	25	6	26	43	39	29	27	27	30	44	5	34	
1	3	44	37	36	8	34	5	38	36	28	1	1	26	45	25	36	6	31	35	
49	38	35	11	44	38	13	1	14	10	43	28	21	13	43	32	45	15	31	33	
On machine	37
40	24	27	3	28	31	31	41	30	3	3	34	22	3	12	19	10	26	6	46	
17	2	19	21	44	40	19	10	41	30	24	31	9	40	35	42	22	48	22	24	
47	1	46	16	19	50	8	22	39	2	1	21	23	31	33	32	42	39	39	45	
38	41	34	37	32	14	34	7	24	46	35	5	11	34	41	39	19	25	24	40	
5	16	3	43	3	43	28	9	42	39	33	16	36	27	31	3	48	9	35	21	
49	15	33	2	10	48	37	26	7	35	20	46	32	34	35	17	31	20	2	15	
11	23	29	2	49	10	25	42	27	48	22	34	16	25	30	48	28	26	41	18	
44	39	41	29	27	10	14	6	9	19	32	9	43	50	50	30	45	4	18	1	
3	42	13	30	46	33	27	24	26	1	20	21	38	11	22	29	20	45	41	13	
1	10	27	43	26	28	19	45	40	48	10	12	10	11	49	28	14	24	3	12	
47	21	10	39	26	24	9	44	21	8	15	13	5	28	8	19	31	23	38	9	
3	46	9	11	8	10	15	48	39	13	25	14	4	28	13	29	18	8	47	17	
6	42	24	23	3	46	36	38	48	46	39	33	27	13	34	1	15	7	26	33	
13	25	43	41	21	50	13	40	34	46	8	44	12	43	26	3	30	46	41	2	
8	16	43	35	16	12	22	13	16	22	22	27	13	27	48	4	30	5	32	39	
16	3	14	14	42	22	33	12	3	6	49	33	16	4	50	7	47	45	1	33	
46	37	46	16	45	49	5	12	6	23	33	4	20	3	39	34	1	44	4	13	
5	14	16	16	8	41	25	18	45	49	50	12	17	2	7	31	1	38	5	3	
17	45	6	10	41	5	36	43	43	20	45	44	15	13	34	14	23	23	5	45	
14	29	39	32	19	2	36	3	28	6	48	44	8	40	38	5	42	6	34	33	
On machine	38
21	23	11	10	47	27	22	39	8	30	20	5	48	12	49	43	46	6	50	18	
7	41	38	38	10	2	6	14	28	2	35	50	1	28	10	20	16	47	11	30	
37	32	15	36	8	41	10	26	35	24	50	24	29	45	25	42	36	30	34	49	
38	27	30	3	48	35	15	1	20	30	13	31	46	30	7	40	24	45	48	30	
50	26	18	32	40	40	22	50	20	8	40	19	49	40	5	33	11	27	45	1	
15	5	31	34	2	49	48	18	45	25	8	25	14	4	7	33	21	21	43	23	
14	34	15	26	30	14	25	6	15	43	16	4	15	27	1	16	19	29	22	43	
17	16	37	21	15	8	14	34	8	13	5	38	43	37	21	22	22	45	28	36	
41	30	41	31	39	20	50	8	32	50	5	27	12	18	19	35	14	20	36	43	
11	16	38	11	16	18	32	8	6	7	7	2	34	12	28	4	26	36	16	44	
25	49	48	44	17	50	41	25	31	2	33	16	45	9	18	12	49	10	8	9	
47	48	47	33	19	26	19	34	31	23	1	2	39	35	37	33	23	22	31	23	
27	48	18	35	34	6	36	2	37	24	4	23	45	41	2	49	21	12	29	12	
42	30	14	10	21	49	34	20	25	32	11	36	35	30	42	39	23	11	50	17	
32	50	32	23	15	16	35	5	26	24	38	50	41	28	22	32	21	12	49	36	
13	33	37	39	45	19	44	15	45	25	7	28	10	27	12	43	6	46	10	36	
17	48	42	6	38	39	40	21	15	27	33	50	30	25	40	31	35	27	37	1	
22	30	27	31	44	17	34	5	28	26	14	33	47	17	32	20	10	27	9	8	
10	27	28	23	2	15	14	2	8	1	29	17	17	29	46	40	8	46	9	36	
10	33	49	44	29	9	20	19	49	25	31	35	28	23	15	21	14	44	35	18	
On machine	39
20	48	16	15	36	41	47	9	20	15	19	10	50	4	20	28	26	9	45	6	
38	19	12	1	23	10	45	31	14	46	20	25	11	29	33	11	48	12	40	13	
33	15	4	3	1	1	29	28	21	40	15	43	32	36	34	26	23	50	47	8	
21	48	30	50	14	48	3	25	21	7	41	19	11	3	14	10	26	42	46	10	
23	17	45	45	42	30	35	27	41	8	16	35	28	2	50	45	18	47	5	49	
35	7	30	18	18	19	40	45	1	10	23	49	36	48	23	37	30	15	33	24	
13	20	41	38	7	6	23	37	37	29	11	45	2	19	45	46	5	28	16	28	
38	29	17	5	46	45	9	31	36	6	20	2	36	19	44	17	36	13	14	8	
19	9	31	10	12	39	14	20	34	5	12	22	46	15	24	45	35	9	45	9	
15	12	46	27	45	29	48	31	38	37	46	46	40	28	47	19	5	6	35	37	
13	2	17	8	35	1	1	49	16	18	5	13	26	1	18	18	10	42	32	12	
38	5	38	8	13	50	8	42	11	11	39	30	32	43	15	48	45	37	31	6	
35	33	3	11	12	22	11	1	11	19	25	22	49	11	5	24	14	33	45	17	
12	39	41	37	33	21	22	35	14	16	37	15	29	7	43	40	14	1	30	29	
13	23	48	5	9	19	42	50	44	48	5	11	36	21	32	20	5	50	40	10	
7	25	48	8	27	43	6	40	7	50	40	26	26	42	8	7	17	3	20	21	
44	14	2	21	33	39	8	42	37	45	6	41	5	15	1	32	45	17	39	46	
5	46	31	19	4	34	13	44	13	38	34	31	50	18	34	1	7	49	26	5	
8	32	20	2	3	31	25	2	9	43	33	27	38	42	32	9	24	6	26	19	
31	6	33	17	25	44	5	33	31	5	12	19	50	43	42	14	29	16	31	44	
On machine	40
46	49	23	47	47	39	7	34	18	20	12	36	46	46	22	21	40	15	14	19	
13	2	27	32	6	28	10	23	24	23	16	39	28	20	3	41	18	27	1	7	
25	34	44	40	2	26	19	27	19	5	43	4	31	24	13	4	9	39	2	23	
46	14	13	17	47	14	34	31	9	20	5	43	36	25	2	18	2	20	44	29	
32	1	45	41	2	24	30	13	21	17	25	43	20	47	38	31	38	4	39	42	
18	11	40	47	24	30	22	23	8	39	27	31	35	7	35	9	48	15	24	3	
17	3	19	39	43	25	30	35	1	46	13	48	6	29	47	45	16	7	37	28	
47	34	29	29	24	45	36	34	24	40	30	44	44	25	20	46	11	18	35	47	
50	6	19	10	50	20	16	12	12	6	8	5	4	37	33	4	15	42	36	32	
48	8	38	42	30	29	12	40	9	7	15	44	23	47	31	48	36	45	31	26	
7	22	45	3	3	5	37	16	40	29	23	25	36	2	16	50	28	2	22	45	
40	19	37	15	32	43	47	32	9	43	36	26	39	10	5	20	1	39	3	39	
3	43	22	47	9	11	17	1	19	23	10	34	6	11	9	5	12	44	29	5	
31	15	11	11	37	25	50	41	49	49	39	33	28	3	5	15	41	20	25	43	
20	4	18	33	40	1	24	13	18	49	16	48	34	21	45	41	50	45	40	10	
49	24	33	12	11	21	36	40	34	39	9	48	8	1	44	42	23	39	49	50	
32	12	10	46	24	13	36	6	31	27	20	36	11	5	28	26	10	46	48	50	
27	19	48	38	7	11	20	35	46	12	30	34	11	25	16	8	1	25	22	6	
45	26	50	25	11	9	1	32	50	21	37	2	38	37	29	50	49	4	43	49	
3	11	34	35	31	28	18	9	21	37	36	26	33	50	2	42	49	30	44	23	
On machine	41
40	40	2	21	24	4	48	17	7	30	40	34	38	23	31	32	27	50	49	34	
2	7	14	30	32	46	13	42	27	45	34	6	35	21	39	41	18	28	45	45	
49	29	7	13	18	39	8	19	25	2	49	35	9	16	41	22	25	38	42	50	
37	38	2	41	17	34	34	47	12	42	36	35	44	43	39	48	13	41	40	15	
40	2	21	6	26	48	48	44	45	7	9	3	29	49	9	37	17	27	16	17	
12	24	32	10	39	8	32	36	31	49	10	33	46	38	21	38	46	17	44	17	
10	32	39	11	4	42	29	25	6	6	12	28	7	8	22	6	6	47	35	6	
41	10	20	6	35	2	16	28	28	35	15	31	47	23	33	13	45	1	3	20	
33	12	17	12	13	48	35	30	11	12	17	27	48	42	28	5	47	14	19	31	
42	14	24	6	5	34	30	46	28	12	23	26	29	22	12	26	18	33	35	23	
1	47	12	41	31	21	15	26	29	43	35	42	32	8	22	15	6	37	10	48	
13	6	13	31	36	6	27	8	20	35	31	20	34	19	35	47	15	38	31	6	
22	7	42	11	41	36	43	44	28	7	18	39	16	23	28	11	22	32	24	9	
43	37	49	13	19	34	12	8	14	40	28	32	40	20	34	45	28	44	4	7	
23	16	38	2	31	8	11	38	50	34	44	14	11	11	35	49	26	46	49	10	
3	48	15	1	38	16	18	19	40	38	46	29	15	40	12	9	3	48	1	30	
12	14	27	45	38	11	18	27	5	27	28	4	21	9	26	12	7	15	12	49	
46	34	30	43	48	13	25	50	30	34	26	32	8	49	50	3	23	33	32	40	
44	30	9	32	28	8	13	38	45	24	16	20	20	5	43	15	32	31	50	9	
9	27	15	32	25	15	22	8	44	20	49	38	29	2	2	24	46	16	45	24	
On machine	42
14	36	33	33	42	45	2	26	30	13	6	12	29	3	29	46	36	47	19	1	
39	46	26	21	40	25	30	6	17	36	40	35	12	27	47	36	29	44	47	48	
27	35	24	18	11	43	20	7	2	38	41	38	34	43	21	41	27	20	13	45	
1	34	14	6	2	23	20	21	42	49	21	48	14	37	35	41	15	33	24	14	
49	33	13	31	3	31	28	38	29	32	28	46	29	14	21	28	11	28	29	42	
39	44	44	35	50	3	15	17	15	8	23	18	4	43	50	3	11	49	30	24	
2	34	12	7	13	5	30	7	40	10	50	29	10	13	36	6	8	43	20	7	
26	5	40	24	45	13	10	25	36	48	37	49	35	29	1	41	21	36	50	19	
17	29	38	9	17	22	8	39	5	15	8	9	31	27	37	10	50	35	20	22	
24	50	26	39	25	42	16	18	16	17	27	3	10	5	1	43	36	6	21	6	
39	35	28	33	4	21	47	46	45	38	24	37	31	27	36	29	16	24	36	46	
20	26	46	18	17	26	41	37	26	19	50	1	37	2	43	37	4	46	17	8	
28	45	45	41	34	48	21	11	1	14	12	50	9	43	21	28	41	30	8	44	
28	18	6	33	35	27	35	34	10	37	25	36	17	35	27	21	27	29	42	6	
28	46	45	27	6	2	7	47	21	21	38	15	12	34	1	13	2	33	32	21	
30	17	26	17	12	42	41	18	22	36	40	11	3	15	47	41	9	45	42	47	
32	24	6	17	34	9	30	28	1	39	6	24	31	36	28	1	21	14	7	43	
17	13	11	20	4	5	23	10	19	32	3	21	10	19	31	21	24	35	43	28	
42	26	25	23	27	22	38	26	34	25	27	11	40	12	21	3	16	28	48	30	
39	46	46	44	45	43	41	12	12	9	32	47	29	5	41	22	23	1	46	6	
On machine	43
17	28	15	25	50	48	3	34	45	49	8	8	21	27	6	31	44	2	27	42	
49	19	2	3	40	1	45	24	44	50	23	2	10	49	36	45	24	15	29	28	
50	14	12	27	3	11	24	16	12	39	40	35	19	29	25	30	50	40	10	13	
5	16	30	24	50	5	11	26	20	22	34	25	12	48	38	12	2	23	40	46	
21	16	13	9	26	13	18	21	16	6	25	14	23	47	12	39	22	2	33	50	
18	39	24	31	26	45	40	17	20	18	41	36	22	20	26	13	34	10	42	19	
28	7	11	41	40	22	26	26	32	21	26	36	28	10	38	28	6	20	6	31	
23	50	48	1	17	19	18	37	27	30	42	18	45	30	31	46	10	29	49	4	
27	27	23	42	15	20	35	13	49	45	47	43	27	2	29	29	23	15	33	48	
20	37	1	49	11	4	11	29	28	42	5	47	33	8	10	7	16	35	11	16	
20	33	16	40	2	48	22	36	35	10	6	47	29	14	47	24	36	26	38	11	
41	18	28	24	18	50	26	4	9	8	21	37	4	47	7	18	39	41	34	17	
31	46	35	25	9	42	22	7	4	29	14	8	25	2	14	38	12	47	8	48	
13	25	25	17	44	49	19	22	31	4	24	28	4	30	21	36	3	34	16	40	
14	32	23	1	45	13	46	12	47	39	25	24	6	48	26	31	34	2	45	48	
48	27	33	43	30	27	25	3	44	37	16	40	2	23	47	11	24	11	4	1	
22	48	32	33	25	13	18	12	35	7	28	10	48	44	36	18	6	34	9	19	
34	9	1	40	15	26	30	25	23	20	2	15	50	4	34	2	38	46	21	40	
18	12	42	34	49	18	47	17	15	45	44	42	10	10	32	40	20	32	42	10	
16	38	15	42	28	5	1	47	19	28	45	35	47	49	41	4	49	8	4	24	
On machine	44
40	7	23	24	38	48	28	28	43	14	21	1	16	22	6	3	15	29	2	16	
49	27	50	10	22	20	47	41	8	30	8	32	8	10	48	8	14	6	36	17	
6	30	12	19	50	24	36	49	49	44	3	31	39	12	26	7	48	25	23	41	
48	11	8	25	17	5	34	18	4	47	25	34	9	48	32	11	24	30	3	6	
48	46	40	12	3	49	19	45	27	44	18	19	8	32	29	1	43	35	50	45	
34	38	47	43	19	15	17	11	49	3	50	41	5	45	6	14	50	37	18	3	
43	21	15	31	14	2	4	7	33	37	12	44	3	40	47	5	4	13	2	11	
18	49	17	48	47	50	33	41	14	11	15	39	41	33	14	48	31	13	20	34	
13	18	22	35	1	37	48	48	25	42	49	3	38	6	18	14	4	35	6	4	
2	35	19	5	3	44	16	18	38	36	22	8	41	13	34	18	16	31	31	46	
6	26	31	37	49	2	39	22	36	9	22	26	17	9	9	6	34	24	48	44	
5	50	18	33	45	50	46	46	46	13	22	12	33	28	27	12	44	9	8	8	
34	41	5	43	28	27	9	22	9	10	13	7	23	21	11	26	37	32	3	13	
2	27	42	34	17	31	41	38	22	5	29	30	41	24	43	49	28	22	50	34	
43	46	7	32	3	13	40	39	12	48	50	14	46	48	25	16	16	11	15	5	
46	46	3	46	16	13	50	10	32	15	47	34	17	37	18	42	5	21	32	36	
39	37	41	28	27	31	30	49	10	39	42	29	9	43	44	5	32	8	10	24	
15	30	25	42	5	27	42	43	17	43	9	34	14	2	8	18	43	9	45	38	
16	48	48	16	48	10	15	19	41	35	34	23	24	17	2	37	18	31	18	41	
22	5	37	37	15	2	28	43	42	32	45	47	39	28	33	28	41	26	27	21	
On machine	45
23	33	38	43	36	17	46	17	19	31	39	22	7	30	5	35	46	20	26	25	
24	14	5	8	13	34	23	42	37	5	34	22	37	24	33	34	32	15	23	47	
43	26	9	7	2	1	31	42	24	8	45	21	19	17	9	25	40	29	49	21	
38	40	33	41	15	47	33	16	39	28	12	38	41	39	15	44	19	47	2	10	
5	34	43	49	30	25	4	41	38	20	3	3	19	27	21	14	46	1	25	38	
12	40	18	42	41	35	40	22	30	36	12	36	7	13	9	8	10	27	17	7	
12	7	46	32	42	43	4	5	44	6	31	1	29	23	44	33	16	49	22	25	
48	46	48	47	14	44	50	48	46	4	1	39	23	8	50	7	45	26	25	49	
34	10	5	44	10	32	11	41	10	8	31	6	7	28	27	18	28	13	12	29	
3	15	37	1	13	1	34	26	44	19	33	43	16	1	5	43	44	12	37	46	
35	31	17	14	46	33	32	43	35	17	42	45	17	30	49	17	25	46	13	18	
22	29	47	46	7	14	3	10	10	22	38	9	42	39	39	40	3	20	48	29	
35	15	36	17	11	39	28	14	7	3	31	29	22	14	38	3	28	48	24	15	
23	36	49	18	8	46	17	27	38	50	34	49	29	42	42	50	36	29	22	20	
47	13	34	41	7	13	45	2	48	25	8	19	36	49	34	6	15	13	29	6	
9	48	18	38	48	31	38	18	36	38	44	29	18	45	17	7	22	6	45	39	
27	3	15	17	4	33	43	18	38	47	33	37	47	37	26	23	2	29	23	42	
2	45	41	47	39	1	40	15	31	42	8	45	48	4	48	5	8	18	50	47	
4	30	26	26	2	49	5	46	9	6	20	40	49	44	46	21	13	36	28	46	
3	27	15	27	41	29	19	30	5	4	18	20	12	14	45	29	4	35	42	36	
On machine	46
40	29	29	8	33	31	28	2	33	23	37	25	36	44	32	21	40	46	8	47	
28	3	22	39	26	14	37	40	20	22	10	1	41	35	50	25	26	45	6	5	
41	27	28	43	7	18	25	46	32	46	11	21	4	41	25	23	47	33	29	3	
23	35	43	25	21	24	25	19	16	44	33	26	28	24	2	45	35	10	3	1	
45	12	13	8	36	31	22	50	41	32	43	7	30	15	32	44	23	3	11	26	
34	13	43	14	50	17	36	9	31	36	36	24	33	44	41	31	22	5	24	11	
7	35	8	31	41	33	8	22	3	39	24	16	39	37	24	42	41	25	4	49	
44	28	48	50	3	36	10	45	9	46	14	10	5	37	46	42	34	38	13	44	
10	31	7	42	18	8	7	46	28	43	1	44	14	31	45	1	46	33	41	49	
29	21	18	49	45	21	42	45	16	44	11	22	32	12	9	10	49	4	24	38	
1	6	28	5	3	19	1	23	32	50	14	35	17	3	36	14	1	16	27	41	
20	27	34	42	5	35	19	2	21	48	34	39	41	38	35	11	27	16	8	41	
40	5	40	43	7	27	10	49	11	20	6	4	5	3	49	20	40	22	31	21	
16	30	11	25	27	39	15	41	38	7	6	30	9	44	24	18	21	25	46	12	
1	39	39	37	20	6	36	36	15	1	26	29	13	19	23	27	35	4	40	22	
44	46	2	4	18	16	31	28	42	10	45	29	43	4	31	25	11	33	16	33	
25	42	22	22	27	17	29	7	48	37	30	36	19	41	40	24	16	18	45	41	
11	48	9	33	13	17	48	23	45	25	21	22	18	15	48	30	15	39	22	42	
32	21	10	7	7	3	20	7	29	17	49	18	27	44	41	34	5	40	8	32	
7	39	16	46	14	28	16	16	37	35	50	50	42	41	25	14	20	50	34	4	
On machine	47
9	40	4	34	36	20	7	44	18	42	39	44	42	4	17	31	35	4	44	19	
21	48	42	18	21	6	19	24	15	48	45	46	31	43	27	44	5	12	43	33	
43	13	38	36	15	3	41	22	4	22	50	33	8	9	6	8	18	50	1	13	
14	33	21	5	39	50	16	22	39	50	12	28	17	22	25	50	2	45	27	46	
10	11	15	28	25	13	34	7	29	9	42	38	36	34	16	27	24	32	29	8	
14	30	17	25	47	6	25	15	22	39	38	22	29	43	43	43	37	4	13	13	
49	48	14	45	32	38	17	2	16	48	48	50	7	28	40	32	20	30	16	40	
26	25	12	31	15	3	45	6	27	31	42	1	42	11	25	36	3	19	35	33	
2	20	49	8	20	25	44	34	47	31	25	22	43	8	46	44	45	48	20	19	
8	38	15	48	30	45	14	1	17	23	30	38	15	32	1	45	4	47	12	7	
41	48	22	25	4	34	19	2	39	24	40	48	18	11	15	44	44	38	17	36	
16	6	21	36	46	29	49	49	23	28	15	49	17	16	49	15	3	36	8	16	
25	10	12	27	3	49	7	8	49	48	24	50	22	5	24	21	39	19	44	28	
2	25	38	39	40	4	10	3	14	13	3	37	11	42	40	34	35	3	19	10	
15	30	18	18	46	25	50	37	4	21	47	7	31	9	12	13	35	30	13	15	
25	16	7	32	25	28	49	38	47	9	3	8	22	21	39	32	13	37	44	5	
32	6	45	42	20	25	45	22	23	5	37	26	44	49	35	7	30	46	28	24	
35	30	38	29	27	7	49	18	31	9	48	21	42	12	47	31	30	30	31	38	
42	49	43	14	27	18	13	9	15	5	5	11	44	19	10	45	21	34	35	2	
15	17	25	49	14	35	37	8	30	19	16	19	9	2	37	29	10	19	14	28	
On machine	48
25	50	10	10	39	19	7	20	36	15	7	43	31	45	6	30	40	24	23	34	
11	42	16	3	18	9	11	31	8	24	19	22	26	15	28	47	31	13	22	14	
19	24	35	41	21	30	14	30	9	44	21	49	41	46	45	13	7	15	1	28	
11	7	26	40	45	31	4	8	10	42	49	38	13	12	26	24	1	47	29	30	
8	7	7	34	25	25	45	34	23	32	18	16	42	30	8	20	17	9	13	9	
37	5	47	6	47	21	48	47	42	23	16	15	12	39	20	50	42	28	35	12	
44	33	37	38	22	10	33	4	22	8	13	19	49	42	49	28	35	17	13	46	
9	5	4	36	4	49	14	50	13	28	10	20	7	19	14	36	28	11	11	22	
8	29	18	31	17	34	19	7	45	1	2	11	24	2	15	20	5	9	20	25	
45	2	8	38	44	20	17	4	32	36	21	2	26	3	34	26	19	3	22	28	
15	16	42	28	19	17	43	30	29	41	46	26	1	7	47	26	26	19	25	42	
23	20	12	40	21	6	39	6	26	11	5	10	31	13	34	33	45	47	43	21	
32	18	16	29	21	43	25	36	10	40	5	44	36	7	43	24	6	20	23	2	
3	33	22	30	9	46	20	4	48	11	37	46	26	45	7	42	15	36	37	49	
41	8	2	46	35	35	11	30	50	34	43	6	44	15	34	18	42	4	42	11	
32	37	22	15	9	23	3	44	29	23	16	42	19	30	47	43	4	36	26	3	
43	8	20	15	8	27	44	24	42	17	4	34	43	19	3	14	44	11	3	50	
43	10	31	49	49	11	18	2	3	1	16	22	18	28	46	8	3	38	50	2	
32	28	29	43	7	12	44	17	11	34	48	14	47	11	32	38	20	35	21	46	
24	42	37	17	39	38	16	44	24	15	6	43	47	10	48	16	33	7	9	17	
On machine	49
26	41	5	48	35	40	39	20	34	6	42	44	33	13	12	50	30	44	43	9	
45	36	7	7	27	42	25	24	5	44	7	39	49	19	1	16	8	50	11	35	
47	16	40	22	24	1	21	28	28	49	4	50	28	4	13	16	34	48	43	33	
3	27	26	15	2	36	50	5	12	16	47	41	11	38	12	15	4	2	6	27	
1	24	30	10	13	12	40	44	50	50	21	49	42	12	33	40	1	29	7	44	
10	44	2	18	43	19	1	34	47	45	8	18	44	16	9	2	5	34	26	35	
32	6	11	42	40	44	26	10	19	13	8	15	16	35	17	3	49	15	5	18	
16	39	18	12	33	2	24	19	39	33	12	46	50	3	14	47	12	1	35	10	
44	6	10	50	24	41	37	18	35	7	16	30	45	12	34	50	40	35	42	37	
38	42	16	9	11	20	29	32	47	40	34	21	35	24	4	33	13	15	19	6	
3	39	9	27	45	37	16	28	24	16	35	45	18	6	6	11	2	43	30	13	
15	34	20	5	1	17	28	42	21	15	16	30	19	11	28	11	43	25	46	8	
6	40	38	49	32	36	43	6	31	27	18	12	37	14	10	50	5	14	6	28	
29	29	8	7	41	9	29	13	12	8	39	25	36	14	15	31	43	10	22	31	
2	40	41	32	46	11	5	31	26	17	35	5	36	34	16	41	10	4	49	46	
11	35	16	26	47	1	42	24	45	16	45	18	46	33	35	1	33	2	45	38	
1	40	38	5	13	47	20	13	22	14	22	11	46	37	45	17	13	48	8	13	
48	40	43	31	18	7	41	29	30	40	32	27	16	32	40	24	47	38	2	42	
39	23	30	20	16	27	2	25	12	38	1	10	39	38	16	17	31	19	31	10	
35	6	29	42	49	39	2	19	13	7	28	23	39	48	23	19	48	7	20	31	
On machine	50
22	25	33	35	45	29	20	19	36	45	40	10	2	32	41	20	37	19	24	13	
28	9	41	44	41	13	14	27	15	24	4	37	36	22	47	27	23	36	1	40	
1	18	32	21	31	43	18	35	29	28	10	37	44	11	42	29	27	24	38	13	
2	43	48	26	41	19	38	48	6	14	15	4	21	30	16	24	46	22	46	24	
40	18	31	14	3	7	47	48	38	46	50	7	28	19	3	43	23	32	33	35	
43	50	49	12	31	38	24	43	28	40	26	1	24	34	1	34	6	50	50	47	
29	4	12	47	6	23	31	49	26	17	14	23	41	38	24	4	50	39	47	6	
49	38	7	39	7	10	24	8	31	49	32	17	29	24	15	13	30	30	17	15	
31	39	14	33	40	39	2	29	24	40	18	43	26	11	40	5	13	17	37	20	
15	37	10	10	47	7	45	17	49	23	39	48	7	19	50	36	41	41	14	22	
25	20	35	33	18	49	2	44	35	17	45	18	17	10	18	3	47	15	1	12	
48	5	27	47	22	16	22	43	30	9	22	25	19	37	5	21	12	42	13	45	
10	29	12	29	15	38	36	13	32	32	22	31	26	27	3	1	42	16	40	27	
37	22	26	25	4	5	20	22	11	43	20	34	36	27	35	11	29	24	42	19	
8	39	19	33	2	46	49	22	50	14	41	25	33	30	30	2	34	39	11	34	
24	24	44	15	13	33	21	36	29	20	50	13	7	17	25	36	15	48	8	13	
37	35	18	2	37	12	2	48	22	38	16	8	20	18	33	46	10	29	45	8	
27	5	13	22	42	49	38	18	1	20	6	7	24	12	30	16	31	22	33	20	
44	14	42	17	36	43	37	46	9	32	18	26	27	34	41	48	10	3	6	49	
26	33	11	11	26	32	33	34	43	5	36	8	33	50	41	47	46	32	4	31	
