Families	20
Machines	50
MaxSetupTime	50

Number of Jobs in each Family
8	1	8	1	7	6	5	1	5	9	3	6	10	2	5	9	5	1	4	10	

Jobs in each Family
0	1	2	3	4	5	6	7	
8	
9	10	11	12	13	14	15	16	
17	
18	19	20	21	22	23	24	
25	26	27	28	29	30	
31	32	33	34	35	
36	
37	38	39	40	41	
42	43	44	45	46	47	48	49	50	
51	52	53	
54	55	56	57	58	59	
60	61	62	63	64	65	66	67	68	69	
70	71	
72	73	74	75	76	
77	78	79	80	81	82	83	84	85	
86	87	88	89	90	
91	
92	93	94	95	
96	97	98	99	100	101	102	103	104	105	

Total number of jobs
106

Processing times of jobs
1	5	4	2	2	2	9	1	7	5	1	2	4	2	5	7	9	6	10	3	2	4	4	6	2	6	8	9	3	7	2	10	6	8	10	5	6	8	7	3	7	8	6	4	1	5	3	1	7	8	
8	5	3	10	2	7	6	3	4	7	9	7	10	5	7	7	9	2	9	6	6	4	5	3	10	8	3	3	8	3	8	10	3	10	7	10	10	7	3	9	7	7	6	9	6	5	4	1	10	2	
6	1	2	6	7	7	9	6	5	3	4	5	6	9	6	1	8	4	7	7	3	7	2	6	1	4	9	7	9	7	6	10	10	5	4	3	6	10	5	7	7	7	6	9	8	3	1	7	8	3	
4	10	10	7	3	8	5	7	3	2	2	3	6	5	3	10	6	1	8	7	4	9	6	5	2	3	3	7	10	10	9	4	5	4	3	2	2	4	3	6	5	8	6	10	5	6	1	7	5	7	
4	3	10	1	9	4	10	2	2	5	6	6	3	4	1	9	9	5	9	9	6	2	4	1	10	4	8	8	7	2	1	8	5	10	7	3	1	6	9	8	10	6	7	9	5	7	2	2	9	7	
3	3	4	6	6	8	10	2	5	3	1	1	7	8	9	10	2	4	6	2	9	2	7	6	4	6	1	4	8	3	5	7	4	8	3	10	4	8	6	9	10	3	8	9	2	9	9	2	8	1	
5	1	1	8	1	10	1	3	7	4	2	7	10	6	5	10	1	9	9	3	10	7	1	2	3	10	2	6	9	6	8	10	8	6	2	5	9	1	2	1	6	4	9	6	9	2	8	7	3	3	
1	3	10	2	10	3	9	7	9	6	4	1	7	1	1	2	8	5	8	8	7	1	7	4	1	1	6	9	7	10	7	4	7	6	2	3	1	3	6	3	5	2	2	9	2	2	6	3	3	5	
5	4	6	1	5	9	7	5	9	10	5	6	8	6	2	8	9	9	8	9	6	10	10	10	7	9	6	2	2	5	8	5	4	1	10	8	10	9	1	9	5	4	6	4	1	5	5	4	10	5	
8	3	4	5	7	6	5	7	2	1	3	6	1	6	8	6	4	7	5	4	2	7	1	8	6	6	5	7	7	6	9	8	3	7	3	2	3	1	6	4	8	10	3	6	4	6	7	10	9	5	
2	2	1	2	6	7	4	7	9	2	2	7	10	2	1	6	5	4	3	6	10	8	9	8	2	3	8	5	10	5	10	5	2	1	6	6	2	5	5	2	4	1	8	2	8	9	8	4	9	9	
8	9	1	6	6	5	3	2	7	4	1	8	6	9	8	1	9	2	10	2	5	2	8	9	9	2	1	4	10	4	4	4	10	2	1	4	9	2	10	3	2	4	6	8	7	6	8	6	6	10	
1	9	9	7	10	7	8	7	9	9	4	2	7	4	4	5	7	4	8	9	1	8	5	1	9	4	9	4	9	3	4	6	9	3	10	5	1	7	8	7	1	10	1	4	8	5	6	7	9	8	
4	2	2	4	2	3	6	8	2	8	1	5	1	5	2	3	6	5	1	1	6	2	7	4	8	9	10	4	10	5	4	5	10	2	5	1	2	10	4	1	8	1	9	7	6	3	9	1	1	9	
10	10	4	1	8	3	8	8	6	10	10	2	9	6	1	6	2	1	3	3	9	1	4	9	6	2	1	10	4	5	5	6	9	8	3	9	1	1	8	6	1	3	7	4	10	8	5	7	6	5	
1	7	2	10	2	8	3	1	9	10	9	5	9	1	3	8	8	3	6	8	9	1	8	9	2	5	6	6	2	10	6	10	8	2	1	10	5	3	7	5	8	1	4	7	9	9	4	8	1	3	
2	10	8	5	10	1	4	7	3	6	1	4	4	4	9	10	1	3	6	5	5	10	8	7	4	9	1	3	5	1	3	6	7	6	6	6	3	9	10	6	1	4	8	5	3	5	7	6	1	10	
9	4	7	8	2	8	2	6	5	7	6	8	8	9	3	5	5	9	1	1	9	2	7	6	5	3	8	6	2	3	4	9	9	6	10	5	8	6	4	4	8	8	6	8	7	2	3	5	4	5	
10	4	9	8	7	3	10	9	6	4	8	1	2	6	2	2	8	3	9	2	10	2	8	3	1	10	5	7	9	3	8	6	6	9	1	7	5	8	4	2	1	5	9	9	6	2	5	7	3	6	
5	10	8	6	3	6	9	1	4	3	5	9	8	7	1	7	8	2	10	3	2	2	2	5	1	3	4	7	3	6	1	5	6	6	6	4	9	6	4	5	6	7	4	10	9	10	6	10	1	7	
10	2	6	10	2	4	5	7	4	10	3	8	9	8	4	6	2	8	7	9	7	2	9	10	6	8	6	4	6	2	2	1	7	3	2	5	2	8	7	5	3	10	5	5	3	2	5	8	9	3	
9	8	8	4	1	6	4	5	5	2	9	7	2	6	8	2	5	8	9	2	7	7	4	9	4	4	6	9	6	1	6	1	5	5	9	9	6	4	6	2	6	6	9	8	4	7	7	4	5	1	
4	4	7	2	1	10	6	1	6	7	9	7	1	8	10	2	3	7	4	9	6	1	7	3	2	9	7	4	9	10	1	4	1	2	2	9	8	2	4	7	6	5	4	9	10	5	6	5	8	9	
1	7	1	9	1	4	4	6	8	3	3	3	8	1	7	6	4	6	3	8	10	5	2	3	7	10	2	10	5	1	4	10	8	10	2	10	7	8	8	8	10	2	5	5	5	9	3	10	9	9	
1	7	6	3	5	3	4	1	4	10	2	10	9	3	10	2	2	4	7	1	2	2	3	5	9	9	4	3	9	7	8	6	4	2	10	6	7	7	1	4	7	6	2	1	2	9	6	3	2	7	
2	5	5	3	7	6	10	5	1	7	6	3	1	5	8	5	2	7	1	7	6	4	1	6	10	1	7	9	6	1	9	6	6	2	1	10	4	2	2	1	5	10	9	2	1	8	2	7	3	6	
10	8	5	5	10	4	5	9	1	9	2	9	2	9	2	3	7	10	8	8	5	3	2	5	6	7	10	4	6	2	10	7	6	6	2	5	1	8	8	9	1	1	4	6	5	9	8	6	1	6	
1	5	2	8	9	4	8	1	6	1	4	3	6	7	4	1	7	9	5	8	2	7	3	5	6	3	10	4	8	4	9	5	4	9	10	4	3	3	10	9	2	7	7	7	4	4	8	8	8	6	
5	7	3	10	3	4	8	6	1	7	3	2	8	7	2	9	10	9	9	3	10	6	7	10	9	10	2	10	8	10	8	6	4	6	8	1	4	5	4	5	4	9	2	7	8	4	5	10	10	8	
6	8	4	10	9	9	4	7	10	6	4	7	7	7	7	10	5	5	1	8	6	8	3	1	8	6	1	1	4	1	1	8	9	1	5	4	7	9	9	4	10	8	8	1	7	9	4	1	4	6	
5	4	4	8	10	4	6	8	5	6	2	7	8	8	8	1	5	9	8	3	6	3	5	5	9	8	3	6	3	9	1	7	7	3	7	1	8	5	9	9	2	1	10	3	3	9	3	8	7	9	
3	5	3	10	4	2	10	6	7	4	1	3	2	8	10	8	7	8	4	10	1	8	2	3	6	10	2	9	4	3	4	1	3	7	10	4	4	3	1	6	9	5	5	1	4	8	10	5	7	2	
10	3	2	2	9	10	2	3	10	9	8	1	10	3	9	8	2	7	7	5	5	5	8	2	10	3	10	2	6	7	8	5	2	6	7	8	8	9	5	5	3	8	5	9	3	3	2	6	9	10	
2	4	2	6	6	6	9	4	7	6	7	4	8	3	1	8	4	5	4	2	3	6	9	2	8	4	8	5	10	8	6	2	7	9	10	8	6	8	5	7	1	6	10	2	2	5	8	5	9	3	
1	4	10	5	3	4	1	10	9	3	2	1	2	9	10	7	5	8	4	5	4	10	8	7	10	4	8	5	1	2	7	3	9	2	9	3	4	3	7	7	4	5	7	4	10	2	5	4	1	2	
7	7	4	3	4	8	9	9	3	6	3	6	8	4	1	9	1	4	3	2	8	1	3	10	5	7	3	1	8	8	7	4	1	1	7	7	6	5	9	4	8	10	7	7	10	10	10	7	8	8	
7	7	7	1	10	2	9	2	9	4	2	5	5	9	5	8	1	7	2	4	9	8	3	3	4	9	3	8	3	5	3	6	2	3	3	7	4	6	8	10	10	9	9	9	1	10	1	2	8	7	
5	9	10	3	4	5	8	4	5	8	9	6	7	10	4	7	7	8	3	5	4	4	6	8	6	1	3	7	9	3	9	8	3	6	10	9	4	4	7	2	8	7	1	10	4	7	10	10	8	2	
7	6	9	2	1	9	8	6	7	1	9	4	6	4	7	3	2	10	8	6	2	2	10	10	5	10	5	3	2	8	1	1	3	8	7	3	8	8	10	6	5	4	6	9	8	2	8	8	7	1	
7	2	2	7	8	6	1	8	5	1	6	6	5	2	9	9	3	5	6	4	1	10	9	9	7	5	6	3	4	8	8	7	5	10	8	6	3	8	6	10	1	6	3	9	5	2	9	9	6	3	
7	4	3	6	6	5	2	3	1	6	9	7	6	9	9	6	2	10	6	5	10	7	6	5	3	6	8	10	2	2	7	3	2	2	5	3	8	4	8	9	4	5	7	6	5	1	1	5	1	3	
8	3	5	3	5	8	6	9	5	7	3	3	9	9	7	2	9	7	4	5	6	4	8	6	5	6	9	8	10	4	2	2	7	7	3	10	5	7	6	2	8	3	4	7	5	1	2	2	8	2	
2	7	4	5	9	4	8	5	2	4	4	4	7	5	1	4	5	9	10	4	10	7	4	8	5	1	9	9	3	4	5	8	2	5	5	3	4	7	6	7	2	4	10	6	1	5	1	6	5	3	
10	7	6	10	9	5	1	10	5	1	10	2	4	4	8	10	5	1	1	5	4	4	3	1	9	10	10	1	9	2	8	3	8	10	8	8	8	5	1	6	4	2	1	5	5	6	7	8	4	6	
9	4	9	6	4	1	7	4	1	1	4	8	9	6	5	10	7	4	7	8	6	3	3	9	2	8	5	5	1	7	1	8	4	10	1	1	4	10	3	5	9	3	6	5	1	6	10	7	2	7	
3	6	7	8	8	1	10	6	7	8	8	1	9	2	2	3	10	4	7	5	10	2	5	4	8	4	8	6	1	10	6	1	5	9	2	7	8	4	9	9	9	10	6	10	2	8	3	9	1	8	
10	4	10	8	6	6	6	8	10	10	3	9	4	3	4	1	9	9	4	1	6	6	2	7	10	5	7	3	5	3	10	9	6	4	9	5	1	2	1	10	8	10	5	10	1	6	2	10	10	3	
5	3	10	9	10	9	8	5	8	4	6	1	4	2	7	8	8	7	1	10	4	10	10	2	5	4	10	1	10	10	9	9	3	3	2	6	4	7	6	5	4	8	2	7	3	5	4	1	9	9	
1	3	1	9	9	5	9	7	9	5	4	8	8	3	3	9	6	8	8	1	1	6	4	8	6	4	6	3	1	9	9	10	5	6	7	1	6	3	6	7	10	1	7	2	9	5	4	7	7	9	
10	9	8	3	8	2	1	1	7	10	9	10	7	2	5	8	4	7	9	1	8	1	1	5	4	2	6	9	2	7	1	10	10	9	2	2	2	9	9	6	2	9	1	8	3	6	2	8	7	6	
2	2	6	2	9	2	7	9	2	10	8	10	9	8	5	2	6	3	4	1	6	9	7	9	5	6	4	10	10	7	4	1	8	8	2	7	1	1	10	2	2	3	9	9	1	5	4	3	3	3	
7	5	3	3	1	5	9	1	4	5	4	10	7	2	3	10	4	5	1	4	2	5	10	2	1	9	3	6	1	6	3	2	7	2	3	6	10	10	4	1	6	3	5	5	1	5	7	6	3	5	
8	6	8	8	5	2	9	2	8	1	1	2	9	3	1	6	6	7	8	9	4	7	9	8	1	7	1	4	6	1	5	5	9	8	4	9	7	1	1	3	5	9	7	3	10	1	7	10	1	2	
2	8	3	5	10	7	7	9	9	9	3	3	3	4	6	5	1	10	10	6	1	6	8	6	2	3	1	4	6	5	1	9	6	5	2	5	1	9	3	1	1	4	10	6	9	5	8	3	2	10	
6	9	10	10	1	7	7	10	1	10	10	4	4	6	5	1	7	5	1	4	10	6	8	1	8	8	1	2	1	7	8	10	9	6	3	3	1	5	3	8	2	4	9	4	1	2	6	9	6	3	
7	10	10	3	6	9	5	6	9	7	8	9	10	1	2	7	4	1	7	10	2	7	2	3	8	2	6	7	8	7	6	4	2	8	10	7	2	8	2	7	3	2	10	7	6	4	6	9	9	3	
8	7	2	2	9	8	2	3	4	10	3	5	3	8	9	8	5	3	4	9	6	5	5	3	7	7	8	7	3	8	3	8	3	10	2	2	5	3	5	10	5	10	7	3	5	5	10	9	10	5	
10	2	1	2	5	1	3	2	1	2	4	3	9	8	7	1	8	2	4	3	5	1	10	4	10	5	5	5	2	6	9	10	6	6	9	5	3	8	3	4	6	5	10	2	6	1	2	7	2	10	
5	5	10	3	9	8	9	3	4	5	10	2	2	7	4	2	10	9	9	10	5	5	8	1	9	10	4	1	3	2	6	2	2	6	1	9	4	7	9	9	6	6	5	1	1	2	3	7	9	5	
10	4	5	4	5	10	8	4	4	5	9	4	1	2	10	7	10	8	3	3	8	7	10	2	5	2	7	4	2	10	1	1	2	2	3	9	10	2	7	6	1	5	5	3	1	9	3	8	5	7	
5	9	3	7	7	10	7	2	5	3	4	1	3	5	8	4	6	6	6	5	10	4	2	6	2	9	10	7	1	3	2	7	10	8	8	3	3	10	4	3	7	1	1	7	7	10	6	8	2	7	
1	1	8	10	7	1	9	3	6	10	10	7	3	8	1	7	9	4	2	7	4	1	8	7	8	10	7	2	1	2	3	3	8	4	8	10	5	1	9	6	9	3	2	6	2	4	8	8	3	1	
2	6	4	3	6	10	4	7	2	6	7	5	2	5	1	2	8	2	8	2	9	10	3	9	8	7	3	8	4	4	4	9	6	7	3	4	1	4	7	6	9	7	2	4	9	9	6	5	1	10	
5	5	2	8	8	7	3	5	9	7	7	4	2	8	5	7	10	9	9	7	4	3	4	10	7	1	2	4	7	1	4	6	5	6	5	3	6	3	6	8	5	6	6	5	4	2	7	8	8	7	
4	3	10	2	9	3	1	9	8	4	7	3	4	8	9	3	3	9	7	2	9	9	7	10	4	7	6	4	4	3	10	2	9	1	1	7	8	3	5	5	6	7	1	1	9	1	2	2	5	6	
4	6	6	10	10	9	2	3	7	2	6	5	2	4	5	5	8	2	9	9	8	2	3	9	6	5	2	4	7	4	7	10	3	9	7	7	10	2	7	10	2	5	9	1	7	7	1	8	6	2	
7	1	10	9	8	7	4	1	1	2	1	4	2	8	1	5	5	8	2	2	10	6	9	10	2	1	10	2	8	9	4	3	2	7	1	3	7	10	3	4	3	1	9	10	6	4	4	7	8	1	
3	1	5	8	10	5	8	2	1	5	4	8	9	5	2	10	1	5	5	4	2	5	1	6	3	8	1	2	9	5	3	10	5	2	10	7	7	4	3	1	10	1	3	8	1	2	3	6	4	10	
8	1	4	5	7	2	9	2	4	8	2	2	2	4	7	9	7	8	4	7	10	4	10	10	3	3	1	4	3	10	4	9	4	1	10	1	1	10	3	4	5	10	6	6	9	8	6	9	8	2	
5	4	5	7	9	6	9	1	1	9	2	1	7	5	3	8	10	9	2	7	1	3	9	1	7	10	7	2	7	2	9	5	9	5	5	3	3	7	3	6	10	8	2	10	10	6	2	8	7	5	
4	4	3	3	5	9	6	10	7	3	9	10	1	4	5	4	4	8	2	6	8	8	4	9	1	9	5	2	9	5	8	8	3	6	5	10	6	4	6	10	1	8	3	6	2	1	4	6	3	6	
10	1	8	3	10	4	8	4	8	2	6	6	3	1	10	2	8	4	10	5	1	1	1	7	2	8	3	10	3	10	9	2	1	2	7	4	9	8	7	2	4	7	4	3	4	4	9	9	5	4	
6	3	5	5	7	3	6	8	7	8	9	3	2	6	8	8	6	9	2	1	2	7	6	2	2	6	5	3	1	2	7	5	5	7	2	3	6	10	7	7	1	2	10	9	1	7	1	6	8	8	
10	3	4	1	9	10	6	9	7	3	5	5	10	6	2	8	6	9	9	1	9	3	4	4	7	3	4	6	3	7	4	6	6	8	5	1	9	8	8	1	1	1	5	6	3	10	5	6	6	4	
9	10	8	8	8	5	9	8	2	8	5	4	10	5	10	8	8	9	10	9	7	8	7	5	6	6	1	3	4	6	7	7	7	7	1	6	6	2	10	2	1	8	5	10	9	1	5	5	6	3	
6	8	4	6	2	8	1	3	10	10	1	5	2	2	4	5	6	6	3	2	10	10	9	6	5	6	6	4	6	10	6	7	2	2	5	4	1	8	10	10	2	6	1	6	10	10	6	4	3	7	
1	9	10	6	7	1	6	2	8	8	8	7	10	4	6	6	2	7	1	1	7	2	2	3	1	7	6	6	5	10	7	3	3	1	8	10	8	5	4	3	5	9	9	3	8	3	7	5	10	1	
10	4	4	10	5	6	8	5	2	8	5	5	9	8	8	4	3	4	4	4	8	8	1	3	3	3	1	1	1	10	3	2	1	4	6	1	3	4	9	4	9	10	8	1	2	6	9	5	2	5	
7	3	5	2	1	1	4	10	9	3	7	3	5	5	5	7	2	8	2	5	7	1	7	3	8	6	2	8	9	3	3	7	3	4	6	9	3	8	4	6	7	1	6	7	5	8	5	4	9	7	
7	1	3	3	3	8	2	5	6	1	7	1	7	6	6	7	4	9	5	4	3	2	10	7	3	4	9	4	1	7	9	5	3	9	7	8	8	8	5	4	8	7	8	1	10	6	8	8	1	3	
7	6	10	5	1	10	2	6	3	10	6	5	2	9	8	5	2	4	4	1	2	1	1	8	3	9	8	6	2	3	7	9	4	1	5	10	2	9	1	2	3	8	5	1	2	7	6	10	3	5	
7	10	1	3	5	1	6	2	9	4	10	8	1	6	1	4	5	6	1	6	5	7	1	4	1	1	2	9	6	9	1	7	7	10	3	6	10	8	1	1	2	10	4	2	4	8	9	5	4	4	
7	1	7	9	5	3	9	5	9	6	10	1	4	4	6	10	8	10	6	1	9	5	9	9	4	7	5	9	1	3	7	1	6	7	6	2	6	8	8	7	2	5	4	3	10	3	9	4	6	3	
3	5	10	3	3	4	9	1	9	5	7	2	4	2	4	10	9	4	9	10	1	3	1	9	3	10	7	5	7	2	5	6	4	1	4	8	3	4	9	1	4	1	4	7	4	4	10	10	8	9	
3	4	5	9	10	6	2	8	4	2	4	3	1	9	10	6	7	4	10	3	5	6	7	10	6	1	4	4	10	1	4	6	4	1	5	2	7	1	1	3	1	8	7	5	6	9	10	4	2	9	
6	2	6	10	4	1	9	7	10	6	10	6	4	2	7	7	10	3	8	2	10	1	5	9	5	9	4	6	5	2	4	7	9	6	4	6	3	3	7	8	10	2	10	10	4	4	6	7	6	1	
8	9	4	2	5	4	10	6	2	3	3	7	10	4	10	8	8	2	3	2	9	10	6	8	1	1	6	10	10	6	2	6	6	9	2	9	9	7	7	10	10	5	1	9	5	3	10	6	8	10	
3	4	1	1	4	2	2	6	6	6	8	6	4	5	5	6	7	6	9	5	4	10	8	2	5	2	10	9	4	3	1	2	2	5	8	6	5	2	4	7	1	4	6	3	2	9	2	6	7	6	
3	10	6	2	10	4	3	9	1	3	9	9	9	4	5	7	6	4	10	2	2	10	9	7	9	9	10	1	6	9	9	2	6	10	7	7	2	9	5	6	3	5	6	10	1	10	7	1	1	7	
3	8	4	10	6	5	8	9	10	5	1	7	9	2	8	6	8	2	6	1	2	10	9	10	6	5	8	5	5	10	1	8	9	6	3	10	7	7	1	1	1	10	5	3	9	9	6	7	4	6	
10	9	5	8	2	7	6	5	4	4	1	6	7	3	9	10	5	5	5	7	8	9	9	10	5	4	6	8	1	2	7	2	10	3	4	8	3	2	1	10	7	8	7	1	3	1	9	4	2	8	
7	10	3	4	6	1	5	7	3	3	7	8	7	4	7	8	1	9	7	3	7	3	1	9	1	6	2	1	4	7	8	8	9	2	9	9	5	10	6	10	5	3	2	4	10	1	7	7	9	8	
8	9	5	10	5	4	2	1	3	10	4	4	6	9	10	3	1	4	10	9	6	5	9	5	7	10	10	7	4	3	6	9	5	7	7	9	1	10	5	6	10	4	2	10	5	6	7	1	5	3	
7	10	4	6	3	10	8	10	6	7	1	9	8	10	9	3	10	10	7	10	6	5	2	9	10	5	1	3	3	2	7	5	9	8	2	9	9	3	6	7	10	2	5	4	4	5	2	10	8	5	
4	8	1	6	8	9	4	1	8	2	6	1	10	1	3	2	8	5	4	7	6	5	9	3	5	2	7	4	8	9	5	10	4	10	3	1	1	9	6	10	8	2	5	1	1	2	10	5	9	9	
1	8	6	6	6	2	10	10	10	6	8	9	3	6	3	9	1	2	10	6	3	6	10	6	2	7	10	1	7	6	5	3	9	6	6	8	8	7	3	6	10	1	5	10	1	4	2	8	1	6	
1	5	5	10	6	7	8	7	2	6	7	3	2	9	6	9	10	7	8	1	4	6	2	5	2	9	9	8	10	9	7	6	7	3	1	5	8	5	6	5	8	6	5	10	5	4	9	9	8	3	
7	7	1	6	7	10	9	5	10	6	5	4	1	8	5	7	9	9	2	5	2	4	3	10	9	7	7	1	10	7	3	1	9	4	6	3	1	7	8	5	7	10	4	1	3	4	2	2	9	6	
3	8	2	3	2	2	6	5	5	1	10	2	4	3	2	3	7	4	10	1	1	8	10	2	1	8	4	3	10	8	2	5	6	1	10	3	2	7	5	9	1	5	1	3	3	6	7	7	10	1	
6	8	5	1	8	1	8	8	9	6	10	6	9	3	7	7	9	10	2	5	9	4	8	8	8	6	1	1	4	2	9	9	6	5	1	3	9	3	7	6	5	9	1	5	4	5	10	1	10	3	
5	6	5	1	10	8	6	4	10	1	9	3	9	10	8	9	8	5	3	3	9	8	8	2	5	3	1	8	5	7	6	5	4	10	7	5	9	8	8	6	3	3	2	8	10	10	10	6	8	8	
10	8	5	3	6	10	9	9	8	1	1	5	1	6	8	2	1	8	6	9	5	3	7	6	5	4	2	4	7	8	5	9	1	3	6	7	6	8	1	1	4	5	6	2	2	5	3	2	10	1	
6	5	8	1	6	7	6	2	10	4	3	8	1	9	6	1	5	5	4	2	6	9	5	1	9	5	5	3	6	2	7	6	6	4	7	9	1	3	6	3	8	1	5	8	1	8	1	8	4	1	
9	3	7	2	8	8	5	1	10	4	5	5	7	4	5	8	3	1	5	8	10	2	2	5	7	3	10	9	2	2	1	6	7	9	1	2	5	5	8	1	10	4	4	7	5	8	7	10	4	7	
4	4	2	3	7	2	5	1	9	5	8	9	3	9	4	3	10	8	1	3	9	1	3	1	2	7	5	4	8	9	6	4	4	9	2	5	1	9	6	2	7	1	10	3	8	9	10	4	3	3	
8	1	4	10	1	5	6	7	6	2	4	3	6	9	1	7	2	9	3	7	6	4	9	4	2	8	5	3	10	10	5	9	1	6	7	7	7	5	9	8	7	10	1	7	9	8	10	5	6	6	

Stepup times between family, where [f][f] represents initial setup time
On machine	1
32	39	31	2	16	20	13	21	8	28	42	8	22	8	38	13	25	22	39	22	
33	10	8	32	32	32	38	13	18	10	13	19	22	15	25	21	24	5	10	26	
50	14	35	33	8	29	50	30	29	48	17	33	20	49	39	4	46	4	50	44	
47	29	22	12	17	50	34	8	37	29	33	8	42	17	44	34	9	26	17	28	
12	2	9	7	31	43	6	34	47	19	43	1	12	9	20	3	20	16	34	34	
11	50	7	49	21	12	42	22	29	34	3	22	26	6	50	1	24	7	3	5	
22	40	49	45	41	29	46	21	20	39	39	21	5	50	23	17	40	32	34	24	
26	7	41	46	50	24	33	41	3	45	26	24	38	22	25	16	18	39	50	49	
29	46	10	37	30	45	26	16	10	41	21	14	2	3	40	20	22	21	38	23	
16	13	3	24	17	17	38	21	24	44	4	34	1	10	39	42	20	45	29	10	
46	46	14	31	43	48	43	43	9	37	18	11	3	22	16	27	25	11	11	38	
36	27	18	4	27	47	32	2	41	13	23	6	1	17	43	46	32	45	15	37	
34	39	19	28	2	45	7	28	41	28	25	14	38	43	19	24	44	31	50	43	
17	23	40	43	7	22	25	37	29	29	12	43	3	4	2	3	7	10	37	32	
35	13	29	9	15	36	25	47	15	48	7	31	16	43	9	18	34	34	9	25	
3	26	25	48	41	32	43	23	32	41	47	4	8	32	32	32	6	35	24	35	
46	9	43	24	34	13	8	21	13	25	23	43	36	28	18	12	12	50	27	14	
34	8	15	34	20	22	43	24	39	48	6	21	50	12	4	42	23	19	21	29	
46	37	34	8	9	15	33	10	20	30	19	39	42	24	4	32	44	38	50	41	
2	9	32	21	36	23	30	30	31	24	29	28	43	2	8	21	34	49	43	34	
On machine	2
17	15	40	48	44	41	26	39	11	37	35	3	39	47	2	48	5	1	37	39	
36	11	5	44	2	7	42	11	21	39	40	20	1	31	32	50	49	6	23	17	
40	5	5	4	46	47	9	15	34	36	32	37	15	31	11	26	36	2	5	1	
3	50	20	24	46	1	45	9	37	48	31	45	33	6	44	9	1	11	30	15	
19	14	22	26	40	35	37	42	27	8	33	4	27	32	8	49	23	4	49	6	
21	13	32	35	47	14	46	40	25	49	30	37	13	20	27	46	36	38	19	3	
23	44	4	5	26	32	12	8	29	23	47	46	50	1	24	24	2	9	45	9	
29	43	29	49	6	46	8	22	45	50	3	39	22	1	7	10	28	10	20	46	
15	31	36	39	37	41	10	19	40	23	31	36	32	40	25	40	46	30	25	25	
24	17	26	19	15	30	35	6	47	45	27	9	43	29	12	41	3	37	23	44	
2	10	33	30	4	13	18	5	13	36	17	30	6	35	19	30	36	35	2	12	
5	13	30	3	3	32	12	4	1	47	22	42	23	17	9	40	47	42	29	5	
32	43	10	35	37	23	21	13	14	25	31	37	24	42	12	31	8	28	44	36	
29	30	2	20	9	43	5	3	41	6	41	5	40	18	2	7	27	47	37	30	
9	39	20	15	34	27	32	12	48	25	33	12	33	2	12	28	22	26	24	40	
19	21	2	32	49	48	12	49	32	23	8	37	43	9	46	36	24	31	38	16	
6	39	47	35	17	12	22	49	18	48	15	28	3	36	22	31	23	31	9	17	
43	4	38	47	7	26	35	37	18	25	24	13	41	19	49	19	17	2	18	34	
14	33	34	2	9	3	24	29	17	28	32	39	20	10	16	33	14	26	50	14	
49	5	40	43	31	9	15	34	31	9	43	45	44	5	47	26	50	10	34	15	
On machine	3
24	19	45	26	15	29	10	41	8	38	19	35	50	32	15	15	26	40	27	23	
2	23	3	14	23	45	43	1	44	20	4	19	5	20	31	44	24	1	36	19	
32	15	43	29	15	31	6	10	20	12	26	28	13	10	28	7	35	17	35	44	
40	37	32	22	39	17	38	38	20	22	5	10	25	24	2	21	6	2	31	41	
17	42	15	18	18	42	25	41	37	2	33	5	22	7	23	14	32	35	50	16	
46	21	14	12	40	41	43	43	8	5	35	42	32	34	29	5	18	49	2	17	
36	49	10	19	43	23	42	27	2	8	1	18	35	15	12	42	45	49	35	7	
28	12	10	24	8	8	31	40	33	40	32	13	37	3	41	4	29	25	2	16	
31	12	18	49	4	12	22	19	18	37	11	9	23	7	9	8	49	23	49	1	
25	3	20	3	1	37	12	23	46	28	39	43	43	39	6	10	16	2	44	5	
32	49	12	33	27	36	35	42	17	32	30	38	21	6	21	4	37	14	23	19	
47	8	38	15	47	8	18	34	50	1	12	14	28	1	4	45	35	15	44	31	
45	30	47	11	1	8	40	17	49	43	23	20	27	30	44	15	9	27	5	45	
14	26	13	7	23	28	47	3	27	29	34	7	1	43	19	46	27	23	31	30	
43	40	1	23	43	35	25	9	22	12	15	2	3	15	49	1	33	46	45	34	
1	38	22	2	49	3	6	11	34	40	24	45	16	20	37	2	46	17	13	6	
23	33	45	26	35	36	31	35	26	8	3	21	3	13	36	34	25	25	29	15	
40	39	45	25	23	7	47	36	13	28	4	29	5	45	45	14	25	25	47	19	
42	9	27	21	12	26	43	3	25	12	47	24	7	17	43	19	36	13	37	26	
44	46	25	1	39	48	37	25	16	29	14	8	26	36	46	26	35	49	18	17	
On machine	4
14	23	15	27	25	35	14	43	28	21	26	19	40	32	8	10	24	48	6	5	
6	8	7	17	25	11	25	42	22	28	7	34	3	23	7	46	10	41	22	5	
27	43	47	9	28	45	8	12	3	6	14	9	32	11	24	29	27	17	30	41	
18	29	26	7	20	16	2	31	34	9	47	30	11	43	2	26	27	1	22	17	
26	42	3	24	15	49	13	5	46	42	43	45	46	36	35	43	2	27	29	34	
9	27	35	38	25	32	34	48	34	19	42	28	44	11	20	12	17	23	48	8	
9	34	29	39	7	25	5	24	32	11	21	35	8	45	24	11	29	23	37	1	
19	2	38	23	40	43	6	4	48	29	3	4	22	18	26	38	43	34	15	41	
13	3	40	19	33	20	5	29	37	8	42	18	12	22	35	40	50	24	26	17	
29	13	15	34	5	33	3	47	50	7	45	36	40	11	32	5	49	27	17	3	
48	32	37	20	37	36	9	25	17	31	12	9	14	20	8	38	4	30	7	25	
34	20	36	21	25	49	38	22	15	44	36	49	32	29	38	48	2	4	34	27	
19	25	45	11	30	32	40	18	37	35	1	50	38	31	28	34	20	41	31	14	
40	14	39	2	3	43	50	23	38	18	31	8	30	34	4	50	50	11	21	14	
32	40	2	31	45	11	44	22	26	14	18	44	21	8	39	41	21	4	15	39	
44	31	34	17	32	42	4	36	22	33	7	28	4	21	30	3	35	26	45	12	
23	38	34	50	26	21	41	4	38	6	15	40	24	36	9	9	7	18	33	42	
8	1	6	28	19	13	17	30	46	15	15	44	36	17	44	1	25	49	22	31	
49	1	4	4	5	14	43	18	37	4	19	28	4	50	1	50	33	45	32	33	
3	39	7	33	35	29	48	18	15	48	29	48	15	47	6	15	37	6	43	46	
On machine	5
11	2	37	28	2	37	22	28	46	45	26	45	13	23	27	43	46	40	31	43	
35	37	23	6	42	44	11	5	45	7	49	24	23	37	22	35	31	40	29	14	
46	41	30	28	47	47	18	36	7	44	1	4	21	22	24	24	8	25	31	23	
47	21	40	17	13	42	38	39	11	36	27	18	42	22	29	31	46	21	40	50	
49	5	7	13	40	33	50	5	29	34	2	19	39	45	27	12	29	32	43	16	
36	40	25	32	2	30	44	18	9	39	31	29	36	24	20	25	48	50	47	24	
36	50	25	18	46	4	3	1	21	25	8	44	15	2	30	16	37	50	29	31	
37	27	11	11	23	43	38	2	26	14	49	50	49	39	32	34	36	49	46	11	
13	38	2	37	33	2	43	44	25	26	4	44	33	9	39	40	43	2	14	33	
42	23	7	22	10	29	35	12	7	4	10	48	36	47	42	38	3	41	28	48	
27	9	31	26	16	38	14	38	17	20	31	50	38	9	41	1	9	12	6	7	
10	42	46	26	34	8	35	38	1	20	43	2	3	5	13	38	41	29	22	5	
37	15	19	32	41	43	48	49	13	45	38	4	41	25	47	28	17	29	32	36	
37	18	5	36	50	24	31	14	6	6	46	13	39	44	40	8	24	9	17	43	
1	26	8	31	18	47	29	49	31	9	26	19	20	5	18	11	29	46	42	6	
39	7	18	23	17	5	1	35	15	18	46	22	35	22	33	20	21	29	39	49	
9	18	7	38	45	31	27	36	22	42	2	32	16	2	18	27	18	29	29	3	
49	21	47	16	23	28	21	14	24	1	4	44	24	1	47	13	26	14	10	21	
3	30	48	14	20	31	3	31	26	6	30	41	50	36	9	10	15	21	3	37	
5	39	20	47	46	22	48	3	9	39	46	7	19	24	22	43	36	12	33	41	
On machine	6
9	18	33	14	50	3	4	38	40	1	48	9	10	49	11	17	28	25	42	45	
22	9	24	46	10	47	23	8	2	22	47	40	14	45	15	28	11	2	27	10	
22	21	14	2	23	14	27	33	8	1	27	14	16	13	46	14	20	31	28	8	
38	41	11	20	35	46	41	20	3	41	39	28	43	50	25	25	27	8	38	1	
10	13	45	33	50	4	15	10	38	25	46	31	41	3	4	3	48	18	41	25	
38	7	50	32	47	32	43	29	17	20	33	7	5	11	3	26	23	11	43	13	
10	47	18	19	45	1	35	13	26	50	14	9	31	47	21	25	1	10	23	50	
37	46	39	41	4	31	41	47	14	48	30	42	16	3	25	40	42	27	20	3	
37	20	32	12	43	30	22	29	36	11	5	6	30	5	46	18	9	8	10	26	
29	28	42	40	3	14	16	8	6	5	7	24	17	22	28	34	32	2	32	39	
20	17	30	19	38	46	11	8	18	3	10	22	9	35	21	9	6	19	9	19	
26	6	44	5	4	15	26	29	24	37	14	28	25	14	41	15	29	19	4	8	
24	46	44	15	34	35	24	42	48	49	43	38	34	29	14	47	18	33	11	11	
47	17	41	44	23	26	22	25	32	26	25	27	33	5	20	45	36	25	44	22	
13	27	13	40	27	40	20	25	30	24	22	4	8	5	12	27	48	31	22	49	
8	14	5	34	41	16	26	7	1	45	20	32	7	46	23	22	20	38	19	38	
33	14	47	44	23	30	18	34	2	32	14	45	46	27	29	38	13	19	20	45	
28	38	35	34	24	4	12	50	15	18	15	25	11	26	34	17	43	30	44	36	
27	45	8	13	47	29	43	16	30	26	50	17	18	16	25	42	4	11	3	3	
28	38	15	10	22	19	10	42	50	29	20	13	2	19	5	32	24	29	25	49	
On machine	7
20	34	47	35	37	22	13	37	39	41	32	8	27	32	6	42	14	41	21	11	
10	28	27	49	23	31	23	30	50	49	12	19	22	15	4	33	11	30	3	18	
5	19	7	26	9	31	45	17	34	14	34	12	3	40	17	47	14	12	49	29	
31	37	18	46	32	40	10	34	7	36	46	21	31	1	23	41	5	23	26	9	
7	35	17	48	30	5	7	38	47	37	39	22	7	15	19	43	36	38	33	7	
30	9	18	49	24	15	13	14	32	46	10	42	37	39	8	12	50	40	6	43	
35	4	11	11	40	42	12	5	36	7	24	20	32	25	39	36	31	9	30	16	
25	19	49	47	19	42	4	36	42	42	41	23	16	44	33	23	22	33	15	39	
16	29	14	28	33	41	13	8	7	11	2	43	5	3	42	18	34	31	38	35	
29	37	6	28	2	3	24	45	43	19	41	23	17	3	29	29	13	12	31	36	
14	45	13	32	24	28	17	3	29	12	49	37	2	31	49	8	41	21	29	24	
27	22	17	48	25	44	44	28	19	28	42	50	19	46	41	31	3	9	2	25	
25	19	41	37	2	43	43	48	11	28	46	10	30	5	2	15	11	2	31	10	
39	46	47	16	2	5	26	7	5	10	8	28	37	41	41	28	45	16	40	49	
49	10	19	40	1	6	44	22	26	47	46	50	20	32	40	38	3	3	32	20	
48	40	8	29	50	5	33	38	41	41	43	28	41	7	38	44	5	15	20	24	
39	41	41	36	20	47	38	13	42	40	29	24	34	16	17	25	20	8	38	25	
9	5	30	8	9	8	3	5	8	23	16	43	26	29	24	32	20	47	37	14	
10	18	2	38	25	9	6	11	7	38	5	33	34	49	5	24	3	39	31	4	
39	15	21	50	27	11	9	37	2	47	33	2	28	6	33	7	17	19	46	37	
On machine	8
49	19	44	43	50	13	37	40	8	10	18	4	34	8	10	7	48	39	48	31	
28	30	30	30	9	30	21	42	2	37	35	46	22	28	31	10	9	37	20	30	
40	47	26	36	17	17	4	44	2	15	42	27	2	48	43	12	8	39	32	39	
13	4	35	33	42	3	49	26	38	34	35	34	3	8	36	47	46	16	49	4	
7	46	49	43	31	4	29	47	5	50	48	40	18	34	10	23	48	36	27	14	
22	22	47	44	20	3	48	11	4	38	16	31	40	43	24	37	36	25	38	30	
25	41	30	12	38	3	19	9	45	16	1	49	47	20	44	42	16	36	20	7	
37	8	32	34	3	32	32	43	15	5	22	35	17	19	9	19	39	12	29	49	
34	6	31	49	43	42	32	44	11	13	28	19	27	5	6	27	47	12	18	33	
4	28	36	22	24	44	23	6	28	50	22	39	27	48	32	31	35	23	4	47	
33	45	24	44	29	48	7	13	7	17	42	15	36	41	38	37	20	20	50	38	
14	3	37	36	49	19	37	38	15	38	40	12	22	33	28	47	35	32	31	7	
2	11	24	4	11	48	6	35	41	9	4	15	44	47	13	2	7	1	22	34	
17	8	13	7	9	25	32	32	16	25	24	25	16	30	30	18	31	41	42	28	
32	35	3	35	29	19	6	30	9	25	24	37	47	21	37	1	41	8	15	49	
32	25	25	8	22	22	49	22	7	2	17	10	27	49	2	3	50	20	2	31	
48	30	31	33	26	50	19	43	44	38	28	40	36	22	45	34	13	50	1	49	
28	9	25	8	27	5	16	43	37	49	12	33	7	33	35	50	6	15	18	40	
38	47	32	32	22	29	43	45	37	44	44	28	46	26	26	21	10	43	20	44	
26	3	16	21	37	12	40	24	11	5	37	29	2	40	46	36	29	24	32	43	
On machine	9
47	43	29	32	18	40	7	33	28	37	34	37	34	1	8	41	5	30	15	9	
43	1	35	45	14	12	14	23	43	16	29	18	42	50	42	12	16	49	28	23	
13	26	32	42	15	33	32	36	23	11	44	24	16	19	46	3	17	15	50	45	
46	48	46	4	39	24	28	24	37	15	30	50	21	41	34	44	39	13	7	36	
16	19	24	12	38	32	22	7	37	29	12	47	17	48	27	21	28	10	47	17	
28	20	29	29	11	41	18	27	26	11	11	50	30	5	32	17	32	30	36	45	
3	27	32	35	22	31	9	33	21	22	23	15	14	18	48	20	11	49	20	45	
21	43	36	49	48	5	26	7	48	11	14	1	4	50	14	45	43	19	22	11	
48	29	31	8	7	9	39	30	42	28	10	25	17	3	18	3	2	24	33	17	
37	22	3	21	20	43	49	17	2	45	34	31	30	25	3	33	37	11	6	10	
48	45	11	41	43	35	31	41	2	50	42	2	2	46	43	46	24	24	12	41	
5	28	19	43	24	49	46	2	13	19	44	12	47	17	11	13	7	37	21	21	
38	29	35	19	28	42	22	38	38	49	36	23	16	16	16	40	22	27	25	50	
34	4	11	18	31	34	24	39	19	4	23	38	27	46	42	33	43	1	25	21	
26	16	19	28	36	24	7	19	44	34	18	8	13	25	4	23	23	7	19	29	
13	9	8	44	43	5	7	11	45	24	25	39	33	28	38	22	46	5	43	20	
25	1	10	26	41	9	42	13	14	23	11	46	1	48	44	50	19	22	11	49	
23	36	38	29	21	12	2	38	40	29	10	2	27	27	27	31	34	3	21	39	
26	37	42	16	43	35	12	24	31	25	3	30	34	47	21	14	6	47	27	30	
44	27	48	43	8	41	50	47	1	7	10	30	39	49	49	11	15	41	5	38	
On machine	10
2	46	40	28	29	41	42	41	30	22	28	29	15	23	6	6	45	33	32	17	
18	27	46	39	3	32	1	32	3	4	21	39	26	8	25	36	7	17	29	33	
9	11	27	26	39	19	41	44	34	11	18	50	26	15	45	37	14	8	40	12	
46	24	5	46	2	42	22	42	17	36	41	38	17	19	8	26	21	1	31	34	
34	5	28	12	5	4	18	49	41	31	3	30	16	8	46	7	18	7	17	48	
21	34	19	9	34	32	14	33	24	21	34	2	38	43	24	2	11	32	20	50	
30	11	29	43	40	21	2	12	34	32	39	50	33	26	48	22	49	17	31	6	
24	3	43	23	25	20	1	22	43	16	10	48	8	11	38	3	15	14	18	35	
49	16	20	6	8	2	19	28	43	12	20	42	32	38	44	41	26	5	47	17	
40	23	20	44	10	43	31	43	35	46	29	9	29	9	25	26	40	9	44	20	
3	47	25	26	29	36	17	27	9	36	34	11	50	8	20	29	5	11	50	9	
12	49	27	7	47	21	1	44	49	4	26	39	11	21	26	8	13	18	9	46	
19	13	47	30	32	50	36	29	4	16	42	3	7	39	34	40	14	1	48	49	
20	3	41	47	41	23	25	12	18	2	28	34	48	29	8	19	1	3	37	2	
16	15	8	13	19	28	48	8	40	43	36	14	18	45	23	35	22	2	3	4	
35	9	30	45	40	44	38	47	4	20	42	12	16	44	11	25	27	44	41	45	
36	44	48	26	43	6	23	9	13	22	12	34	29	17	14	13	8	14	22	48	
11	33	18	43	29	25	29	35	50	23	22	18	29	12	35	10	29	48	24	44	
8	36	9	48	45	37	30	5	39	45	35	6	12	49	3	29	14	34	14	24	
7	48	44	9	41	33	12	40	19	48	13	17	38	20	33	40	10	5	4	6	
On machine	11
23	35	4	13	40	21	36	21	10	38	50	45	22	42	7	49	5	22	2	40	
14	30	41	4	19	47	49	33	21	50	1	31	15	26	14	9	24	30	4	34	
10	12	45	28	12	14	1	15	39	4	44	20	43	20	13	45	35	23	9	22	
7	35	29	42	35	47	18	11	4	48	40	41	44	6	40	10	39	44	30	34	
11	37	5	5	40	24	40	31	32	28	31	22	28	34	9	39	40	25	9	32	
17	22	11	10	7	29	7	23	37	28	38	43	37	33	39	48	40	41	29	29	
29	23	30	23	13	24	42	23	15	34	30	41	43	43	43	7	34	25	29	48	
33	44	34	8	35	23	11	37	3	39	1	31	27	11	10	6	46	43	49	32	
20	41	6	35	14	37	18	42	30	35	21	4	32	31	5	35	8	23	1	19	
17	12	23	27	29	33	47	35	6	43	40	45	17	45	20	10	33	2	35	27	
29	46	5	17	39	4	31	14	16	30	19	22	49	25	4	14	42	17	30	6	
49	31	2	19	7	14	25	47	29	12	31	39	28	1	17	14	25	17	11	12	
28	12	14	31	36	40	27	50	17	47	12	34	24	4	46	22	39	8	8	42	
40	3	32	13	26	1	17	12	17	50	12	20	47	47	18	13	10	20	34	29	
40	44	35	39	33	22	3	41	42	24	40	46	36	27	31	25	17	33	39	13	
35	10	19	47	14	44	20	50	23	16	19	40	28	13	23	9	28	50	24	44	
21	28	32	7	11	29	39	2	49	24	1	47	31	12	22	35	13	22	35	29	
9	29	9	21	39	28	44	10	9	43	42	50	39	22	1	21	37	46	26	34	
15	47	41	7	26	34	13	24	29	11	43	17	22	25	4	13	20	42	25	2	
18	12	30	48	10	49	1	30	24	28	12	1	5	12	35	30	30	7	21	48	
On machine	12
40	21	6	38	46	6	43	10	20	1	28	38	48	32	41	28	12	30	39	6	
39	6	8	21	33	5	25	6	30	26	29	34	25	31	49	43	35	37	13	41	
22	33	50	41	4	40	21	19	50	38	14	32	18	38	29	4	27	9	2	2	
12	2	12	26	5	48	42	23	27	13	42	16	2	18	46	31	33	17	15	3	
36	29	18	30	44	48	22	30	12	11	22	49	38	26	27	4	41	48	18	44	
20	32	47	28	33	3	30	24	11	33	2	45	46	15	48	37	26	2	48	20	
22	32	47	12	29	6	16	24	2	42	45	1	48	22	27	25	28	32	8	10	
6	4	15	21	2	11	37	20	43	8	12	49	28	40	26	20	41	28	12	18	
43	44	43	17	35	34	2	40	27	30	35	34	18	39	39	1	31	22	4	16	
18	5	8	16	43	30	1	12	46	4	33	8	34	30	9	48	21	41	41	43	
6	13	30	10	14	27	5	8	30	19	37	34	3	35	35	4	26	48	16	17	
27	39	34	1	24	44	26	6	38	9	15	44	8	11	15	27	32	19	49	38	
15	28	5	3	39	5	34	31	2	9	16	5	35	5	7	39	19	17	2	45	
14	22	22	40	42	44	7	8	28	41	3	36	34	3	11	2	48	9	6	48	
12	19	22	25	43	7	26	34	17	38	14	12	47	45	13	40	13	49	26	28	
1	4	34	16	33	17	38	5	40	8	46	4	19	27	43	48	2	27	21	49	
15	6	26	2	30	49	13	6	42	41	38	40	13	33	3	34	21	15	16	28	
20	24	45	36	30	36	38	22	44	16	3	11	41	3	47	8	22	38	6	3	
7	14	7	4	15	7	14	41	40	9	37	26	45	3	22	14	25	23	17	45	
33	36	24	11	35	30	28	34	35	16	25	39	39	17	9	31	15	33	28	33	
On machine	13
28	28	13	27	44	16	5	43	39	50	31	32	16	21	27	35	14	15	39	2	
24	14	44	35	14	8	34	12	8	31	40	9	24	5	22	28	41	37	25	11	
19	25	49	18	7	49	41	1	34	37	7	35	22	47	19	34	36	28	30	18	
10	38	14	2	49	39	8	6	24	37	29	5	19	9	1	11	31	28	50	43	
42	5	46	32	49	13	41	14	20	10	42	35	48	32	15	20	10	28	30	45	
11	50	26	11	50	49	33	35	14	48	26	36	10	44	33	5	12	8	40	44	
34	22	9	24	17	25	40	33	45	26	34	40	38	44	1	46	38	1	23	2	
17	2	27	12	42	2	4	22	42	11	22	9	37	31	43	4	6	37	40	14	
7	4	14	22	9	49	32	2	9	46	26	26	23	47	38	37	11	42	45	40	
39	21	49	21	11	11	45	2	42	34	26	12	43	7	8	13	33	21	3	33	
43	15	35	32	44	2	33	30	19	37	38	23	34	12	1	44	28	14	3	42	
46	35	12	24	10	24	29	38	39	36	38	40	18	29	35	42	46	45	37	18	
9	48	48	41	40	16	47	15	19	35	2	25	47	9	12	12	33	7	47	24	
38	45	48	11	22	20	27	35	44	41	41	7	46	21	50	24	10	16	22	6	
36	47	4	27	36	3	38	43	5	12	17	16	14	24	43	12	18	38	14	20	
44	1	48	29	50	11	32	23	26	46	44	17	32	15	26	46	30	32	10	15	
22	35	5	30	46	37	24	7	43	47	8	25	27	43	21	13	19	25	43	5	
7	49	29	28	5	14	2	33	36	5	27	25	13	15	46	43	41	41	23	9	
48	22	24	37	33	1	10	37	6	20	32	31	36	10	40	30	16	44	1	27	
47	36	15	33	49	12	15	26	26	28	43	11	41	29	17	44	39	1	31	12	
On machine	14
19	49	39	4	9	43	9	24	23	32	10	14	6	41	40	49	47	34	6	39	
45	12	4	36	17	6	45	27	9	40	45	23	36	23	37	37	1	32	43	36	
6	21	4	26	13	3	26	3	38	39	32	11	1	19	48	32	8	4	5	3	
18	26	10	48	33	5	18	8	35	1	9	8	38	22	33	9	6	34	23	14	
29	40	34	7	46	16	40	31	41	35	10	5	3	11	44	41	50	37	22	10	
31	33	41	23	44	47	24	16	26	43	44	13	1	20	16	23	48	21	49	41	
26	11	23	36	50	45	10	3	48	48	17	20	46	23	24	43	6	11	36	3	
19	5	47	14	1	35	17	29	32	35	24	13	46	36	12	13	36	14	33	39	
17	3	2	5	45	2	17	46	14	3	44	49	26	5	12	8	47	19	3	18	
31	40	46	16	39	21	15	40	1	14	45	8	2	6	7	36	8	21	10	47	
31	4	20	17	30	14	40	50	16	8	49	23	22	6	28	6	12	23	43	37	
18	27	15	45	36	13	27	37	28	21	3	42	18	37	31	47	26	48	9	6	
38	28	40	2	7	36	49	11	7	5	2	24	23	11	49	18	13	50	13	7	
44	32	2	38	12	24	31	19	43	31	37	8	14	34	15	12	7	33	12	40	
2	6	7	33	26	24	5	35	7	30	49	32	28	45	49	15	6	15	31	41	
47	1	13	2	42	1	50	12	31	46	39	3	46	2	4	25	1	46	16	14	
15	5	19	35	48	1	12	44	23	20	17	22	36	28	23	3	39	31	10	12	
38	31	48	30	37	21	50	19	28	34	27	14	39	8	5	13	24	6	26	13	
17	11	11	38	48	14	11	26	32	40	32	28	8	32	19	39	46	24	50	13	
21	32	31	3	27	34	30	23	41	46	18	43	21	24	12	12	35	10	33	4	
On machine	15
20	37	45	42	50	19	37	24	26	48	48	50	39	47	47	39	49	22	39	37	
41	40	30	8	43	10	6	33	22	37	31	50	25	34	20	4	17	30	31	1	
34	27	18	9	37	25	34	24	3	36	40	5	37	21	19	49	12	39	4	50	
25	17	33	47	46	41	33	37	48	21	42	36	3	16	25	41	26	28	35	33	
26	48	19	20	25	48	24	42	3	11	25	18	34	33	27	6	13	31	50	10	
7	16	8	7	33	33	6	17	42	37	44	26	48	19	19	13	19	5	19	42	
37	36	38	32	49	3	43	4	9	16	43	25	25	44	40	1	46	15	29	29	
28	48	46	32	48	28	42	26	10	10	29	48	13	24	50	2	14	1	3	42	
17	44	34	8	6	35	34	15	8	46	47	30	18	39	23	5	48	31	19	32	
6	39	47	34	12	44	32	13	22	43	14	46	31	42	3	12	17	25	30	28	
10	5	44	26	15	18	32	23	6	3	46	26	14	31	41	37	7	48	20	37	
15	37	19	39	29	44	6	37	11	8	49	4	21	38	1	33	45	42	13	47	
1	5	50	48	27	46	16	21	11	8	23	16	27	13	15	24	39	20	16	37	
45	27	45	12	14	19	23	45	1	16	21	38	13	37	27	38	39	45	43	40	
21	28	20	4	21	44	42	31	31	47	43	28	23	14	11	25	7	20	24	32	
19	49	23	3	45	1	30	34	26	47	34	1	2	8	17	47	26	37	43	5	
39	30	32	13	21	5	37	49	30	13	40	2	31	21	1	29	25	38	15	5	
42	35	12	30	40	1	46	4	14	25	9	20	9	44	5	41	32	4	1	23	
39	29	35	41	15	11	26	43	12	44	36	41	29	30	44	13	11	43	27	6	
8	39	26	45	11	48	10	10	29	8	13	27	16	4	31	26	15	50	5	19	
On machine	16
40	38	21	47	25	9	39	9	15	35	11	1	22	23	4	47	32	6	11	15	
4	42	39	43	19	33	7	15	47	30	43	4	49	4	2	25	26	18	46	27	
15	5	6	15	23	43	34	48	18	15	12	29	12	15	47	7	26	6	24	31	
7	7	9	40	38	24	3	49	17	28	29	36	30	26	8	19	21	40	16	49	
6	12	26	44	43	24	23	45	29	36	7	44	6	46	9	15	38	16	9	49	
23	2	11	3	3	45	29	6	5	21	39	35	21	16	10	26	1	11	41	20	
5	33	36	42	19	35	8	18	36	36	38	34	14	4	19	20	32	10	2	26	
25	10	19	3	34	45	17	21	49	43	18	35	34	48	35	43	5	14	37	27	
2	26	13	28	40	49	37	48	8	42	44	5	32	15	34	3	23	3	9	47	
50	38	3	29	1	7	30	10	31	25	32	26	16	15	40	41	21	32	48	50	
32	26	34	34	3	5	12	11	31	18	22	39	42	35	19	45	19	17	49	25	
7	5	14	36	9	8	19	18	8	47	32	9	13	7	46	3	46	49	8	15	
50	38	6	4	35	32	31	33	50	42	43	6	17	31	7	12	23	45	47	49	
29	47	13	18	21	26	24	3	19	27	28	47	35	9	2	41	26	19	28	39	
38	33	32	34	33	41	8	15	6	24	29	24	42	30	33	14	36	39	11	27	
46	8	8	15	4	8	5	16	37	39	47	43	24	46	34	24	34	45	11	23	
10	10	17	8	22	37	45	16	2	48	18	20	41	43	22	15	30	31	30	42	
13	8	15	44	45	32	1	41	39	31	33	39	49	24	17	44	5	41	35	14	
31	38	5	1	42	8	14	6	9	6	22	27	43	32	20	4	20	50	38	36	
11	49	47	30	23	7	31	46	33	17	19	27	24	47	24	1	6	2	14	20	
On machine	17
26	28	22	19	6	14	34	9	4	32	16	10	25	27	22	25	23	8	21	28	
22	50	37	20	23	46	41	44	35	1	25	48	19	15	36	48	4	34	25	22	
28	48	3	33	44	31	17	48	24	41	50	23	29	4	36	7	48	24	39	24	
45	37	43	11	29	38	44	33	31	38	40	25	35	33	46	9	3	9	5	36	
15	7	30	33	27	9	17	42	6	12	35	45	8	37	15	20	44	9	8	22	
30	50	46	23	44	32	34	3	26	34	26	26	42	40	3	38	45	47	47	12	
43	27	23	20	47	8	46	25	46	27	22	7	37	46	13	37	36	17	36	47	
23	26	21	44	42	22	21	37	50	2	10	15	5	13	43	8	28	14	42	43	
16	11	25	21	28	44	37	11	18	17	25	1	13	50	1	41	45	41	16	16	
15	46	25	30	33	35	14	11	14	45	6	21	9	20	26	22	12	22	24	29	
17	14	3	21	37	1	6	37	16	15	31	48	3	17	16	28	20	27	13	28	
2	3	17	13	7	25	40	28	35	22	38	40	47	33	19	29	42	39	29	19	
6	36	17	35	23	23	23	43	12	44	40	42	16	16	49	37	39	29	6	24	
6	31	50	1	27	45	17	41	28	50	16	35	42	42	7	41	5	23	31	39	
42	24	49	39	2	1	49	35	1	41	24	47	1	24	15	37	16	41	30	20	
6	13	19	43	45	10	34	45	37	19	17	10	13	15	25	47	11	43	25	2	
38	11	33	2	12	18	22	10	50	24	34	41	20	31	42	28	42	34	7	13	
3	20	17	49	48	42	2	45	38	9	4	47	13	6	18	48	24	43	36	1	
24	3	34	36	36	48	8	10	27	29	22	12	49	45	32	48	48	7	24	49	
22	17	28	41	5	11	37	22	14	30	42	27	7	9	6	8	43	24	30	44	
On machine	18
46	21	20	3	37	33	40	18	41	38	1	27	26	10	49	6	41	14	23	22	
8	5	10	41	41	39	24	25	15	27	24	34	24	19	23	26	5	1	50	47	
46	8	20	25	46	31	20	44	26	10	20	45	28	33	10	8	11	24	9	19	
2	7	18	35	20	50	38	7	7	42	21	16	6	31	16	4	31	41	29	41	
14	1	7	48	28	29	2	1	13	32	33	22	29	7	5	26	41	13	33	12	
15	39	26	18	23	7	31	33	25	43	35	46	43	9	24	25	8	15	10	21	
50	4	6	1	28	43	43	2	43	31	8	26	33	32	32	28	16	41	31	15	
40	45	12	37	30	26	9	2	11	44	27	22	31	31	32	49	2	38	5	21	
27	9	2	39	43	13	31	29	33	40	44	33	2	31	28	24	50	21	27	3	
23	3	17	26	40	43	29	30	14	6	10	15	36	13	25	14	21	45	32	10	
47	44	38	16	43	36	4	14	35	10	40	9	20	14	9	17	17	50	20	12	
28	19	44	10	35	2	21	3	17	33	34	17	31	24	7	29	48	44	49	1	
17	19	33	37	26	46	14	30	17	37	31	41	43	13	8	4	22	19	19	38	
18	4	46	24	30	30	12	9	17	50	21	47	39	21	9	13	16	26	24	35	
19	47	1	5	33	45	34	39	9	15	29	21	31	48	15	43	36	9	29	28	
22	39	27	18	25	10	39	16	44	12	14	40	16	28	12	14	40	44	20	13	
29	20	8	35	19	26	43	8	6	31	46	9	25	21	50	7	34	37	29	33	
37	10	35	36	16	29	32	39	30	12	44	7	50	34	35	45	25	5	5	17	
37	22	8	7	35	47	17	15	41	25	37	21	20	11	6	44	30	32	21	25	
44	4	44	45	20	1	33	2	45	25	9	37	26	8	42	29	1	6	26	2	
On machine	19
5	36	50	50	49	28	22	42	1	44	16	41	38	49	42	38	49	21	42	37	
21	41	45	15	12	22	37	15	22	41	27	2	27	2	26	48	34	20	35	5	
46	9	24	27	33	34	22	4	27	39	15	47	10	45	45	21	18	4	44	35	
37	32	8	49	15	8	43	31	17	5	6	46	3	22	40	41	47	4	9	23	
32	32	9	40	27	10	50	28	38	50	16	28	27	24	20	4	47	1	37	42	
18	47	10	10	43	6	15	5	49	9	49	48	13	30	50	7	26	46	26	15	
25	36	47	23	38	29	47	41	49	24	12	28	13	33	19	42	36	41	39	19	
49	1	4	38	7	8	50	44	35	16	19	10	49	44	26	32	14	34	13	39	
22	15	39	24	38	27	35	1	19	41	7	35	37	20	21	9	50	18	21	43	
34	2	19	20	35	19	46	49	6	34	50	48	28	9	28	13	44	29	44	8	
19	19	16	46	33	15	48	47	27	27	38	16	20	28	11	5	14	45	21	3	
7	37	15	37	11	20	28	48	28	33	34	19	25	35	8	3	47	32	45	5	
10	8	39	28	14	10	45	29	40	34	37	33	39	24	9	18	3	28	42	13	
43	8	38	34	32	48	32	21	33	24	50	27	2	42	17	47	48	27	6	49	
28	27	6	17	16	14	20	48	27	32	27	32	41	26	17	34	22	2	43	7	
26	5	41	4	36	27	49	17	29	5	1	49	1	15	42	35	44	25	45	32	
42	40	8	48	30	50	14	23	2	41	46	13	12	34	37	28	32	46	46	26	
42	45	18	12	41	26	32	21	13	46	10	24	6	50	13	34	15	47	4	9	
13	9	42	37	41	26	1	39	47	3	33	41	37	40	34	43	41	16	5	1	
31	29	13	48	31	39	7	48	12	48	35	21	40	21	18	41	17	23	18	27	
On machine	20
32	47	8	16	31	10	47	26	43	6	35	45	34	19	28	30	30	45	41	30	
10	31	43	50	24	40	20	32	18	16	6	5	17	47	10	42	37	45	18	26	
41	47	46	40	8	17	17	17	8	36	10	48	8	8	17	16	25	18	34	49	
7	4	34	15	5	34	10	40	21	29	14	30	1	39	19	26	41	11	17	6	
21	28	44	40	16	16	39	12	5	38	12	30	49	30	3	18	41	40	31	15	
11	32	40	45	50	45	28	44	3	29	19	2	7	39	33	38	49	4	42	4	
19	11	33	8	19	42	19	26	25	8	14	2	28	39	19	5	30	3	30	26	
48	14	23	18	25	13	37	47	34	33	40	30	21	19	40	50	26	17	23	17	
30	50	29	17	37	43	38	42	43	38	13	33	6	43	8	35	28	27	46	19	
3	8	33	10	49	3	6	9	11	22	33	27	23	30	6	1	50	32	25	39	
23	18	35	5	20	2	18	5	46	30	10	36	15	37	28	4	6	13	43	34	
1	50	48	14	43	25	44	38	50	39	3	42	7	50	20	36	38	19	3	23	
34	21	30	39	44	50	16	38	9	27	8	18	37	37	35	49	41	18	6	12	
29	28	24	33	25	14	3	27	13	46	38	3	13	27	1	4	9	23	20	43	
43	27	42	2	21	42	20	32	37	30	22	25	9	22	32	38	31	34	18	47	
44	14	21	38	20	36	33	24	19	1	48	44	48	40	17	47	40	39	23	34	
13	11	29	45	29	13	33	4	1	39	42	5	5	47	34	24	15	5	45	6	
20	24	34	15	42	47	25	2	15	14	29	1	22	43	22	11	45	44	20	6	
3	7	33	44	1	14	47	5	5	27	33	4	15	25	18	37	42	10	1	9	
41	12	3	14	4	1	13	37	7	5	49	10	26	18	27	27	48	16	5	3	
On machine	21
39	37	44	31	16	31	2	41	7	7	11	40	31	20	20	35	36	35	36	25	
24	27	24	47	8	49	42	46	13	13	8	27	34	38	30	37	18	4	14	25	
13	47	36	26	26	4	27	9	48	4	33	49	21	35	18	20	8	24	19	34	
37	20	18	18	33	34	10	11	2	45	13	10	30	39	13	32	29	30	22	14	
25	23	9	22	30	45	19	46	13	11	11	5	33	50	37	34	35	1	8	40	
5	11	20	4	45	7	21	28	20	18	1	17	17	9	29	4	1	23	3	26	
30	19	29	49	32	22	48	3	24	25	12	31	38	30	43	5	9	9	14	27	
33	41	29	11	45	18	26	13	17	11	16	26	40	41	1	20	10	10	46	42	
11	17	1	6	41	8	18	31	17	8	2	50	36	35	45	7	19	40	11	3	
49	32	20	21	46	1	28	15	20	18	1	15	23	28	19	23	8	14	22	45	
41	5	29	38	31	39	17	50	20	45	17	16	38	47	28	28	35	27	10	42	
26	41	22	19	43	3	32	32	20	13	20	18	33	39	2	48	44	24	8	2	
23	7	40	14	48	7	33	14	1	35	34	31	28	23	27	35	46	27	6	22	
33	3	45	36	24	25	48	27	34	20	8	31	49	39	46	35	18	37	46	19	
42	45	16	39	5	29	18	20	9	4	6	28	34	46	50	3	43	49	7	47	
19	28	17	4	22	47	25	29	43	12	8	48	1	33	48	28	21	11	25	10	
2	34	37	3	45	24	39	25	16	35	38	15	34	17	24	36	5	8	37	46	
41	3	46	31	35	16	44	10	37	45	20	27	27	30	26	17	18	43	24	32	
5	10	13	40	14	32	16	11	11	6	8	5	36	41	46	38	29	7	18	5	
21	42	36	1	1	14	13	45	38	10	39	46	31	30	5	3	23	6	19	4	
On machine	22
7	43	1	8	33	41	28	20	22	3	25	25	26	30	13	36	25	8	49	30	
5	4	46	25	34	28	26	47	20	15	35	47	49	13	47	20	18	15	47	24	
26	33	15	15	40	2	33	19	50	47	33	2	27	38	31	25	16	45	32	12	
45	34	3	21	26	26	18	40	45	15	38	38	2	40	49	36	9	47	3	37	
23	31	29	20	6	8	18	31	33	48	27	41	12	49	47	49	5	38	46	44	
1	20	35	40	46	47	49	11	10	6	15	28	43	41	38	48	21	8	46	2	
2	2	36	3	7	29	49	30	39	47	22	7	28	9	48	29	48	18	29	47	
48	13	33	42	5	35	20	19	39	9	17	12	46	29	46	1	16	19	22	14	
33	29	10	21	16	38	49	49	21	16	34	31	27	25	42	38	45	2	31	23	
47	32	34	10	16	28	22	36	45	48	12	41	42	3	34	27	3	4	3	5	
30	30	29	48	45	49	15	33	49	15	20	36	24	39	29	31	8	37	45	25	
12	42	46	45	36	40	13	21	1	41	8	42	41	49	36	28	16	8	45	32	
31	29	24	7	27	5	12	43	37	4	8	28	47	9	42	23	43	25	3	40	
46	38	22	18	10	8	5	11	17	29	15	5	12	50	12	13	38	6	40	38	
31	14	30	7	26	43	11	42	15	19	36	29	25	18	14	15	22	39	43	39	
23	36	37	35	20	9	49	22	29	15	20	14	45	38	46	47	2	7	27	12	
29	39	19	3	43	16	15	28	40	29	45	40	19	11	31	32	31	12	12	38	
2	20	21	30	49	41	3	2	48	34	44	26	16	29	37	10	43	14	13	44	
43	48	31	49	34	10	2	32	26	39	35	38	49	11	42	37	31	32	18	10	
10	20	33	40	18	42	12	9	14	31	17	10	2	22	19	3	25	42	34	6	
On machine	23
14	27	23	9	41	9	43	27	41	26	31	38	48	10	40	18	16	30	8	6	
36	25	26	50	13	13	27	40	44	11	33	44	6	27	39	19	12	47	34	50	
19	46	3	39	12	6	21	1	45	28	39	36	17	44	38	39	31	38	42	16	
12	12	41	21	18	41	29	15	40	17	33	37	49	17	28	10	20	4	43	12	
4	30	8	1	26	16	46	27	44	47	47	48	41	48	1	34	32	12	42	31	
4	5	35	13	44	12	21	27	32	15	2	20	25	15	47	49	38	5	1	5	
35	32	42	11	18	1	16	8	21	10	12	28	6	40	31	32	9	17	36	21	
10	20	44	7	6	38	35	21	35	22	28	31	24	4	6	45	48	10	11	33	
26	1	43	29	33	14	22	41	37	32	14	30	43	43	26	15	11	14	25	39	
25	8	8	36	34	12	6	49	6	24	9	47	20	15	12	29	26	34	39	35	
36	28	50	33	3	35	27	30	7	48	17	39	41	2	24	50	44	25	30	34	
3	13	6	11	11	29	17	33	42	17	37	47	31	49	49	13	36	46	11	15	
3	30	47	46	47	33	44	5	12	14	5	26	24	35	31	7	45	15	17	39	
50	10	6	38	34	29	34	42	7	22	28	30	18	46	47	27	15	48	49	26	
27	10	3	46	17	32	11	25	50	30	5	32	17	21	37	35	20	24	19	32	
36	50	46	43	5	23	36	34	29	10	40	44	7	27	22	19	40	29	19	36	
13	18	47	1	32	29	13	17	3	26	24	25	19	23	27	46	11	41	34	40	
27	3	49	16	10	45	4	8	13	29	28	45	16	42	12	21	30	23	28	33	
10	32	31	7	1	39	2	28	46	30	1	38	16	15	33	4	36	27	40	11	
28	43	14	34	36	31	5	48	6	12	22	27	47	13	18	30	43	24	11	47	
On machine	24
31	27	25	18	17	17	23	16	47	44	27	17	11	43	8	22	49	41	25	34	
36	35	4	9	18	45	10	49	6	42	46	42	45	3	17	32	50	32	15	31	
35	1	44	48	14	24	12	37	28	34	5	24	50	35	8	44	2	12	4	26	
13	40	16	33	14	46	28	1	26	24	46	40	20	48	36	45	30	17	27	2	
47	46	37	20	29	36	31	46	12	9	48	26	20	50	41	42	8	38	32	49	
1	24	41	35	46	23	30	20	11	35	15	44	38	6	23	27	33	6	46	30	
45	1	28	12	50	2	3	32	37	8	17	10	14	4	36	29	38	33	17	41	
49	1	42	28	38	21	34	2	4	19	12	26	6	13	23	37	47	2	18	11	
38	13	33	27	21	15	29	41	9	26	36	24	5	19	47	4	14	34	10	21	
41	50	40	13	15	33	45	42	5	32	31	6	9	17	30	45	38	47	22	29	
48	22	1	6	46	18	14	13	30	8	34	1	31	11	12	46	25	21	14	19	
32	17	31	36	1	24	31	29	15	40	13	49	17	11	37	36	31	35	48	24	
19	16	29	16	21	39	44	13	45	37	25	39	44	17	28	50	32	7	20	18	
17	32	25	17	33	50	43	6	28	26	45	8	40	18	16	24	14	28	30	12	
34	41	10	12	4	4	18	9	45	49	31	50	43	35	21	22	33	5	9	25	
36	49	20	39	38	38	34	18	22	2	45	21	24	40	14	31	49	4	45	37	
30	47	33	1	43	38	35	42	38	6	13	47	21	20	6	29	18	2	37	33	
4	11	41	43	34	13	18	38	4	30	10	3	34	25	46	14	7	11	32	2	
2	12	4	16	16	28	45	2	17	1	40	15	35	41	27	15	7	38	46	38	
32	34	41	22	50	25	15	39	3	6	49	21	9	30	43	17	1	33	3	27	
On machine	25
12	42	7	26	9	45	4	6	10	36	3	26	29	13	30	17	41	37	48	3	
16	12	39	14	6	39	40	33	6	18	43	48	43	48	14	16	33	25	7	45	
12	25	49	38	18	46	35	29	6	21	1	10	9	31	2	30	26	28	28	20	
18	33	11	38	50	36	43	47	47	23	46	32	27	3	17	32	2	2	27	30	
10	35	5	3	18	27	8	32	41	43	36	33	26	25	25	39	25	24	22	31	
44	48	16	4	37	8	13	45	14	4	10	21	6	21	29	37	2	15	31	37	
27	21	16	28	45	49	47	41	18	19	38	39	8	38	7	5	34	24	12	41	
3	20	39	49	48	12	24	22	24	14	44	44	2	50	19	15	35	2	10	31	
48	8	13	49	6	30	25	38	17	44	12	18	23	28	20	20	36	41	1	7	
13	2	27	3	46	1	45	34	1	26	43	14	36	27	23	5	7	49	40	19	
14	50	25	11	39	47	41	21	28	40	39	32	14	24	30	50	28	39	10	23	
2	18	48	8	21	44	37	48	2	24	9	4	4	28	10	40	15	26	34	48	
40	45	12	42	46	44	41	24	13	20	50	10	7	45	26	44	36	24	23	34	
17	14	9	20	42	50	10	3	45	17	20	24	40	10	47	10	15	12	39	35	
21	11	28	12	20	6	3	8	12	5	33	1	13	33	9	16	1	4	24	47	
6	36	50	8	49	15	14	49	33	34	7	1	25	12	4	23	6	1	2	12	
38	20	11	19	4	31	15	37	10	36	24	30	16	44	1	40	17	8	25	42	
39	50	38	40	13	6	21	8	34	8	37	22	25	6	44	10	26	24	20	38	
44	35	33	39	5	30	34	43	34	49	36	37	24	18	39	9	42	13	14	48	
6	43	45	42	11	19	48	26	47	35	4	38	43	31	22	45	50	25	15	39	
On machine	26
22	39	46	26	4	1	50	28	49	10	38	24	45	37	34	50	40	10	16	2	
10	24	41	34	35	11	10	17	21	40	48	5	14	15	24	32	13	28	4	44	
23	8	20	41	39	4	6	8	23	18	47	43	8	50	28	21	33	14	7	17	
1	42	38	1	12	1	34	11	45	18	27	50	47	41	19	12	23	34	40	22	
17	22	5	29	19	13	29	26	37	44	32	21	30	48	27	19	15	10	4	30	
20	21	35	18	10	48	26	42	50	41	46	30	32	31	45	44	48	27	19	27	
13	20	12	18	29	35	33	18	22	2	28	39	9	15	19	20	43	40	32	21	
8	6	30	22	32	25	26	21	9	31	31	7	3	5	36	44	25	48	45	40	
29	29	24	7	19	7	43	43	38	8	10	10	22	29	10	36	43	45	35	38	
5	50	40	1	36	50	3	35	43	5	2	17	14	28	1	21	44	21	31	13	
2	3	38	16	28	36	14	40	30	16	14	43	19	6	5	18	17	43	42	18	
49	46	24	1	30	15	45	4	40	28	46	31	29	18	18	31	43	41	46	33	
41	13	22	19	28	41	39	34	18	2	26	5	34	28	19	48	3	30	26	19	
9	50	38	48	8	24	23	49	8	19	3	41	15	47	7	40	10	13	16	26	
24	28	46	24	31	34	38	25	48	1	24	33	29	31	44	31	50	34	8	16	
15	45	14	46	41	40	42	30	24	4	29	49	23	12	22	16	9	45	6	35	
27	38	48	9	22	36	33	33	36	7	2	28	45	21	3	16	17	44	49	26	
39	35	5	35	24	8	43	11	11	2	49	25	20	16	16	10	21	24	17	4	
16	8	30	15	39	45	36	50	34	1	7	34	37	1	49	28	36	27	15	23	
24	42	3	28	18	29	43	18	19	17	49	12	39	22	41	35	26	47	46	26	
On machine	27
35	29	23	48	44	15	29	43	45	7	47	2	32	24	15	3	44	50	29	29	
4	30	4	19	16	47	2	49	4	36	48	24	26	19	41	21	15	40	46	35	
10	22	28	36	36	44	43	40	11	1	12	17	12	35	5	4	15	14	37	39	
40	49	10	15	33	5	5	41	43	38	7	49	2	24	49	29	48	25	12	21	
41	46	26	50	46	37	11	30	32	21	49	50	6	6	11	9	29	32	35	4	
40	16	5	21	31	14	16	49	10	1	50	33	6	48	32	11	45	39	49	19	
45	28	9	26	22	31	44	7	2	38	5	6	36	47	12	30	27	35	8	2	
20	14	8	49	12	28	13	26	23	19	35	40	43	8	27	36	37	28	39	20	
27	10	26	45	23	41	34	16	30	7	41	37	35	13	27	40	36	12	18	50	
11	24	17	26	49	40	5	36	41	35	47	18	3	49	33	45	2	1	27	29	
3	14	25	17	50	10	45	21	5	14	10	34	44	13	25	1	16	29	12	43	
9	23	20	5	50	13	15	45	42	5	16	9	42	46	28	47	36	41	11	32	
11	36	23	3	28	12	17	17	25	47	1	2	21	3	5	23	36	26	41	47	
39	6	41	11	20	16	3	2	18	27	23	33	14	2	35	43	5	16	10	15	
25	46	47	40	11	18	20	21	17	9	37	27	48	48	5	13	8	38	50	24	
31	11	30	44	19	26	1	31	26	47	41	32	39	32	5	39	1	23	23	9	
33	32	31	13	37	3	26	19	49	1	46	43	37	44	32	12	21	13	21	22	
47	27	39	50	41	28	33	40	43	20	43	4	5	15	26	30	35	21	4	18	
9	6	11	38	43	25	14	23	48	34	28	9	38	13	43	45	40	41	4	14	
39	11	45	25	42	24	36	12	46	50	2	26	22	23	17	39	11	40	24	40	
On machine	28
1	40	32	15	10	32	12	50	2	46	26	29	17	18	10	2	34	48	31	36	
5	43	47	26	30	4	20	40	28	35	3	23	45	12	47	31	50	38	11	13	
6	10	20	29	44	25	41	24	1	24	39	16	5	45	44	30	26	50	25	41	
34	30	38	30	7	45	26	17	3	18	42	13	7	10	30	36	45	43	4	50	
16	46	36	27	22	6	23	45	25	47	40	10	47	33	27	16	9	48	17	45	
42	14	25	47	9	41	23	2	14	8	38	47	16	4	44	48	35	41	25	48	
35	25	47	6	14	29	1	39	41	2	23	8	30	25	3	48	37	32	47	44	
32	50	29	34	28	42	28	19	45	47	31	2	30	13	42	24	15	15	37	26	
34	1	43	34	3	49	28	40	4	20	17	32	12	32	9	10	35	1	4	8	
21	18	48	38	19	5	29	36	13	48	38	17	39	24	20	11	10	39	18	4	
42	42	50	44	8	13	16	15	12	22	11	6	47	28	26	33	20	7	2	19	
50	8	35	3	30	9	26	4	17	46	16	14	27	12	24	26	32	17	45	30	
4	45	17	37	25	40	29	23	42	43	29	5	16	24	10	31	7	44	37	6	
19	4	33	38	4	7	2	23	35	1	42	30	46	11	13	45	21	24	42	49	
39	6	24	14	40	49	20	37	45	42	13	45	16	11	39	5	44	36	43	50	
20	8	31	24	44	26	28	17	26	22	29	9	1	34	33	30	34	25	48	25	
35	19	24	7	50	36	20	48	38	26	12	29	7	30	1	46	23	41	7	20	
3	17	41	24	10	35	38	41	45	21	15	45	25	26	45	7	33	34	30	3	
39	48	12	21	35	2	37	7	44	43	2	2	49	24	39	14	24	25	37	40	
44	17	50	32	13	28	26	28	22	43	12	17	39	17	32	6	1	1	2	11	
On machine	29
3	3	3	8	30	28	27	2	9	46	16	29	38	47	50	31	43	17	30	21	
45	45	25	48	21	35	23	39	21	34	7	4	9	4	41	9	24	27	4	25	
28	5	48	14	15	29	24	44	17	50	40	36	35	40	15	45	2	18	2	47	
8	7	46	11	38	7	40	25	14	28	49	26	17	34	10	48	20	32	37	37	
40	50	10	44	33	17	6	5	45	18	32	12	23	36	17	12	21	4	5	18	
39	8	31	11	46	14	42	31	33	16	24	1	26	11	8	1	7	1	29	27	
46	33	17	27	23	32	35	28	39	37	2	48	8	45	8	34	50	1	16	45	
11	16	33	12	20	42	42	50	45	4	41	14	18	31	32	38	22	44	2	5	
7	45	6	46	7	26	32	1	4	44	28	3	18	7	11	31	7	31	45	16	
22	16	19	2	31	35	18	26	2	15	22	36	28	18	19	47	7	34	6	30	
46	5	29	16	29	29	27	2	8	19	18	2	45	13	38	1	37	47	19	12	
1	43	22	2	36	47	14	18	5	3	32	26	32	44	41	42	2	29	11	6	
38	1	45	30	47	20	16	5	22	5	1	25	12	32	45	26	49	10	9	34	
47	6	27	39	6	4	21	13	37	46	34	40	44	43	7	30	29	27	26	4	
11	36	48	3	19	42	19	38	5	32	3	32	10	4	10	30	38	35	2	44	
8	46	3	28	9	15	21	33	3	6	17	41	34	7	20	39	8	22	25	19	
47	34	34	31	48	26	12	19	26	17	43	20	36	44	48	35	18	5	17	36	
47	7	24	50	13	4	28	16	35	31	49	37	7	41	3	49	31	26	34	10	
48	44	20	21	6	2	50	29	26	16	36	9	35	16	26	26	39	13	26	14	
34	1	39	8	40	30	26	22	40	27	38	20	49	9	44	16	45	43	4	46	
On machine	30
48	23	11	3	44	19	24	16	25	49	16	21	28	5	6	1	42	39	10	14	
29	45	39	14	4	10	12	41	14	13	3	22	34	7	32	6	39	3	3	50	
2	21	49	15	16	5	23	12	50	47	6	20	35	46	32	36	36	6	16	7	
40	24	8	42	16	4	30	40	43	17	14	34	1	20	46	48	43	12	30	50	
11	3	44	40	38	37	33	12	40	10	33	13	3	1	23	46	20	25	31	24	
28	39	21	50	6	41	18	27	20	20	14	29	45	35	44	16	19	32	32	32	
7	17	50	23	17	50	50	44	48	24	6	21	23	3	36	46	27	29	39	44	
8	3	7	35	9	2	27	31	18	27	27	4	42	13	17	45	6	11	6	23	
7	31	2	5	20	21	13	11	49	28	3	8	5	8	19	22	38	40	48	6	
34	24	32	37	34	12	38	4	45	4	25	37	21	35	19	35	43	2	31	14	
8	9	38	39	7	36	30	25	19	23	13	34	9	11	24	9	8	48	9	42	
2	13	6	48	1	49	18	23	44	41	42	32	32	3	15	7	43	5	11	25	
48	32	8	50	22	23	21	11	27	18	2	12	48	48	25	6	49	40	33	6	
26	22	1	38	1	32	13	9	33	14	38	35	25	12	41	23	25	8	6	44	
10	18	41	41	29	21	12	27	30	46	24	46	18	39	3	19	30	21	3	32	
37	3	12	29	42	24	18	28	10	8	39	15	30	50	23	30	25	41	50	19	
19	33	49	28	2	15	20	41	7	15	3	43	20	35	20	34	24	17	27	40	
50	4	20	45	7	4	23	43	22	45	23	30	30	33	19	35	3	3	15	36	
26	34	25	34	42	19	26	6	50	4	45	18	5	33	7	5	12	38	32	48	
24	46	23	1	48	22	30	48	19	22	37	10	33	28	30	37	1	32	39	46	
On machine	31
32	14	2	1	8	5	47	3	21	37	19	13	29	37	18	19	14	33	34	17	
20	17	49	9	2	38	15	46	11	18	23	42	12	31	48	49	34	35	14	23	
12	21	1	50	47	28	2	20	42	10	18	28	3	32	28	12	45	29	2	13	
32	5	20	49	47	45	43	4	11	14	45	33	9	39	41	45	50	25	23	16	
38	8	18	44	4	27	26	37	36	35	43	21	28	18	49	5	48	33	45	36	
26	32	21	36	6	38	8	26	10	48	31	26	38	1	25	34	4	32	44	49	
45	24	15	46	21	33	19	46	46	31	7	31	39	43	24	45	24	33	46	4	
19	39	2	21	14	50	17	41	19	3	47	47	50	32	5	21	15	11	20	13	
45	41	14	42	16	36	44	42	6	2	35	4	19	28	15	16	6	4	19	29	
26	12	43	13	47	4	25	38	46	21	28	37	11	22	46	4	15	32	19	47	
14	12	41	45	7	16	46	38	48	32	30	47	14	11	19	16	38	25	47	38	
2	17	23	1	4	20	39	4	42	36	3	24	13	48	30	50	48	6	26	23	
27	32	7	8	15	4	13	11	35	8	44	18	30	15	48	30	30	34	37	24	
14	3	43	9	35	47	8	5	36	49	18	4	36	10	30	4	26	44	42	17	
39	2	49	45	8	32	46	8	8	10	42	8	9	44	6	31	13	31	38	29	
50	17	39	36	40	35	25	48	46	39	8	22	41	34	14	4	45	9	7	20	
46	43	14	42	28	10	50	6	37	35	32	7	24	35	50	8	16	6	20	44	
13	33	44	48	34	41	8	17	42	48	17	33	17	15	19	47	14	43	1	49	
41	50	30	23	47	19	19	13	30	34	25	3	47	49	21	23	7	11	28	20	
36	36	36	32	9	49	33	32	8	10	13	12	5	15	16	43	37	12	12	35	
On machine	32
22	43	24	15	13	48	24	50	12	27	32	10	35	50	46	18	5	33	6	9	
5	35	17	44	19	18	33	5	9	24	29	8	32	10	17	38	48	43	37	49	
21	4	5	30	6	44	14	32	34	47	37	4	16	39	12	24	8	2	22	44	
16	36	18	10	37	6	13	36	16	14	12	45	21	40	14	37	48	40	48	38	
13	13	39	21	20	17	27	1	3	25	4	3	48	18	3	35	17	27	47	47	
35	48	44	50	1	5	11	27	3	1	33	49	25	6	12	9	15	43	42	6	
28	11	7	49	13	32	40	30	23	50	27	34	3	41	20	32	14	31	13	37	
11	18	9	17	46	38	29	41	33	7	4	37	18	10	11	40	42	46	22	15	
21	35	45	32	17	47	2	15	25	23	15	15	3	31	32	40	10	2	33	10	
39	3	29	18	39	30	36	40	40	5	4	27	42	26	14	35	24	31	11	16	
34	15	13	17	17	35	12	10	16	46	25	25	35	21	2	35	9	35	42	19	
16	40	37	8	33	18	14	24	36	6	34	24	14	24	40	47	33	40	25	28	
18	36	22	21	41	39	16	9	35	5	1	7	19	38	29	12	45	41	29	19	
4	16	35	21	4	48	25	6	44	37	6	44	9	29	42	9	30	24	34	45	
46	26	8	4	12	18	36	26	25	33	39	1	33	11	38	43	14	46	12	18	
39	29	3	28	19	7	33	50	42	11	38	35	40	31	33	47	24	38	46	25	
32	43	32	36	16	31	5	41	43	39	8	47	42	14	27	18	11	28	41	20	
7	23	26	16	46	2	29	31	13	18	3	8	6	11	14	14	41	4	48	39	
1	2	33	47	3	43	29	16	47	19	50	29	34	41	1	1	1	3	4	32	
7	48	5	15	37	45	31	43	46	14	28	9	37	2	47	9	40	46	42	22	
On machine	33
19	47	32	11	10	23	4	22	3	44	31	21	6	50	19	44	19	46	5	24	
40	27	43	43	28	23	2	26	41	28	7	32	8	22	3	13	34	19	45	26	
22	32	44	4	47	30	38	30	5	44	45	3	15	12	10	20	6	33	5	16	
13	47	36	7	29	25	16	31	10	18	46	2	30	19	23	13	46	22	36	42	
15	49	32	29	12	50	33	24	47	49	9	38	15	32	38	15	34	19	4	32	
2	7	33	34	8	27	33	45	36	6	42	49	15	19	35	13	38	39	3	42	
48	50	21	35	47	50	38	19	20	5	23	31	39	36	26	20	46	5	7	31	
32	44	6	46	40	5	13	13	19	30	17	28	36	15	12	48	28	23	30	48	
15	36	20	3	15	24	11	8	33	42	43	23	45	8	50	43	7	15	45	42	
31	45	20	7	48	28	24	24	15	45	12	9	2	31	44	17	5	9	45	41	
2	16	7	37	11	37	41	17	30	16	12	44	10	44	9	30	12	30	4	30	
37	47	17	7	43	15	43	21	38	41	10	38	26	13	35	17	2	38	10	3	
40	25	24	48	22	2	22	16	17	34	31	31	47	35	34	5	22	25	25	6	
48	4	38	18	33	44	32	36	7	22	33	48	11	4	27	35	7	1	1	2	
9	31	40	16	29	22	19	31	27	2	26	11	35	19	19	33	49	34	38	37	
31	28	35	45	6	21	46	6	4	9	43	9	8	45	13	41	50	18	30	5	
33	37	22	13	1	50	20	45	3	25	49	11	18	15	47	46	18	43	38	6	
31	1	43	28	26	46	20	21	23	15	31	48	14	21	7	14	2	17	29	31	
47	21	20	11	5	37	36	20	6	19	6	24	5	40	7	45	31	3	18	29	
11	43	47	35	22	44	5	2	18	43	6	14	25	28	49	11	39	14	41	22	
On machine	34
4	9	34	5	45	45	19	9	14	45	20	9	8	23	45	3	39	13	35	30	
44	22	44	41	18	3	10	25	13	13	40	5	19	38	28	35	12	41	3	41	
38	50	14	19	46	36	22	27	50	27	21	18	46	26	5	46	29	21	12	11	
18	4	19	50	43	10	37	5	19	2	5	2	37	33	1	40	36	33	27	17	
12	31	5	13	5	12	40	33	40	2	2	43	31	26	17	24	43	41	45	30	
18	10	11	38	26	19	46	27	24	45	50	9	32	30	10	45	21	29	11	48	
27	38	29	43	11	6	43	20	10	31	3	5	45	50	23	38	37	30	6	11	
48	37	30	48	24	10	15	40	3	43	25	47	11	40	30	40	31	21	16	8	
30	32	30	20	18	15	48	34	16	43	45	47	20	44	30	21	27	42	7	33	
43	2	11	6	37	34	14	38	42	49	37	27	4	32	24	1	2	23	24	45	
32	19	10	23	17	7	34	46	45	13	33	26	17	45	11	48	50	10	7	50	
41	40	45	34	15	22	4	4	38	41	2	13	48	41	25	10	4	31	25	48	
49	20	29	5	7	37	16	3	13	42	11	8	33	26	26	38	24	7	29	24	
29	6	31	29	21	28	44	4	16	21	33	9	17	23	17	35	50	41	5	48	
31	23	31	27	8	42	43	32	3	50	1	1	34	10	14	47	18	50	37	21	
19	46	8	1	39	12	31	41	6	9	48	50	18	9	1	24	37	22	42	11	
13	11	42	40	38	26	41	29	34	7	10	12	6	13	3	41	32	2	7	37	
21	10	19	38	14	28	26	31	49	20	36	22	6	13	1	19	1	12	49	23	
44	39	1	41	12	47	1	18	28	12	28	45	10	20	3	39	9	45	48	38	
27	15	15	4	23	46	41	22	49	29	13	4	19	35	26	30	16	33	47	37	
On machine	35
26	20	46	31	11	50	37	22	5	47	37	49	1	14	31	13	21	48	24	17	
40	38	27	26	28	49	24	12	9	7	33	44	31	21	26	34	38	22	13	31	
26	48	9	13	20	8	29	29	16	10	22	6	22	30	1	19	31	48	7	42	
39	46	24	46	29	43	21	25	25	11	21	38	24	46	4	40	11	13	22	21	
19	9	10	10	33	40	35	48	25	30	33	46	38	22	33	34	23	5	10	7	
48	11	43	23	28	8	32	22	13	15	12	16	26	23	22	33	42	48	38	15	
21	33	47	45	31	39	15	24	4	42	15	20	32	18	13	28	44	5	25	40	
49	15	38	26	17	6	34	35	50	45	18	41	46	31	47	5	21	38	8	26	
33	36	31	7	1	38	20	45	22	46	38	36	43	3	26	1	5	43	5	47	
23	37	20	28	35	26	49	5	44	40	48	35	50	3	7	43	12	10	47	16	
21	41	31	7	10	11	23	28	28	35	35	43	24	46	22	43	26	28	12	28	
42	35	30	2	48	35	45	34	21	37	9	17	9	21	14	11	14	47	2	27	
14	30	11	28	36	29	48	44	42	28	14	44	3	11	1	8	10	10	33	21	
49	26	5	3	8	18	34	37	3	15	35	44	6	33	47	19	6	37	42	50	
18	46	38	35	39	12	8	15	42	22	24	19	43	37	40	45	14	5	13	19	
33	33	16	23	18	28	12	15	42	42	22	1	45	41	17	29	8	44	36	27	
38	17	1	33	47	7	26	21	44	36	14	10	42	44	13	41	37	31	44	9	
45	5	41	50	2	49	21	21	4	9	13	12	11	6	9	12	42	4	45	3	
9	30	44	25	44	29	6	30	1	37	19	1	22	46	21	48	21	50	49	22	
47	16	43	14	32	12	1	23	6	28	22	14	13	31	12	10	45	16	21	8	
On machine	36
16	42	2	26	6	4	7	34	3	38	34	8	36	26	17	27	10	5	41	27	
41	29	48	22	30	34	33	24	32	31	22	45	28	39	26	44	44	2	29	50	
25	8	27	24	29	17	27	2	12	3	6	49	31	1	14	12	1	17	37	13	
32	36	48	24	3	37	15	8	45	37	23	7	36	7	50	13	2	3	47	41	
19	20	39	14	26	32	49	26	11	15	9	43	19	31	28	30	47	12	39	14	
8	50	14	18	21	1	29	17	8	40	11	3	8	30	20	23	32	18	45	35	
9	19	28	37	28	35	42	43	49	32	44	14	31	45	11	17	27	5	31	24	
37	30	37	9	21	29	50	50	23	17	45	2	50	4	38	21	29	18	33	20	
19	41	7	10	29	14	31	28	45	46	25	3	47	5	43	25	6	38	19	37	
44	21	43	2	31	17	11	42	24	25	28	24	1	14	49	11	10	1	19	11	
29	44	35	43	28	37	40	18	25	8	1	28	35	18	29	36	10	13	17	49	
31	33	18	4	48	37	12	19	43	4	3	25	11	7	45	28	43	38	30	38	
40	2	29	2	23	7	43	31	32	12	17	6	48	43	40	49	11	36	17	9	
41	5	30	23	22	41	48	29	3	50	33	18	34	22	9	32	5	26	36	44	
50	5	38	45	35	41	39	23	44	3	44	19	45	28	33	21	4	49	29	10	
2	7	10	44	18	36	43	32	2	25	14	40	31	15	40	35	46	39	41	44	
24	49	29	38	28	3	18	18	24	22	34	21	14	36	11	21	49	37	46	22	
9	42	16	32	39	40	10	41	29	29	12	11	37	23	50	25	47	1	6	46	
18	6	18	7	50	46	22	14	39	21	10	43	46	27	24	1	40	48	26	23	
1	18	29	41	31	4	40	29	25	21	20	25	48	29	33	49	48	45	8	36	
On machine	37
19	39	22	2	13	5	42	16	35	41	8	6	17	7	39	2	33	33	49	4	
17	40	20	14	20	25	17	12	45	18	12	13	46	39	24	37	26	10	27	42	
2	3	36	19	33	32	18	5	22	41	45	17	14	13	10	7	42	14	46	28	
8	20	42	40	4	7	10	23	45	39	37	6	45	12	47	46	4	11	40	33	
34	20	4	34	31	18	18	15	48	17	47	12	3	48	24	11	28	37	50	47	
44	47	33	15	42	28	38	13	21	13	8	37	43	18	24	24	2	27	48	45	
40	26	49	26	13	19	30	8	43	27	29	13	26	18	13	3	28	30	4	48	
40	36	11	48	6	10	50	22	13	12	40	29	4	6	47	22	23	27	43	30	
8	14	39	2	18	2	39	22	49	23	28	37	37	40	4	19	7	31	21	25	
7	31	34	17	16	25	39	32	39	45	27	40	42	28	21	46	9	23	29	37	
9	45	1	22	22	37	39	28	12	4	34	48	9	29	28	2	40	4	13	33	
37	15	35	17	10	35	5	7	41	4	32	46	44	12	30	12	4	10	24	9	
45	9	42	34	14	31	26	18	4	23	7	42	42	30	33	29	13	18	39	9	
17	48	42	2	40	17	23	47	45	36	49	30	3	35	11	8	27	11	39	30	
35	20	14	12	45	2	14	16	11	46	21	30	39	17	5	11	45	38	11	29	
48	13	26	18	29	5	41	17	8	35	17	19	46	16	40	50	27	27	13	42	
2	26	5	15	37	43	25	34	22	48	41	33	34	30	23	18	13	43	26	46	
26	35	44	30	8	10	16	24	8	13	49	35	2	14	43	30	48	46	17	44	
30	23	21	30	50	27	20	34	19	23	14	15	5	23	37	12	14	11	23	32	
32	1	24	19	40	24	49	4	48	43	12	42	11	33	7	43	10	26	8	4	
On machine	38
25	33	3	38	46	21	9	11	28	35	8	35	5	33	20	30	44	40	8	9	
24	28	13	35	32	28	9	39	13	25	24	49	15	47	26	5	19	39	23	20	
21	34	41	36	22	28	30	49	23	4	12	19	28	1	42	26	10	1	39	10	
4	24	27	36	18	5	36	5	2	5	17	19	50	42	5	32	38	13	27	48	
13	3	16	14	37	25	8	34	38	17	13	8	12	47	19	1	48	20	32	34	
20	34	17	43	43	29	36	16	23	15	43	18	29	50	21	39	14	34	50	34	
47	9	40	11	46	44	45	34	43	49	2	19	36	35	20	41	49	7	27	30	
20	15	12	23	26	34	3	27	31	6	27	25	14	47	25	22	9	50	19	24	
42	35	41	45	38	11	26	24	42	49	39	5	32	35	22	41	20	19	44	32	
30	10	32	19	4	36	2	11	18	22	13	43	24	19	41	13	7	14	35	42	
2	47	5	32	23	49	17	25	29	30	10	48	32	19	44	8	5	27	7	46	
33	43	45	32	1	32	18	21	28	7	46	45	44	49	25	43	25	41	20	1	
48	6	33	42	25	1	5	5	27	22	42	15	30	28	25	44	36	34	49	9	
15	22	24	24	1	15	17	11	27	23	9	31	20	45	22	48	6	24	36	4	
12	40	30	47	17	30	13	9	36	46	7	15	18	36	27	33	39	31	2	6	
8	48	39	7	33	15	41	41	48	13	46	21	42	6	1	3	28	8	41	8	
23	9	3	43	13	50	22	34	31	23	11	4	23	3	33	33	5	1	9	1	
28	48	23	14	32	5	47	34	11	12	6	29	5	2	10	12	33	23	43	28	
14	34	21	34	38	46	29	2	27	40	34	24	20	37	31	27	39	9	27	36	
13	43	2	15	38	12	48	34	42	37	50	29	42	17	27	12	41	32	18	10	
On machine	39
39	38	21	26	19	21	1	24	9	20	11	19	24	41	10	4	28	47	26	16	
9	22	27	39	17	50	40	25	19	16	4	11	44	33	38	40	19	6	28	12	
22	12	30	8	3	30	1	42	9	28	13	36	4	2	49	33	11	14	30	31	
47	36	8	40	44	5	18	39	22	38	10	10	39	17	36	1	45	1	4	31	
44	38	34	44	39	15	46	13	14	17	28	7	32	8	34	42	4	6	23	31	
39	19	28	18	29	7	38	31	12	20	26	3	25	34	18	38	20	19	47	23	
35	38	47	23	46	28	25	37	30	22	9	37	7	37	42	48	26	26	26	44	
27	36	49	6	48	29	31	36	33	16	2	15	2	22	17	12	29	1	13	43	
43	47	2	20	29	29	40	13	23	7	46	29	30	28	40	43	47	20	2	38	
44	39	10	5	28	44	14	36	27	41	41	34	40	47	28	48	5	27	40	23	
15	49	29	25	23	10	21	47	38	23	21	43	10	23	7	34	32	44	49	48	
27	28	26	48	21	10	49	27	39	15	13	44	34	23	47	24	33	24	10	4	
5	23	8	49	1	23	23	50	2	37	9	8	11	21	1	2	1	13	8	10	
32	34	42	30	23	20	42	33	41	24	38	5	26	11	44	3	26	29	1	23	
48	15	28	37	22	4	49	42	10	48	1	28	42	2	30	33	48	33	8	32	
20	32	29	44	10	23	19	43	37	9	35	41	37	35	19	31	23	17	7	2	
42	34	30	17	39	7	38	36	9	9	17	1	28	16	41	5	16	45	30	6	
13	39	24	47	43	44	28	7	33	13	19	24	30	20	12	39	6	32	24	3	
25	43	12	8	22	47	42	45	1	31	10	37	41	38	9	24	16	12	9	34	
23	23	5	38	8	26	24	42	14	47	36	28	38	42	32	42	20	12	47	10	
On machine	40
14	37	6	45	50	26	38	22	45	46	9	36	22	50	28	43	35	35	25	44	
10	8	23	42	25	39	15	12	2	48	29	11	19	21	10	6	40	42	49	49	
22	38	9	45	16	44	29	42	46	40	19	18	46	41	50	48	28	46	38	42	
22	14	26	8	42	15	31	32	5	11	18	18	37	6	25	13	48	25	5	40	
31	2	24	39	50	16	16	49	27	41	10	11	1	9	15	41	10	22	37	48	
45	6	45	16	4	38	50	45	50	48	4	27	48	33	8	32	39	47	17	42	
40	29	24	22	3	37	37	1	23	33	4	21	19	43	41	10	40	45	23	11	
19	2	6	43	1	45	8	10	38	1	33	50	36	33	7	7	16	15	35	43	
14	35	18	28	49	5	2	29	31	29	5	7	34	17	34	2	30	38	29	50	
46	41	24	12	27	10	35	16	45	12	37	50	47	28	37	36	30	45	4	16	
21	29	14	8	30	29	1	5	18	20	8	19	15	34	27	30	5	36	41	37	
50	32	39	9	36	35	32	40	19	2	10	31	15	29	24	3	10	1	25	46	
8	16	33	21	14	15	39	41	38	25	34	9	38	33	30	45	25	30	31	5	
43	14	32	32	48	34	30	14	3	39	25	21	20	10	47	43	12	15	43	38	
39	21	13	23	31	33	18	22	17	3	23	44	16	29	20	25	18	33	29	7	
30	1	36	48	8	44	1	24	43	46	22	46	26	37	28	40	8	48	21	11	
47	5	40	50	19	1	13	33	13	3	44	6	48	43	36	39	5	41	24	31	
21	28	29	41	30	49	38	15	25	29	41	30	50	12	18	13	12	31	14	8	
2	17	40	7	20	11	17	49	11	24	39	17	34	23	6	23	10	25	23	15	
20	23	16	33	10	38	31	28	21	16	20	39	18	17	22	45	19	33	19	50	
On machine	41
12	3	18	37	43	42	6	43	19	19	16	20	46	22	36	15	14	11	11	13	
11	26	18	37	43	31	40	43	26	7	4	15	8	13	50	1	12	14	37	20	
6	17	3	17	15	14	44	29	8	10	35	46	13	21	41	24	7	32	49	11	
7	30	31	47	8	50	39	3	10	46	40	42	46	21	7	24	11	47	20	37	
30	40	24	18	6	29	39	6	20	3	23	4	17	49	48	8	50	44	42	28	
20	25	26	12	27	2	15	34	35	40	9	5	36	13	48	7	37	16	36	14	
34	2	11	18	16	23	23	2	11	20	29	24	36	18	31	29	32	32	47	37	
12	23	6	34	45	41	49	6	21	27	26	22	31	41	3	14	23	20	42	29	
31	32	22	35	38	9	50	33	40	41	1	8	39	39	29	19	6	31	20	46	
44	19	24	21	37	10	41	45	40	9	10	13	8	38	10	27	29	31	3	45	
4	33	23	50	50	49	40	5	2	28	35	45	2	46	48	39	1	22	15	40	
44	23	49	8	46	36	37	26	1	7	15	28	10	28	7	27	31	24	16	44	
47	15	17	44	25	38	50	11	35	41	34	34	26	11	12	50	9	41	9	9	
50	13	9	19	15	21	2	26	16	4	5	22	33	43	41	29	27	21	18	17	
5	9	24	28	48	7	44	14	5	32	19	4	36	29	17	19	39	8	43	22	
10	21	43	30	16	50	43	28	41	23	44	50	41	46	24	49	35	47	8	11	
28	33	40	36	13	33	41	38	9	12	2	39	10	11	7	12	2	15	13	34	
10	13	16	17	38	4	28	12	45	6	34	50	26	31	6	29	34	3	44	2	
44	35	1	13	46	7	16	18	44	24	36	25	15	33	17	18	49	20	28	16	
47	28	47	2	44	36	46	12	42	41	41	33	33	22	27	41	37	16	15	41	
On machine	42
30	10	45	11	35	15	49	10	32	40	27	26	28	6	27	38	45	49	39	2	
8	11	27	37	29	5	49	28	49	50	2	3	1	6	43	9	36	28	13	40	
15	41	1	3	6	46	14	16	13	9	7	42	16	35	7	1	33	47	40	8	
19	8	49	9	48	37	4	5	21	7	6	3	47	6	47	34	35	41	28	15	
13	41	4	40	20	43	27	15	3	48	22	11	33	4	31	28	11	21	13	29	
7	41	27	38	7	44	21	9	50	27	39	11	28	45	5	6	1	27	11	12	
26	25	6	31	13	20	38	27	18	24	41	21	23	4	4	26	36	14	3	1	
10	37	27	25	47	24	19	36	24	16	17	24	41	35	27	20	20	40	42	16	
8	10	15	35	19	19	33	15	26	17	48	15	19	19	31	14	44	21	41	2	
16	41	31	35	13	9	32	22	3	47	35	29	24	30	48	49	20	27	45	28	
8	41	44	20	12	4	48	30	10	37	13	17	12	10	19	29	46	50	44	9	
34	50	24	23	20	28	27	36	49	32	34	4	36	4	21	37	5	43	43	38	
46	12	4	21	5	7	2	2	45	48	50	7	33	44	28	16	34	6	29	7	
34	29	20	47	24	23	33	2	11	11	15	7	17	15	26	42	15	5	12	5	
39	32	21	49	36	15	5	15	9	11	49	46	14	7	14	50	3	31	20	16	
5	45	39	12	15	32	30	35	29	18	24	1	39	32	31	13	44	27	12	5	
25	1	29	3	10	48	15	32	35	38	22	18	17	4	38	21	19	46	34	1	
47	13	5	10	25	17	46	12	50	34	36	43	47	12	16	25	42	25	40	20	
48	9	10	9	23	8	48	23	12	18	26	36	14	37	44	35	8	30	13	42	
35	37	45	34	2	27	28	13	46	4	37	44	14	43	37	27	5	47	40	27	
On machine	43
10	43	47	35	18	26	45	25	33	32	38	11	37	47	12	24	28	19	5	19	
49	11	5	46	5	49	38	31	33	30	28	9	11	37	45	39	50	2	47	6	
33	4	10	42	44	32	26	1	39	26	34	3	49	49	11	41	8	6	29	16	
1	27	47	15	26	35	6	40	40	13	16	29	35	27	15	4	14	7	22	3	
32	37	24	26	41	33	32	6	42	2	17	8	2	41	2	39	31	38	34	20	
7	47	27	21	33	35	47	11	33	5	29	16	34	27	4	25	32	48	21	41	
8	22	8	47	31	26	43	27	46	44	48	12	33	42	17	38	12	50	45	32	
1	41	17	10	11	40	25	7	38	45	21	45	31	33	24	12	3	47	11	6	
19	28	28	42	14	33	24	8	19	3	3	7	24	29	46	6	4	31	32	25	
16	27	25	4	24	32	42	36	33	25	35	42	45	7	19	36	13	12	32	6	
24	44	6	49	27	50	39	12	40	47	9	32	49	41	17	10	29	13	28	16	
12	2	34	43	27	47	11	40	13	20	19	35	43	47	46	15	44	16	41	6	
16	36	45	43	29	11	11	17	44	17	39	1	48	27	10	6	26	47	40	40	
14	3	39	8	35	34	4	21	22	8	42	10	33	30	6	13	11	38	29	30	
41	14	44	21	23	2	13	38	38	24	13	40	12	16	22	31	45	27	44	44	
21	42	49	22	40	1	14	31	41	25	47	14	49	29	30	40	46	26	9	24	
19	13	35	50	15	46	46	27	26	40	21	39	33	17	12	2	36	20	48	24	
9	10	42	34	25	10	26	42	24	3	4	44	36	12	31	23	30	42	10	12	
44	40	31	12	24	46	38	9	38	36	4	22	8	2	45	35	13	17	9	47	
18	1	29	8	9	25	13	24	42	32	4	27	38	10	32	42	10	5	12	20	
On machine	44
15	26	4	38	14	42	3	47	40	22	7	50	21	25	15	50	13	30	35	27	
17	49	29	48	22	35	46	31	31	31	21	38	10	22	12	48	33	13	20	9	
21	11	36	35	27	3	12	3	10	9	16	42	28	27	10	17	25	36	40	10	
41	1	47	27	2	20	26	41	27	46	31	42	34	32	33	18	43	18	3	8	
2	47	31	32	29	25	42	2	50	45	7	40	23	39	15	5	19	14	19	30	
33	48	28	48	22	7	36	5	5	41	34	20	11	44	35	16	32	29	47	22	
20	28	29	48	40	46	39	20	44	43	14	30	13	17	23	5	32	3	3	3	
46	32	27	8	19	34	7	35	29	33	44	6	16	5	29	6	23	34	12	10	
15	2	13	48	25	30	20	25	16	32	27	47	45	45	27	3	8	44	28	27	
7	49	35	39	6	20	30	38	33	13	17	4	20	9	25	27	26	14	30	29	
19	50	39	10	27	42	23	48	32	9	34	49	39	27	12	16	10	48	4	38	
28	26	1	13	42	24	18	23	18	45	40	12	34	31	8	38	21	27	17	1	
11	3	13	38	32	3	17	3	32	27	48	18	25	12	21	1	19	36	42	50	
16	32	34	31	24	33	26	48	38	47	44	23	4	9	34	13	50	12	50	13	
29	16	4	14	5	14	12	48	36	11	48	50	23	11	20	37	16	6	13	4	
32	18	18	6	7	22	1	5	26	39	37	21	46	22	16	23	21	7	24	5	
37	1	6	28	48	17	4	2	9	29	43	4	4	18	36	23	49	22	31	39	
46	21	38	47	32	24	13	46	18	32	40	42	31	45	6	7	15	21	1	11	
23	29	9	10	33	37	20	21	3	17	18	9	7	9	13	47	35	42	25	13	
17	22	37	50	50	15	9	32	27	8	43	50	26	32	18	22	39	35	48	29	
On machine	45
4	1	16	49	32	5	20	42	35	1	4	25	20	32	20	26	32	30	19	5	
25	41	50	31	30	50	18	22	4	23	31	4	13	3	8	43	26	28	33	24	
20	30	16	49	47	14	5	45	46	41	1	28	25	28	32	35	40	34	48	1	
47	46	4	25	42	44	29	18	10	1	47	44	35	24	34	13	35	4	20	18	
7	35	22	11	44	46	31	30	14	26	22	13	19	10	26	45	19	26	44	12	
9	40	9	25	21	34	36	32	9	34	32	2	17	26	21	17	28	5	5	21	
4	44	25	40	30	50	27	34	26	2	49	44	34	18	16	47	50	17	18	2	
2	44	23	9	43	10	21	44	49	34	7	21	27	7	40	31	22	3	41	14	
42	1	24	11	31	33	46	40	3	36	8	38	28	31	34	19	30	37	31	4	
25	30	4	19	4	35	46	11	39	7	28	47	6	10	18	30	48	24	9	24	
4	27	8	17	28	37	43	17	37	16	4	6	40	42	15	15	26	36	24	25	
32	17	27	38	25	18	28	19	13	16	25	5	48	3	39	38	30	13	2	9	
1	5	2	49	8	43	28	15	36	47	45	50	3	50	35	25	18	49	38	28	
42	29	8	1	6	8	15	14	13	23	35	47	10	33	21	5	5	33	2	11	
11	49	30	47	36	48	18	27	47	20	21	12	16	17	12	28	25	29	40	15	
41	8	3	7	41	14	36	27	21	26	7	18	44	43	32	18	5	32	27	30	
6	45	36	50	33	36	28	19	43	26	12	44	10	7	7	6	38	11	19	42	
11	45	33	6	11	38	29	19	19	44	33	24	3	25	34	37	1	38	20	36	
15	37	10	34	50	44	9	4	7	42	39	46	18	25	50	47	31	33	3	47	
43	26	49	29	14	39	37	34	3	36	7	50	27	21	18	7	25	23	20	33	
On machine	46
41	37	49	15	12	15	35	16	29	37	10	9	34	23	35	18	37	15	43	23	
35	16	40	15	45	34	17	39	37	2	32	23	15	7	1	21	29	23	2	33	
27	37	38	16	33	16	23	41	6	18	28	14	17	45	13	40	31	38	30	16	
42	42	31	8	32	22	38	50	22	18	6	30	12	13	3	10	21	15	27	42	
6	24	31	38	2	11	25	25	45	37	18	5	20	27	7	50	32	7	34	21	
24	29	14	19	39	48	41	8	28	23	7	16	46	33	37	47	38	36	30	46	
31	47	35	16	33	15	21	46	13	37	30	27	17	23	26	13	8	49	41	15	
49	38	14	46	8	8	39	11	17	13	21	29	30	38	37	50	41	49	8	5	
11	19	39	45	38	14	48	50	23	11	32	22	47	11	30	21	46	35	3	4	
18	41	37	16	15	35	10	25	27	31	24	46	23	48	18	25	10	31	26	5	
10	12	47	42	33	27	12	12	31	39	12	17	33	7	42	41	47	45	5	9	
19	24	8	10	30	30	17	16	47	12	38	22	1	6	11	13	28	19	25	32	
40	13	37	12	42	20	31	33	6	26	32	39	47	46	10	17	37	39	48	33	
12	46	17	30	3	25	5	26	43	14	19	10	44	2	39	21	26	39	13	43	
8	14	33	46	30	28	33	48	27	21	22	34	20	8	2	17	6	48	7	26	
30	45	18	33	19	48	48	14	25	25	30	4	50	44	23	34	26	17	23	8	
9	46	48	35	21	27	27	24	29	48	15	21	26	49	41	5	27	42	22	7	
35	13	12	50	33	25	35	28	2	23	19	31	22	44	4	45	44	36	19	7	
25	39	17	5	18	50	20	21	36	35	18	21	48	9	48	12	12	2	27	49	
39	13	45	20	13	2	30	34	21	28	46	4	49	23	13	49	50	33	38	5	
On machine	47
34	27	48	16	22	26	37	41	46	23	34	22	41	1	43	10	11	46	36	32	
24	25	37	20	27	32	14	35	30	14	44	19	35	7	43	33	22	31	31	4	
11	27	32	49	21	16	28	26	34	17	7	42	48	20	32	1	48	30	26	24	
11	11	38	36	18	44	36	32	40	19	42	41	37	20	40	36	21	1	31	8	
39	14	39	9	10	1	49	33	4	15	37	41	25	17	39	19	1	17	45	8	
46	46	6	2	19	36	9	43	38	21	6	40	25	26	17	11	26	41	15	49	
34	3	14	15	3	41	46	6	23	23	6	50	27	40	20	13	15	5	19	30	
36	45	27	42	31	15	42	7	42	34	5	27	15	37	29	2	34	42	19	10	
48	45	36	38	44	37	35	21	18	25	30	6	49	19	35	13	17	21	50	17	
8	23	20	12	46	5	41	35	36	17	8	15	38	37	40	5	36	26	1	15	
30	43	4	49	14	35	23	2	43	50	17	41	48	37	38	34	27	25	43	41	
39	1	38	23	2	43	21	37	6	45	16	45	22	7	40	2	10	11	49	31	
31	19	25	35	42	21	7	17	16	8	1	29	28	27	38	46	14	4	22	42	
43	35	2	38	43	38	8	42	4	32	39	3	15	3	44	16	1	36	7	28	
20	14	31	9	48	28	40	17	26	39	17	44	19	18	42	21	36	31	25	46	
3	37	49	13	22	8	13	10	48	36	32	19	1	37	46	16	46	29	28	7	
4	24	5	8	42	49	49	14	7	24	2	24	16	26	2	8	37	39	29	5	
30	40	5	18	41	38	48	5	43	18	1	27	49	1	15	29	11	44	10	4	
50	49	38	40	14	38	49	15	20	47	32	31	41	49	25	25	43	23	26	37	
22	4	30	19	19	21	17	24	50	34	4	6	20	43	20	21	9	46	37	50	
On machine	48
33	33	30	24	44	20	46	37	22	10	7	26	21	21	26	31	48	12	22	22	
19	40	45	8	7	34	35	10	38	46	35	12	36	44	28	28	12	6	1	29	
2	8	36	9	50	24	50	20	4	38	6	10	12	9	34	45	11	45	36	21	
19	6	7	11	3	49	7	31	40	48	11	35	31	33	18	43	49	43	30	44	
16	41	2	44	3	36	1	20	34	13	4	39	34	48	36	18	34	13	21	18	
33	21	29	26	14	22	29	4	12	33	16	9	47	3	9	6	33	4	30	7	
9	43	45	24	31	2	16	11	46	27	37	5	50	2	29	13	14	33	10	4	
13	10	50	29	37	19	11	25	12	23	19	12	24	33	9	40	32	34	46	31	
13	2	14	8	6	24	6	13	48	5	42	23	34	11	5	28	33	30	1	23	
33	10	19	14	19	45	20	2	48	40	11	30	29	45	3	18	18	23	6	7	
36	39	41	26	42	10	15	17	49	28	31	24	9	20	46	14	24	43	24	14	
27	49	28	18	8	24	43	33	12	3	36	28	41	20	17	50	33	21	26	16	
38	35	12	13	20	18	50	32	10	33	34	7	20	19	27	22	40	47	12	49	
31	32	5	14	50	20	49	35	31	47	35	28	16	19	32	28	10	4	50	15	
30	9	45	35	24	49	30	29	12	5	47	24	48	7	20	47	30	9	36	1	
26	32	35	26	34	48	15	38	37	14	11	45	47	3	9	28	41	13	13	49	
47	14	6	34	12	24	12	3	14	50	49	50	32	12	16	10	11	12	44	48	
36	8	16	28	29	39	31	17	24	27	15	48	46	43	28	34	25	2	44	45	
15	1	32	19	33	11	19	22	8	13	31	18	5	21	29	24	36	38	36	13	
19	7	43	30	8	2	45	3	2	27	13	36	34	47	2	39	21	17	45	47	
On machine	49
4	47	29	16	19	2	28	32	9	44	5	10	46	33	15	28	10	5	44	23	
26	48	14	15	13	27	16	41	42	8	39	22	35	33	48	33	9	32	44	15	
19	1	37	42	11	5	10	6	46	37	6	30	4	15	46	42	14	33	10	8	
32	3	36	27	47	22	30	9	21	26	40	12	35	47	45	34	16	39	11	35	
27	24	37	32	39	49	47	23	45	8	11	37	11	46	16	33	40	8	45	41	
25	37	32	30	29	39	49	33	13	3	46	13	10	39	23	31	1	31	3	46	
9	31	31	42	3	17	22	41	48	31	24	2	33	39	49	25	20	19	49	23	
47	23	17	12	37	29	28	41	5	6	48	28	38	44	19	12	22	3	31	26	
22	47	50	19	38	17	21	27	40	6	34	4	47	18	38	25	28	6	6	26	
12	47	21	29	42	21	49	45	32	50	33	50	5	23	15	32	4	48	34	10	
45	37	9	5	30	10	41	27	35	42	9	39	10	25	29	21	26	38	21	26	
14	14	26	17	12	3	43	2	19	4	18	48	47	11	24	19	8	34	33	26	
1	23	19	17	11	14	9	16	50	17	19	26	25	20	40	26	16	23	6	39	
12	29	5	29	33	40	24	23	24	36	23	13	12	46	10	14	18	21	6	14	
12	33	2	28	21	12	23	38	21	19	15	12	45	46	6	22	10	19	49	22	
34	9	12	20	4	23	12	4	44	3	41	22	21	34	33	21	8	44	4	46	
47	1	24	37	22	41	44	8	44	50	26	23	9	46	41	4	7	24	38	4	
42	17	7	14	15	48	21	44	26	11	19	34	46	19	12	16	3	30	6	18	
5	45	29	24	33	26	39	26	28	3	15	27	28	38	11	20	31	14	6	10	
20	5	29	1	1	38	39	9	36	36	27	39	20	1	14	13	32	9	14	6	
On machine	50
15	7	7	27	17	46	46	46	32	48	33	12	5	1	42	24	39	31	10	33	
13	47	38	37	38	42	25	11	21	24	45	15	12	8	49	47	20	17	45	25	
2	21	2	44	1	32	16	30	41	38	20	49	36	17	17	28	17	3	18	3	
17	8	1	28	50	24	5	32	33	49	1	35	4	28	28	12	31	46	47	10	
30	17	20	46	31	19	21	43	14	42	40	33	27	10	11	24	6	8	13	40	
18	28	38	11	50	15	1	39	18	40	38	25	20	27	1	10	30	25	25	21	
27	48	25	23	42	17	36	20	20	26	46	20	1	42	30	30	3	41	29	11	
49	34	29	12	29	11	24	19	29	11	18	49	28	24	48	50	9	6	26	14	
27	29	29	33	6	36	35	11	17	3	19	17	20	2	31	13	15	33	8	28	
41	17	20	2	16	46	26	11	18	47	22	27	25	23	38	1	30	21	8	40	
18	28	23	44	11	40	47	48	43	44	40	45	38	21	5	1	4	22	32	21	
29	43	17	25	20	39	6	19	45	40	8	12	17	3	26	14	44	20	49	7	
1	39	21	13	32	17	35	9	2	14	30	44	7	43	50	30	8	3	48	8	
16	14	34	47	24	13	21	3	46	30	44	22	10	33	10	18	21	40	23	5	
6	27	11	19	2	29	26	32	1	23	3	7	46	38	13	20	8	29	18	27	
20	37	17	41	40	39	44	37	43	12	35	9	41	44	4	6	16	48	10	13	
2	12	40	33	13	47	2	24	15	46	14	8	28	41	43	25	50	11	1	50	
1	15	38	45	11	8	25	30	12	12	38	27	5	1	41	27	3	37	8	3	
11	11	50	23	27	23	5	7	25	44	19	32	42	39	41	3	40	41	6	10	
32	5	16	39	16	6	19	34	33	50	48	1	30	35	19	12	15	33	15	46	
