Families	20
Machines	50
MaxSetupTime	50

Number of Jobs in each Family
6	5	2	9	6	10	10	5	1	5	9	6	6	5	6	5	2	7	8	8	

Jobs in each Family
0	1	2	3	4	5	
6	7	8	9	10	
11	12	
13	14	15	16	17	18	19	20	21	
22	23	24	25	26	27	
28	29	30	31	32	33	34	35	36	37	
38	39	40	41	42	43	44	45	46	47	
48	49	50	51	52	
53	
54	55	56	57	58	
59	60	61	62	63	64	65	66	67	
68	69	70	71	72	73	
74	75	76	77	78	79	
80	81	82	83	84	
85	86	87	88	89	90	
91	92	93	94	95	
96	97	
98	99	100	101	102	103	104	
105	106	107	108	109	110	111	112	
113	114	115	116	117	118	119	120	

Total number of jobs
121

Processing times of jobs
5	9	9	10	8	4	9	10	9	3	4	6	4	8	9	6	4	8	9	9	7	7	4	2	10	7	3	9	6	4	5	4	3	10	1	6	10	1	4	7	8	7	6	7	5	1	9	9	4	6	
7	2	10	3	2	5	3	3	3	2	9	4	1	7	1	9	2	8	5	3	9	7	1	3	7	3	3	2	1	2	2	5	2	6	7	5	4	10	3	5	3	5	4	8	7	7	8	10	8	7	
6	1	9	3	1	3	2	2	5	10	4	10	4	8	3	7	9	10	8	3	2	3	10	5	8	4	2	6	8	5	2	5	3	1	2	4	8	5	9	6	4	4	3	3	3	4	9	4	5	8	
8	1	7	6	2	9	8	3	5	9	5	3	8	5	10	3	2	3	4	5	5	7	5	5	5	4	5	4	5	4	8	9	4	5	8	9	7	5	7	10	1	2	5	4	4	6	10	2	3	7	
1	1	3	5	4	4	3	3	2	6	2	6	10	1	3	2	2	3	10	4	4	7	4	1	2	7	2	8	10	10	5	7	4	5	9	8	4	1	8	6	8	7	7	4	8	1	6	7	5	2	
2	3	5	1	2	6	8	2	10	4	6	4	6	8	8	9	8	3	9	9	10	10	5	8	1	4	10	4	6	5	6	8	4	6	7	4	5	6	9	10	8	1	3	4	10	2	4	9	1	5	
6	4	7	7	4	4	2	3	8	3	4	5	4	7	3	2	6	4	8	3	8	6	10	2	7	9	6	8	1	2	5	10	4	6	10	8	9	2	4	4	8	3	5	8	5	2	9	3	1	7	
3	2	5	8	5	8	4	3	7	10	2	5	3	9	7	3	6	5	6	8	5	4	9	8	2	10	9	1	10	7	5	2	5	9	3	4	2	7	6	4	10	5	3	9	8	5	7	9	3	6	
10	7	7	8	2	9	4	9	1	4	10	1	9	2	5	3	3	4	9	6	2	3	7	5	2	4	2	6	9	9	7	1	2	10	4	3	9	7	10	4	2	5	6	8	4	1	9	6	7	6	
10	9	7	5	7	9	2	2	2	9	10	1	1	10	5	6	7	8	5	1	8	2	9	9	5	4	10	4	6	4	9	10	6	4	7	9	8	5	3	2	2	10	6	4	2	8	4	5	7	4	
9	10	4	9	1	1	8	6	1	6	6	2	3	3	8	1	8	5	6	7	7	7	7	5	2	10	5	1	1	8	6	8	4	7	6	8	8	9	9	6	10	5	4	8	10	10	2	1	2	3	
7	9	3	10	4	8	8	2	3	1	1	4	10	10	9	8	8	8	2	3	10	1	10	6	9	6	10	5	9	3	4	6	2	5	7	10	1	4	7	1	7	10	1	10	2	4	8	2	8	4	
1	10	8	7	2	4	4	7	8	10	1	10	8	9	3	8	8	3	1	2	6	4	10	9	3	7	3	4	4	2	2	9	6	5	2	10	4	9	1	2	1	6	1	3	3	9	4	6	4	2	
9	3	5	10	3	8	2	4	3	6	5	9	7	1	5	8	4	9	3	9	5	3	6	2	2	6	6	1	10	3	7	2	8	7	1	5	2	1	3	7	3	3	7	8	10	4	8	7	7	3	
6	6	4	9	2	5	8	6	4	10	4	4	2	7	5	9	1	5	8	5	3	2	9	2	9	5	7	6	9	3	6	8	2	3	7	3	10	2	4	3	7	8	7	10	1	5	4	4	9	3	
3	10	9	6	4	9	3	10	3	7	9	4	8	10	3	9	5	6	1	3	5	8	10	8	7	1	8	5	1	10	10	7	7	2	3	1	5	8	4	3	8	5	5	8	3	2	9	5	8	1	
1	9	1	9	1	7	3	7	10	5	3	2	10	9	10	9	10	6	3	2	3	4	10	10	10	10	10	3	1	4	8	9	1	4	6	6	9	4	10	3	6	4	4	4	6	2	1	4	4	8	
3	2	8	1	3	3	3	3	5	1	7	8	10	2	1	8	2	2	6	6	6	2	6	1	3	10	3	5	8	3	7	7	7	4	10	1	1	9	7	10	5	9	10	2	6	5	1	9	2	1	
5	1	7	5	10	5	4	1	8	1	3	3	5	3	5	7	5	10	4	7	5	5	1	2	2	9	8	6	2	2	10	9	6	10	3	9	8	1	9	3	3	4	1	10	8	6	7	2	5	10	
4	2	2	7	2	2	5	7	1	4	6	7	2	2	9	5	7	7	6	8	2	8	1	5	6	3	4	2	5	3	1	1	3	10	4	7	7	1	1	10	2	4	6	6	5	3	3	2	2	6	
1	10	6	3	1	4	2	9	3	8	5	10	6	5	2	9	4	9	4	6	9	8	7	3	8	1	4	1	3	2	7	6	2	4	10	7	5	6	10	7	9	8	10	10	6	3	2	4	8	10	
5	7	2	8	3	3	6	9	8	8	2	10	9	5	7	8	7	10	7	2	8	1	1	2	1	8	8	4	7	9	2	6	2	5	9	3	9	2	3	10	5	6	9	8	3	3	5	9	5	7	
5	6	3	9	5	9	4	7	8	4	2	6	4	4	6	6	4	1	6	6	6	9	2	7	7	1	1	1	10	1	10	10	9	6	3	9	1	8	5	1	8	5	6	7	6	2	6	5	7	3	
10	10	6	9	3	7	10	8	6	1	6	5	9	5	9	2	5	5	10	1	7	9	6	5	2	6	10	2	9	7	9	4	10	4	7	1	3	8	6	8	5	6	4	1	6	1	5	3	6	6	
2	1	10	4	5	8	5	8	9	10	3	4	8	4	6	5	3	8	7	2	1	7	8	2	8	6	8	1	2	10	2	4	4	4	6	4	3	2	7	1	7	4	9	2	1	6	2	9	10	8	
1	1	3	10	8	6	8	1	4	2	6	6	1	6	4	4	3	9	3	6	7	7	1	8	8	3	5	8	8	4	1	8	6	7	3	7	8	7	3	9	7	4	3	2	6	2	8	4	5	9	
4	5	8	1	10	10	3	6	10	5	5	2	2	4	10	2	6	1	8	2	10	7	6	6	3	9	10	2	8	6	1	6	10	5	5	10	4	8	1	1	3	1	8	4	7	3	8	9	2	5	
5	1	6	10	10	5	10	6	5	10	4	4	10	6	9	10	7	3	3	9	3	1	7	1	9	8	6	2	2	10	5	1	4	5	6	2	9	7	6	1	5	7	2	1	6	1	2	4	4	2	
8	1	7	1	5	5	3	6	1	5	9	1	1	1	4	7	1	6	1	10	5	7	3	5	10	5	5	2	1	2	2	6	7	10	7	4	2	9	9	4	10	8	3	9	9	1	5	6	5	2	
5	2	4	8	10	9	8	2	3	5	3	2	2	8	9	4	10	10	8	7	2	5	1	10	4	9	9	3	3	8	3	2	4	3	8	5	6	10	9	4	1	3	2	1	3	2	10	2	2	10	
2	8	2	6	2	5	6	9	10	2	3	7	4	1	7	3	8	7	1	2	9	1	6	10	6	3	2	2	6	1	2	6	2	2	7	7	8	10	5	4	3	3	6	7	7	7	6	2	5	7	
1	4	4	1	8	1	10	9	4	5	2	9	5	1	10	6	5	5	8	5	6	2	8	5	10	8	4	5	9	6	10	2	5	4	8	8	1	9	2	1	2	4	5	3	6	5	5	6	4	2	
6	1	9	6	5	6	9	9	1	3	4	5	1	3	6	9	6	3	8	1	3	10	9	3	4	9	1	1	6	6	7	10	10	3	10	8	6	7	10	1	8	10	2	5	3	10	6	9	3	5	
5	9	10	7	5	2	4	7	9	7	1	2	5	5	1	4	3	9	10	4	5	5	7	2	10	2	1	6	2	1	6	4	8	10	9	1	10	3	9	1	1	4	6	5	7	5	3	3	9	2	
7	10	3	4	4	8	1	8	8	6	8	3	2	1	1	7	2	3	10	8	3	5	5	9	9	6	5	2	1	6	9	10	6	5	6	8	1	3	10	6	5	5	6	1	5	7	3	9	7	6	
5	3	4	2	6	4	6	8	10	1	10	9	2	7	6	7	10	8	1	6	6	9	4	5	5	7	6	9	10	2	4	6	1	10	8	6	9	2	10	6	1	5	8	4	6	1	8	6	2	10	
2	2	3	9	5	1	7	6	9	8	4	10	4	3	3	3	6	7	4	7	4	10	1	5	6	8	4	4	6	6	7	5	1	3	1	5	8	8	5	7	10	6	7	3	5	1	1	1	9	5	
8	1	6	5	1	6	4	4	10	5	1	3	10	4	10	5	4	9	7	8	5	1	7	4	1	7	6	7	6	6	2	2	2	1	10	6	7	9	6	3	4	3	6	1	4	10	5	5	2	8	
9	4	5	7	1	2	1	7	5	5	1	3	3	4	6	3	1	5	9	6	9	1	7	5	6	9	4	3	6	10	10	5	4	6	7	2	1	4	10	7	8	10	2	3	10	6	5	4	5	9	
1	10	4	3	9	2	5	8	7	5	10	8	2	4	9	10	1	6	7	6	5	7	5	2	9	6	3	1	5	4	7	6	6	1	4	5	4	3	6	4	4	8	10	9	3	9	10	2	1	6	
4	10	6	2	8	6	1	3	7	9	1	3	5	1	6	8	2	4	8	10	5	10	9	5	7	7	3	6	8	4	3	3	9	5	9	10	6	7	9	7	10	4	9	6	5	3	8	8	3	10	
9	9	4	9	2	7	5	4	2	5	9	9	9	1	10	6	3	4	3	6	3	2	3	9	7	9	3	4	6	8	1	7	4	5	1	2	10	6	1	6	5	8	4	9	9	4	9	4	2	6	
2	2	3	5	4	7	3	3	4	8	6	7	9	3	4	8	8	2	6	2	9	5	6	8	3	4	3	9	5	6	8	6	1	9	8	6	2	6	5	9	6	5	1	10	3	2	1	7	4	7	
9	10	1	4	6	9	9	4	2	2	8	5	2	7	4	3	10	1	4	2	4	5	5	5	5	8	10	5	7	1	10	10	5	8	9	4	7	4	5	8	3	2	5	5	1	1	7	5	8	3	
7	7	6	4	8	7	8	8	3	3	7	9	1	3	4	5	10	4	2	1	9	7	1	4	8	5	5	7	3	9	2	10	10	9	8	10	5	4	6	7	4	5	8	10	3	2	10	8	1	6	
10	7	3	1	5	3	4	8	10	10	1	7	6	6	6	9	1	9	9	3	6	1	4	2	3	1	10	3	9	3	3	2	8	4	8	10	4	1	2	2	5	3	7	4	7	10	1	4	10	2	
8	10	3	7	4	2	3	6	6	5	3	5	5	1	3	6	10	10	9	1	2	4	9	5	4	3	4	2	1	5	9	4	7	9	8	7	7	1	6	9	4	6	1	5	1	3	6	3	1	8	
4	1	4	2	8	1	5	3	1	6	8	8	7	4	5	3	5	6	4	6	9	4	10	10	9	3	8	10	6	5	8	4	1	2	1	7	1	9	8	2	8	10	8	9	7	2	8	9	8	8	
10	9	3	2	9	3	2	10	6	6	1	3	6	9	8	1	2	6	7	7	2	3	7	2	5	10	7	10	9	7	4	10	3	8	6	1	10	7	1	6	5	8	7	1	8	10	7	5	10	2	
6	8	6	1	6	9	1	6	1	6	6	9	10	2	9	6	3	2	7	7	10	6	10	10	3	9	7	10	3	9	5	4	2	9	9	7	6	9	4	8	4	8	5	4	6	9	6	10	1	1	
7	9	8	1	8	3	6	1	1	5	9	3	3	3	3	7	2	2	4	8	6	2	3	7	2	4	5	5	8	6	9	3	3	5	5	2	3	3	4	8	6	1	5	1	4	8	8	2	2	5	
10	7	6	3	2	7	2	5	2	6	7	10	7	9	1	5	7	6	5	1	10	1	1	1	1	10	4	10	4	1	4	10	2	3	2	3	10	9	8	3	6	6	3	9	9	10	7	4	2	5	
8	3	6	8	9	3	7	8	7	1	5	1	10	2	7	5	10	5	3	10	3	3	7	3	8	5	6	5	9	6	5	2	10	2	9	8	9	8	9	1	2	6	10	3	7	3	2	5	9	10	
7	8	7	1	3	3	5	1	9	4	10	4	5	6	4	8	7	1	10	1	10	6	5	4	8	2	7	4	2	9	7	4	8	4	10	1	1	8	2	5	3	10	5	4	5	6	7	5	3	7	
4	9	6	7	9	2	3	3	3	10	8	7	6	8	1	2	1	10	9	7	4	9	7	5	9	2	9	8	2	7	7	10	8	5	7	10	3	2	3	2	8	9	7	4	9	8	2	6	1	7	
10	7	6	2	3	8	10	6	6	5	1	6	6	1	5	6	5	1	2	1	3	3	7	3	8	1	7	10	5	3	9	6	9	2	2	10	3	2	10	8	2	8	9	7	5	5	1	9	3	10	
7	10	7	4	5	7	7	5	2	1	6	6	3	2	3	7	1	8	8	10	6	2	6	2	2	2	9	9	9	3	3	1	3	1	10	1	8	5	3	7	2	10	7	6	1	4	6	3	8	9	
6	5	1	1	8	3	7	2	3	10	6	1	10	10	6	8	1	2	10	9	1	2	2	5	2	1	9	9	4	9	2	4	6	10	1	7	9	7	3	1	6	1	10	1	2	1	2	10	2	4	
7	1	3	10	3	3	10	4	10	10	3	6	8	2	10	8	8	5	10	1	2	3	4	9	3	1	5	5	8	1	2	1	1	5	5	6	7	9	7	7	8	3	9	4	7	5	5	4	7	9	
8	6	9	9	4	1	4	10	6	5	9	8	5	2	9	9	1	8	7	9	9	10	5	9	7	2	9	10	9	10	3	9	9	1	8	8	6	2	2	3	4	8	10	5	10	7	1	7	9	5	
4	5	3	9	10	1	6	5	8	9	4	3	10	10	6	9	7	7	1	2	7	10	7	1	10	3	3	3	10	5	4	6	10	9	7	9	7	8	8	6	5	8	9	2	10	10	5	7	1	7	
1	2	8	1	9	4	10	4	2	10	4	5	7	2	2	8	6	6	7	4	7	10	2	10	4	2	5	8	6	9	8	5	5	1	4	6	3	8	8	3	4	9	5	3	3	4	1	10	5	3	
6	10	6	2	9	9	9	2	2	7	6	5	4	1	7	8	9	7	2	2	9	9	3	7	8	3	5	5	1	9	8	9	3	5	7	2	9	4	6	9	8	4	8	10	2	3	9	10	6	1	
7	1	7	3	9	7	9	4	1	3	1	10	6	9	9	7	1	4	8	3	6	2	1	1	5	8	2	1	10	7	6	2	1	2	4	8	5	8	1	6	4	7	6	7	10	4	10	7	2	1	
3	5	4	4	2	3	2	2	6	10	2	1	10	5	5	1	2	6	10	3	6	7	1	10	3	8	6	1	7	7	8	9	9	8	8	3	3	5	5	9	3	1	3	9	3	7	8	7	4	7	
1	3	8	6	7	8	2	8	3	1	4	10	3	2	4	5	5	2	7	3	7	8	10	9	2	10	3	7	7	5	10	9	1	3	7	5	2	6	10	2	6	2	8	1	6	9	5	2	6	3	
7	1	5	8	9	5	6	6	5	1	2	8	3	4	2	3	8	10	7	2	4	9	3	5	8	7	7	5	10	7	3	9	2	10	9	8	1	5	9	2	5	7	3	9	2	7	5	4	1	7	
2	4	4	1	8	3	5	4	6	9	4	1	2	3	6	10	6	3	4	2	8	6	6	9	6	2	6	6	4	4	7	10	7	4	9	8	8	6	3	6	8	5	4	10	4	4	4	10	6	5	
1	3	10	8	7	2	7	5	10	3	5	5	7	8	5	2	3	9	3	8	9	10	7	7	8	5	10	10	10	7	8	5	8	3	4	2	6	1	2	1	10	2	4	2	10	10	2	1	7	10	
8	4	1	7	7	3	2	4	5	7	3	1	10	2	9	6	4	8	10	10	9	5	7	4	10	6	7	3	4	2	4	3	9	3	4	7	8	5	7	4	2	3	8	6	4	6	10	2	7	6	
3	10	5	2	5	3	9	4	8	2	1	8	10	4	5	6	10	7	8	8	7	6	7	9	1	9	7	7	3	2	4	4	8	1	3	10	10	6	2	5	6	2	7	3	10	3	2	1	7	9	
5	3	4	6	1	9	3	3	3	9	6	2	9	2	10	6	1	9	4	9	5	1	2	4	8	9	5	2	7	2	9	6	1	9	7	10	7	2	3	1	10	8	7	1	2	1	9	4	8	10	
5	8	3	10	6	1	8	7	9	2	1	9	5	5	5	7	1	6	6	4	10	9	2	6	6	7	10	4	3	5	2	8	5	1	10	5	2	7	5	7	1	1	2	10	3	2	3	5	1	1	
8	5	8	1	6	2	1	3	1	10	5	8	10	1	3	3	3	6	9	5	1	8	8	3	2	9	2	1	1	6	10	5	2	7	6	5	4	5	10	3	10	5	9	8	2	5	4	7	2	10	
7	1	5	1	4	10	6	2	6	1	5	10	6	5	8	9	5	10	1	10	8	10	10	4	3	8	1	2	8	6	1	10	7	10	10	2	1	7	10	2	2	4	5	2	7	2	4	3	1	8	
8	6	6	7	5	7	3	9	4	7	4	1	4	5	10	7	6	10	9	4	8	7	9	5	3	4	3	5	5	2	8	6	1	3	10	6	1	4	6	10	5	3	6	8	6	10	6	9	4	9	
3	7	8	7	1	5	10	2	3	4	4	1	2	3	5	3	8	9	3	8	8	2	7	5	7	2	1	8	9	2	6	3	6	2	10	8	9	9	2	1	8	9	3	4	4	3	10	5	1	9	
8	9	1	10	2	3	5	9	4	6	9	10	9	2	9	6	4	8	5	5	7	2	8	9	8	10	6	4	6	9	8	3	3	10	7	8	7	9	6	9	3	4	7	5	7	8	5	6	7	6	
4	6	6	4	4	6	5	8	2	8	6	9	9	1	10	8	4	6	3	4	4	6	2	3	3	2	9	9	9	9	7	3	10	6	3	4	2	10	2	7	9	3	5	9	8	8	9	7	8	10	
3	10	5	9	5	9	9	10	9	5	6	10	5	4	5	8	3	4	9	7	8	10	7	4	9	6	9	5	9	4	1	6	3	7	8	10	3	7	7	7	1	1	6	10	10	3	5	8	9	2	
6	8	6	4	2	10	5	3	8	10	1	10	9	6	8	7	9	7	4	4	1	8	1	7	7	2	7	10	4	4	3	1	8	1	3	4	4	3	10	3	5	3	6	7	5	1	1	9	2	9	
5	5	8	6	10	10	9	7	7	7	6	9	5	2	5	2	4	2	9	9	3	6	7	3	2	8	3	8	1	7	6	2	4	3	7	3	9	8	10	9	7	1	7	9	10	5	10	8	6	5	
10	3	10	7	7	6	1	8	6	2	8	5	8	2	2	3	7	5	9	10	6	7	2	10	4	10	2	4	4	4	10	3	9	10	4	6	10	9	3	2	4	2	10	6	7	6	6	6	7	5	
6	6	1	3	2	5	5	4	9	1	3	9	4	6	6	4	3	10	8	3	7	2	3	1	5	7	9	2	3	1	6	5	1	9	2	5	6	4	9	2	7	9	8	8	10	3	5	6	3	6	
8	5	1	5	4	5	10	8	4	10	4	1	8	6	6	8	2	10	2	7	8	5	10	1	8	8	7	5	10	2	5	9	1	10	5	6	10	10	9	6	1	9	3	3	5	3	4	5	1	4	
4	2	2	3	9	5	2	8	5	10	5	2	2	4	6	9	3	8	10	6	10	10	10	7	2	10	8	2	8	4	1	4	6	2	9	3	3	2	3	9	10	3	2	4	4	6	8	5	2	2	
9	7	1	2	6	6	9	3	8	9	7	5	3	10	7	8	3	5	7	10	8	9	10	6	9	4	8	4	1	7	3	9	8	4	2	4	5	9	5	7	3	5	8	10	3	8	9	8	2	9	
9	10	9	2	8	2	2	9	4	9	2	5	5	4	3	10	3	3	10	5	1	10	9	6	8	6	10	10	8	8	2	8	1	10	1	10	4	9	4	6	7	8	6	2	5	6	2	1	10	5	
3	4	5	3	1	2	5	7	5	3	1	2	9	1	8	5	1	9	4	2	8	4	2	5	2	7	3	6	5	3	9	3	9	3	6	8	3	6	7	4	4	1	9	6	5	5	3	9	9	5	
5	5	4	6	2	1	8	7	8	7	8	9	8	7	4	7	9	6	1	6	4	9	3	9	7	4	1	5	3	5	5	4	1	8	9	9	3	10	8	7	9	3	5	6	1	9	9	9	10	1	
7	2	8	6	3	10	8	7	4	10	4	8	5	7	7	8	9	7	5	1	9	4	7	10	5	3	8	3	5	9	4	5	7	8	8	8	5	3	8	2	6	9	8	5	9	4	8	9	10	6	
5	5	5	5	8	10	10	10	8	10	2	3	4	7	10	9	8	8	3	7	3	7	9	7	1	9	4	10	3	9	3	9	8	9	9	1	8	2	6	10	9	9	4	4	3	9	1	8	2	2	
4	5	2	2	6	6	9	3	8	8	4	5	3	8	9	4	3	7	10	3	4	2	10	10	5	7	2	4	6	6	8	9	9	3	5	8	5	7	3	2	4	8	6	3	8	8	3	6	10	8	
9	2	1	4	10	5	6	5	2	7	5	1	9	10	2	2	3	6	6	1	4	2	6	3	4	10	4	1	9	6	4	9	4	1	4	1	10	4	9	4	7	8	3	4	6	1	4	2	4	7	
1	7	1	10	9	4	10	2	1	8	4	3	9	9	7	1	1	5	10	5	8	2	5	6	10	10	3	10	4	1	4	1	8	5	4	1	6	7	8	8	3	2	6	6	1	1	9	3	10	3	
1	1	4	6	10	6	9	2	9	4	5	7	6	3	6	2	6	1	6	3	7	10	1	1	7	6	4	8	10	8	4	4	4	9	1	6	1	10	1	9	8	1	1	10	8	2	3	5	8	4	
9	9	8	8	9	10	10	1	8	10	3	10	7	2	7	1	1	10	2	8	10	4	9	1	9	6	8	4	1	3	1	3	8	9	2	9	6	6	10	4	1	9	10	6	8	1	1	9	5	7	
3	3	5	10	6	4	10	6	5	4	9	1	8	4	7	5	6	3	6	6	7	9	10	9	6	4	9	5	2	9	8	10	2	3	9	2	7	3	10	7	6	3	3	2	3	8	5	5	5	10	
8	10	8	6	10	4	4	5	3	7	1	3	1	3	3	4	3	8	6	3	5	6	3	6	10	2	6	9	8	6	1	3	3	10	6	9	1	9	1	6	5	1	2	7	2	10	9	7	9	8	
9	7	7	7	3	5	7	5	6	3	4	6	10	7	6	5	9	9	8	6	3	5	1	1	1	7	5	9	9	5	6	1	8	6	8	2	6	1	6	10	3	5	5	4	10	1	7	7	7	10	
3	6	9	1	6	7	3	3	3	7	1	7	10	5	8	2	10	3	8	4	8	6	6	4	6	3	6	4	9	3	6	3	7	4	9	1	1	7	10	8	10	7	4	7	3	5	7	1	5	1	
9	2	6	4	10	1	9	5	1	10	8	9	2	7	1	5	6	3	4	10	2	5	2	10	9	6	10	2	9	9	8	1	8	4	9	7	5	3	10	8	3	9	1	8	2	7	2	3	4	10	
5	7	5	2	1	5	8	5	2	1	3	8	6	2	7	1	3	9	9	3	3	4	3	4	9	9	1	4	5	9	1	9	5	10	3	8	4	10	1	7	2	5	5	3	6	10	9	1	3	8	
3	1	1	1	1	4	10	1	1	1	2	2	5	8	8	8	7	6	1	5	2	6	4	3	1	6	2	6	7	8	3	9	1	2	7	2	10	9	4	2	2	3	5	10	5	9	1	4	10	2	
10	3	1	6	8	8	8	7	10	2	9	10	9	10	3	10	2	8	6	7	3	9	8	2	8	4	6	6	7	3	6	6	10	10	1	4	7	9	2	3	1	7	10	9	8	7	3	8	1	9	
4	1	2	7	10	8	4	4	1	6	8	3	9	6	3	8	9	6	3	9	8	6	9	3	10	6	1	2	9	2	10	2	10	6	1	10	10	9	8	5	7	10	3	8	4	6	5	9	6	5	
8	5	6	1	6	9	5	5	5	8	8	2	6	8	4	6	4	9	7	1	8	3	7	1	8	6	9	8	8	8	10	7	1	4	8	1	3	3	3	3	10	6	4	6	3	5	1	4	6	1	
4	4	10	2	10	1	9	5	7	8	8	5	7	8	4	5	6	2	10	5	1	2	2	9	7	4	2	5	7	8	9	4	10	10	5	1	5	7	9	7	9	1	10	9	3	9	3	5	9	10	
7	1	8	3	3	1	5	7	1	2	10	1	10	10	7	6	10	4	5	7	10	2	10	6	10	3	1	5	8	3	7	3	2	2	4	9	7	7	10	10	3	10	4	7	4	7	4	3	1	9	
3	2	9	7	6	4	2	7	10	7	5	8	5	9	6	6	3	1	1	6	2	10	5	1	7	6	2	10	10	7	3	5	8	3	7	3	3	1	9	9	4	5	1	5	4	6	5	6	5	2	
2	5	10	1	4	10	10	2	5	10	6	8	4	9	1	4	5	6	2	9	10	9	5	10	1	9	7	9	2	1	7	6	8	8	9	6	7	5	9	6	3	9	10	6	4	3	5	7	5	8	
2	1	3	7	6	8	3	10	3	8	1	7	10	3	2	2	8	1	6	8	8	8	1	9	6	2	9	5	1	4	8	3	1	2	7	5	5	10	9	3	4	10	2	3	4	2	8	2	1	9	
3	10	2	4	9	3	3	2	3	7	4	3	6	1	5	9	7	8	10	2	6	10	2	2	7	10	2	1	10	4	6	1	5	6	9	1	4	3	9	9	9	6	2	3	6	1	5	10	4	5	
1	10	5	4	8	7	1	9	8	5	7	4	4	8	10	4	5	2	10	4	10	7	1	9	6	3	4	6	5	8	8	9	10	10	1	8	3	6	2	8	2	9	10	5	6	2	1	4	1	2	
2	4	8	3	3	6	3	2	2	5	5	9	9	3	1	1	6	9	2	10	6	4	7	5	8	9	5	8	1	10	5	8	6	3	3	4	5	7	8	7	10	7	6	4	10	7	8	5	5	5	
9	6	9	4	6	5	6	4	3	3	5	5	2	9	4	5	3	1	10	1	9	10	10	9	7	7	4	9	3	1	2	2	1	7	1	2	8	7	9	8	1	3	6	6	8	10	5	8	10	10	
6	1	3	8	1	9	10	3	9	3	6	3	2	8	4	5	2	6	8	5	9	9	3	4	4	7	6	7	1	5	8	1	3	1	6	1	2	7	6	1	3	1	6	7	2	1	9	7	2	7	
4	6	2	4	10	9	10	6	9	4	6	6	5	6	1	6	1	5	8	6	6	3	7	10	3	2	2	2	10	8	10	2	4	2	4	8	1	7	9	2	8	8	7	6	3	1	8	3	9	8	
1	8	5	7	8	9	2	10	10	7	1	8	9	9	2	4	10	10	2	4	1	8	1	4	8	10	6	5	10	10	7	2	8	8	7	10	6	10	3	9	5	4	8	3	6	5	6	1	7	2	
9	1	3	1	4	3	8	3	2	1	2	7	4	7	9	6	6	9	4	3	4	3	2	4	5	6	6	2	3	7	10	3	10	1	1	10	3	10	3	2	6	2	7	4	8	6	9	3	5	10	
1	8	1	5	9	8	8	3	10	8	4	8	2	8	8	2	5	9	7	4	1	4	4	1	1	10	5	4	10	5	4	2	8	5	4	3	9	2	1	9	2	8	5	7	5	10	7	6	7	3	

Stepup times between family, where [f][f] represents initial setup time
On machine	1
14	3	42	32	23	50	50	22	42	37	20	49	45	12	6	40	14	46	3	31	
4	22	40	23	45	43	43	37	46	7	21	22	32	30	22	40	48	20	7	26	
46	27	50	9	26	21	29	6	47	33	6	31	7	28	36	22	46	27	49	3	
31	29	41	24	15	11	17	10	29	21	23	7	35	43	29	43	15	3	4	46	
31	22	46	24	12	4	26	13	42	7	1	16	34	8	41	20	25	38	15	25	
15	4	36	37	1	38	28	40	24	42	41	8	40	22	28	23	32	5	44	19	
12	17	4	50	17	5	24	18	11	49	6	39	33	30	14	47	40	12	8	49	
17	8	32	23	39	29	49	35	7	10	36	12	43	49	48	18	23	48	17	39	
45	17	3	14	46	36	13	4	31	15	30	5	24	34	25	39	24	13	7	23	
20	49	28	37	27	20	7	45	16	46	37	40	18	50	49	18	18	30	21	21	
38	36	5	11	18	38	35	2	26	46	17	3	48	15	10	38	44	12	46	36	
15	27	18	41	16	15	15	14	47	30	25	34	18	39	45	19	33	19	4	30	
18	41	40	32	15	14	17	15	1	23	25	31	10	22	15	11	19	25	47	5	
50	25	30	40	18	42	48	47	32	34	37	12	49	10	39	14	33	26	25	35	
12	9	5	1	35	10	42	16	25	38	16	20	2	3	20	9	29	18	6	19	
45	16	18	12	50	17	11	37	10	26	18	9	16	34	20	50	37	1	32	49	
37	15	8	23	2	27	25	19	43	45	7	39	21	31	43	40	19	11	26	30	
45	49	3	45	11	13	25	4	25	45	21	22	32	15	19	12	15	48	43	33	
47	50	39	5	14	36	16	1	11	25	3	30	42	29	27	23	3	6	2	10	
29	4	42	33	25	32	42	17	28	44	44	29	11	28	25	50	28	49	30	13	
On machine	2
37	41	9	16	36	44	40	34	1	43	15	42	34	13	41	44	10	29	40	5	
50	45	10	38	36	21	44	47	30	31	3	25	17	18	31	21	49	28	36	3	
2	50	22	20	37	30	32	43	35	31	9	20	29	21	36	50	36	44	8	37	
4	13	11	6	21	43	31	5	34	45	24	13	25	29	12	14	29	1	50	1	
9	44	3	21	32	39	19	6	34	15	6	27	29	46	17	43	12	23	19	9	
34	33	37	41	22	47	20	11	36	22	9	36	1	13	19	42	8	44	38	26	
35	22	12	24	39	20	16	49	46	14	15	36	30	48	2	5	31	19	6	33	
37	22	19	20	40	47	29	15	31	16	39	42	41	18	23	5	26	2	38	38	
49	11	3	18	47	20	31	5	18	21	8	38	10	41	21	37	13	8	6	45	
46	19	35	30	18	6	11	1	44	49	27	12	32	24	19	20	50	37	29	8	
8	4	20	23	37	33	14	31	14	10	12	36	45	34	50	19	18	21	11	45	
44	14	23	8	18	22	26	6	22	26	34	29	32	40	39	31	24	45	3	50	
7	14	4	4	20	40	35	32	37	24	43	26	39	36	1	33	14	6	12	21	
18	6	49	11	4	3	17	42	9	30	28	44	29	8	14	17	47	2	28	31	
29	45	17	50	16	10	8	7	32	50	45	8	4	44	41	49	40	2	38	40	
7	43	17	30	46	14	35	30	23	7	41	44	50	43	44	4	10	7	4	6	
2	29	25	49	1	30	18	45	36	45	32	48	11	12	19	39	21	35	47	3	
32	6	29	6	46	50	14	31	37	20	2	48	39	21	26	37	45	46	48	30	
9	10	29	24	38	26	4	49	4	32	8	3	11	43	8	8	9	44	37	9	
6	24	27	50	8	13	37	2	27	36	26	32	33	22	41	7	22	27	23	8	
On machine	3
26	45	12	13	49	43	43	36	32	11	9	41	28	6	8	28	15	40	46	17	
2	24	48	30	40	33	37	48	6	10	6	26	17	14	29	15	40	36	15	13	
24	44	42	32	22	2	12	2	25	8	43	15	38	27	29	1	10	42	24	32	
17	21	21	13	48	1	38	42	12	41	50	28	2	15	29	11	26	20	48	37	
19	46	25	35	6	22	8	16	18	44	26	44	23	34	44	20	33	4	39	1	
5	43	36	29	10	3	28	48	47	32	6	14	2	27	30	50	9	42	2	16	
26	26	11	42	5	26	3	48	43	36	5	23	29	14	48	28	11	47	8	27	
32	31	8	48	48	13	23	1	22	39	28	35	47	37	17	16	45	16	36	4	
15	35	2	17	41	19	5	27	35	9	15	11	18	46	33	31	1	4	23	3	
41	47	19	41	48	29	27	47	16	21	35	30	38	6	24	8	14	2	2	17	
35	49	27	18	32	43	38	17	37	26	15	48	16	5	9	44	10	25	37	10	
35	20	45	19	42	9	3	47	41	16	11	19	41	20	31	34	37	44	33	8	
37	20	34	17	16	40	35	19	23	44	1	36	7	27	25	24	18	12	1	23	
14	49	21	46	17	47	11	43	47	21	21	46	28	39	41	20	3	34	33	24	
7	39	36	6	45	18	22	4	32	5	19	36	7	42	32	13	12	8	35	13	
50	36	49	41	10	20	34	40	23	37	42	25	36	10	29	8	13	22	4	47	
20	24	9	36	42	5	5	15	37	40	48	32	31	49	50	46	29	40	19	5	
30	46	27	7	43	50	26	24	17	40	8	27	18	43	2	29	5	49	4	20	
45	42	9	15	50	4	36	22	28	8	2	11	28	8	46	6	33	23	32	40	
27	20	30	9	41	44	23	18	3	8	23	26	46	33	23	32	11	18	3	22	
On machine	4
1	45	39	25	49	6	28	48	12	47	23	49	32	17	44	18	34	44	45	42	
23	14	16	44	28	46	49	50	48	24	28	26	47	40	23	48	34	15	24	43	
26	34	42	50	29	22	40	50	3	1	3	47	50	18	1	21	10	6	45	36	
47	32	6	23	16	1	9	3	33	26	47	39	40	47	28	37	12	8	30	50	
12	46	15	40	38	10	40	30	49	21	32	42	13	13	2	5	13	28	47	11	
20	6	9	38	10	25	23	25	22	48	2	22	1	30	2	28	31	22	8	35	
46	50	10	11	39	50	29	8	45	17	20	32	45	30	27	32	35	28	29	21	
43	20	36	33	39	12	16	24	9	26	12	21	38	46	34	50	1	18	29	28	
26	3	2	35	25	45	3	35	41	7	1	6	21	19	33	38	50	23	4	49	
12	17	36	15	33	33	31	11	15	23	7	49	13	10	40	12	48	8	27	1	
42	4	3	43	27	24	30	18	13	22	11	39	31	7	20	40	34	33	50	49	
30	23	43	26	10	27	43	42	26	17	45	41	8	35	17	40	31	50	17	24	
32	22	46	7	15	26	12	26	24	4	28	29	23	40	45	21	9	10	49	39	
20	29	47	38	36	18	20	28	36	36	32	49	7	43	7	29	25	12	15	5	
40	4	33	19	43	8	16	29	47	20	19	11	9	10	7	19	34	22	40	42	
43	33	15	8	32	8	4	7	45	34	20	29	11	35	36	29	15	7	34	18	
20	5	19	23	39	49	50	20	14	9	33	23	36	28	5	24	22	39	18	3	
18	1	39	20	34	30	46	23	33	32	20	2	18	32	17	11	34	29	40	23	
41	35	12	48	2	38	39	43	14	29	8	46	11	34	47	32	29	21	48	41	
21	28	19	26	3	50	30	8	26	27	5	47	42	4	16	32	4	4	32	48	
On machine	5
44	37	6	18	43	46	35	24	24	31	36	30	28	38	20	7	8	27	48	19	
45	48	39	25	14	28	39	23	15	43	9	44	50	31	13	33	26	47	8	17	
19	25	47	34	35	49	46	10	26	34	37	16	15	21	23	5	24	32	21	6	
16	11	38	3	2	39	37	42	4	7	10	30	11	14	19	33	28	27	35	17	
39	12	8	47	10	27	33	42	50	11	15	13	40	38	18	13	12	36	17	43	
22	43	10	6	47	20	29	27	32	25	50	25	19	49	40	45	7	18	28	7	
46	29	48	1	39	18	42	21	36	40	35	22	2	41	22	34	26	20	1	29	
5	39	3	7	33	25	37	43	18	4	37	37	27	41	9	41	18	22	14	42	
5	32	42	39	13	46	50	48	18	10	42	45	6	11	24	12	9	9	32	18	
10	33	20	19	43	21	25	2	38	7	50	7	35	47	39	50	40	24	45	9	
22	48	12	6	34	1	24	5	6	4	8	18	50	13	48	28	44	7	7	48	
17	21	10	46	42	38	3	41	31	36	34	12	23	24	8	27	8	2	40	33	
10	32	15	6	21	12	27	31	25	26	21	27	10	40	24	30	7	49	9	39	
18	7	14	49	30	33	40	21	23	9	24	36	19	19	31	25	42	13	25	17	
28	47	22	16	33	9	30	9	43	10	19	46	38	2	39	33	5	13	48	5	
23	31	20	28	23	10	24	42	27	36	40	49	11	40	44	33	17	33	13	35	
47	48	7	8	2	8	45	22	32	33	30	7	2	45	15	1	17	42	26	39	
28	5	43	6	41	29	44	5	14	39	49	30	11	18	16	18	19	28	1	50	
1	43	38	24	31	44	41	34	29	47	42	23	48	2	4	17	13	36	47	29	
49	14	31	10	35	32	30	25	10	17	30	44	27	10	48	27	27	21	16	40	
On machine	6
30	2	35	41	49	2	35	12	3	2	7	11	37	42	36	34	21	41	13	34	
24	20	35	8	37	27	39	41	41	39	44	16	19	10	40	23	17	48	2	3	
6	1	32	13	14	9	42	37	40	32	14	25	8	40	40	4	46	27	24	35	
4	27	2	3	14	4	43	46	38	8	17	50	49	15	7	37	30	12	37	5	
20	46	39	44	37	3	42	17	1	22	14	20	33	13	19	7	21	6	6	11	
9	38	49	21	10	38	10	44	50	28	10	37	21	29	49	1	9	34	14	1	
26	39	19	6	34	16	34	49	6	48	49	3	44	24	49	12	2	3	19	46	
40	10	41	15	44	28	2	23	11	41	38	25	20	19	45	32	16	26	25	1	
21	5	22	16	14	24	9	43	14	15	46	25	25	4	22	34	2	22	17	16	
10	27	15	41	8	33	8	10	31	41	24	36	21	16	24	37	45	5	9	19	
30	19	33	8	33	42	19	30	29	23	6	40	34	22	10	45	26	29	3	25	
21	34	12	2	20	33	14	33	15	31	36	22	30	13	44	6	40	29	7	18	
36	12	5	24	25	42	11	31	39	18	39	20	3	9	40	27	43	40	3	47	
13	17	11	40	39	32	23	27	8	44	28	24	26	20	43	37	25	28	36	27	
32	30	10	6	40	35	15	40	25	6	33	36	15	1	30	30	17	12	25	25	
15	5	9	41	45	14	42	22	24	4	10	15	17	19	12	15	4	7	19	2	
34	32	10	31	41	30	42	2	12	7	3	42	30	25	34	10	25	24	25	15	
20	43	34	6	7	22	38	34	35	44	27	46	47	42	25	18	47	21	18	28	
47	12	7	33	38	32	48	20	13	7	34	14	27	34	17	25	4	37	27	41	
11	31	47	38	44	8	38	29	44	24	39	17	3	34	1	9	27	33	2	46	
On machine	7
41	26	20	24	37	48	19	8	18	7	29	44	35	5	8	42	32	45	22	1	
35	17	41	5	43	18	1	29	5	36	19	18	45	16	7	4	45	40	25	42	
17	11	34	41	22	19	36	12	9	15	22	23	40	48	6	18	29	50	10	13	
20	41	44	3	19	20	45	39	6	6	20	24	2	15	40	5	27	32	11	32	
4	44	15	44	45	23	14	25	24	2	20	46	14	29	28	43	27	44	22	29	
10	33	12	18	17	24	24	41	20	33	47	5	41	27	22	9	16	49	35	16	
32	2	35	24	45	35	16	4	34	32	50	20	35	20	35	8	46	48	39	34	
38	18	31	22	6	30	5	16	32	50	13	38	22	23	3	6	10	2	2	15	
34	5	1	20	21	20	11	26	40	41	43	24	16	48	4	2	6	9	22	2	
3	49	46	36	16	50	14	24	3	29	47	37	27	31	6	35	21	16	20	43	
32	11	31	5	21	46	17	47	6	20	9	47	6	20	4	2	48	19	45	27	
5	30	8	6	12	27	27	22	5	37	49	18	23	31	22	1	14	43	11	27	
14	45	8	26	23	49	37	19	13	19	33	9	40	30	35	17	23	31	40	13	
29	35	50	50	8	5	43	36	15	23	45	42	31	47	43	49	38	6	19	44	
6	8	35	48	42	16	37	47	17	36	31	24	41	25	3	47	19	33	44	35	
18	13	28	22	44	5	2	30	31	28	47	38	21	46	37	48	47	25	42	15	
33	44	38	15	7	26	24	2	18	50	34	9	18	16	11	16	19	6	40	14	
49	8	41	36	7	25	30	37	27	3	44	24	45	18	43	46	8	33	4	23	
18	34	21	26	19	31	33	25	46	10	48	21	50	26	27	44	35	2	46	13	
9	40	47	10	42	47	11	8	7	41	33	10	25	22	32	1	28	31	24	19	
On machine	8
22	10	1	2	47	1	48	13	48	25	22	6	13	40	45	43	21	35	3	37	
24	25	25	10	16	29	17	3	13	20	38	8	34	47	17	10	30	10	1	23	
11	19	5	31	43	20	2	33	36	41	7	24	6	49	34	33	48	23	29	28	
31	44	44	8	49	37	50	4	21	32	27	38	23	7	31	13	46	29	50	17	
30	43	1	8	2	19	41	13	27	10	49	33	21	11	8	46	2	3	50	8	
44	21	27	35	8	37	24	48	29	32	42	22	5	2	44	7	9	18	8	30	
42	19	12	4	44	29	43	23	21	39	2	46	8	2	28	10	28	9	7	21	
28	29	18	50	21	45	18	28	23	30	21	37	46	37	1	12	25	29	49	26	
2	45	46	48	25	11	20	21	15	37	29	34	8	1	39	43	41	21	10	16	
34	29	45	44	5	18	4	29	16	4	49	36	15	15	2	1	11	20	25	27	
19	3	6	15	22	48	32	14	6	44	16	36	5	25	19	14	41	34	41	38	
13	43	44	15	15	38	16	37	4	16	7	26	42	21	31	4	27	41	26	27	
6	35	20	10	43	39	6	27	31	46	7	7	27	2	27	43	45	48	14	34	
15	37	23	8	30	8	42	18	29	6	18	50	30	7	29	18	23	21	47	29	
30	23	28	31	6	21	26	23	16	37	37	47	45	9	4	7	40	4	8	5	
8	22	47	3	36	9	16	11	50	16	37	48	14	28	6	50	35	41	8	45	
8	32	17	2	49	41	35	35	23	13	18	1	49	7	29	42	46	10	13	46	
4	49	46	49	49	11	45	50	41	46	11	33	33	21	1	46	41	28	43	24	
3	48	37	8	35	26	3	48	8	37	21	26	20	40	40	16	40	36	23	50	
30	23	15	18	50	45	43	40	34	13	49	15	43	24	44	29	13	9	39	37	
On machine	9
27	1	42	44	21	37	27	24	33	9	50	28	7	13	41	48	2	4	2	3	
10	23	30	4	24	50	50	37	6	16	39	38	50	37	13	25	12	49	41	27	
8	3	38	37	11	34	41	17	26	18	32	38	14	26	29	15	30	24	4	43	
33	45	44	27	27	21	30	40	8	23	39	42	50	48	45	21	25	8	44	4	
35	25	8	44	42	46	6	43	42	43	14	30	19	13	36	11	14	5	16	41	
28	2	1	30	29	20	49	35	1	10	1	15	29	19	44	34	7	35	43	32	
4	15	8	47	36	42	7	5	9	23	9	31	43	2	46	4	41	45	14	41	
12	16	22	35	5	7	27	16	32	8	6	27	10	39	46	9	13	5	34	44	
12	8	25	40	26	11	38	11	49	4	4	35	17	6	19	2	30	39	5	39	
3	47	27	9	15	39	25	25	25	18	19	15	25	49	10	9	16	12	43	15	
25	6	42	44	26	48	30	4	36	31	37	47	10	28	48	12	10	27	13	21	
47	33	24	37	21	44	24	22	26	13	13	49	15	45	28	21	5	42	49	47	
2	26	41	15	4	37	44	26	26	48	2	40	37	49	43	38	43	28	7	30	
11	4	33	20	49	48	8	37	9	48	7	26	45	36	39	34	2	44	29	49	
15	8	49	46	5	2	49	29	9	12	9	11	8	29	11	30	18	14	11	43	
37	6	25	47	23	28	35	11	30	25	50	36	26	35	44	17	20	26	1	39	
34	49	42	40	25	35	32	21	5	21	10	21	7	30	20	11	16	8	22	44	
39	49	47	39	41	42	27	39	25	32	20	47	19	11	49	44	37	39	30	36	
8	3	22	35	40	49	11	47	18	38	27	36	4	9	24	5	7	37	25	8	
11	32	8	46	10	44	6	17	2	42	41	22	35	22	19	1	26	17	18	33	
On machine	10
13	7	46	1	45	4	41	31	50	45	35	8	18	14	23	3	46	14	41	48	
3	38	42	5	41	12	48	23	48	2	41	23	1	22	39	40	34	43	21	17	
3	12	33	11	46	7	2	47	23	38	31	24	48	41	20	27	16	30	32	30	
32	1	30	6	5	48	39	32	46	44	13	22	5	41	32	12	8	30	5	45	
10	39	11	40	17	7	8	22	3	35	23	13	46	11	25	25	1	25	49	25	
19	46	5	4	48	43	36	49	28	37	27	29	49	43	47	26	13	16	17	32	
15	12	24	43	37	33	42	12	20	18	50	40	45	16	9	1	48	45	14	26	
33	35	25	25	20	3	32	13	39	8	37	20	34	22	41	17	14	13	38	16	
48	4	48	13	25	7	14	38	18	31	17	31	12	10	2	14	14	34	36	47	
28	17	16	44	11	41	8	36	17	43	20	50	16	14	2	38	32	28	34	21	
23	8	16	35	19	48	43	18	43	35	48	16	29	35	5	12	29	39	6	18	
46	47	49	31	7	29	32	10	39	19	28	3	13	50	25	17	41	21	20	50	
28	22	17	41	44	43	42	30	28	25	49	26	27	1	16	9	2	16	20	31	
34	49	48	29	41	22	11	32	46	13	18	27	27	25	22	20	13	46	5	44	
11	26	43	33	37	9	3	35	45	13	7	36	19	44	22	43	26	41	30	16	
18	24	23	31	25	38	42	5	17	31	47	1	38	39	26	46	13	36	47	29	
17	2	43	37	13	49	24	17	45	33	11	50	39	17	26	36	20	38	39	19	
33	43	50	41	17	11	32	21	31	37	22	13	31	37	11	38	32	35	49	31	
42	19	7	9	3	34	32	40	11	9	38	3	3	15	13	25	12	36	33	6	
15	41	11	19	4	7	9	26	27	22	6	33	30	26	47	3	48	25	2	40	
On machine	11
46	45	24	34	32	33	25	34	33	45	18	37	5	24	50	41	19	3	20	32	
6	25	21	10	17	14	43	6	45	23	42	47	43	42	19	16	5	4	20	6	
22	9	7	31	13	42	4	29	31	3	38	48	48	31	17	32	40	14	34	1	
18	12	19	17	31	36	31	29	42	2	21	9	39	32	41	32	29	28	17	33	
9	39	16	11	11	40	34	30	24	5	41	35	20	43	23	20	5	35	22	43	
20	44	46	20	6	18	2	37	35	6	45	7	27	35	22	16	24	40	32	3	
18	42	23	27	29	30	28	46	43	6	11	32	10	3	6	16	45	37	29	31	
42	5	40	27	50	7	42	43	32	29	46	47	42	42	32	34	41	44	39	25	
39	16	13	19	26	34	33	22	23	18	17	18	31	20	3	36	30	11	2	4	
34	1	36	4	33	10	24	39	44	13	9	15	6	14	17	39	2	4	46	48	
10	21	33	34	43	16	21	14	40	26	49	3	21	21	41	42	19	42	32	19	
27	28	4	28	14	6	17	21	10	8	2	41	32	25	43	40	47	21	35	20	
10	1	23	27	29	50	18	33	12	14	18	6	32	50	10	5	6	15	8	13	
24	37	34	43	16	19	17	2	49	45	8	21	49	9	9	12	11	24	45	13	
11	17	28	46	35	27	41	37	37	38	5	8	43	14	10	30	1	37	32	34	
22	4	34	19	27	12	23	3	1	45	11	19	31	15	39	47	28	41	48	14	
37	40	26	44	5	31	30	31	42	11	46	7	1	15	29	33	7	2	34	24	
39	48	37	34	3	37	29	45	26	27	42	45	15	23	9	38	13	36	42	49	
6	23	25	40	21	46	33	39	1	8	18	19	40	10	35	15	32	8	49	12	
20	36	50	27	46	30	6	20	5	18	44	46	32	19	17	50	6	28	20	19	
On machine	12
19	15	20	49	6	33	48	34	15	6	16	13	35	41	7	15	14	38	15	22	
46	47	1	18	34	22	49	36	5	31	12	43	37	24	34	20	5	48	26	33	
45	3	32	4	4	25	13	14	32	6	4	5	34	31	50	37	18	20	19	6	
27	2	23	34	5	48	15	13	20	40	32	20	10	16	11	7	27	20	13	44	
40	42	35	30	32	44	27	6	36	14	11	31	37	43	18	11	30	16	38	16	
8	37	44	47	30	9	24	36	16	25	20	21	30	48	49	1	18	23	35	30	
34	41	2	5	19	15	12	37	43	21	1	33	12	24	12	50	11	40	33	21	
11	31	31	34	40	19	6	4	46	8	14	29	49	44	24	25	10	20	37	34	
34	10	24	34	34	40	4	48	41	38	5	8	35	12	1	35	5	23	27	23	
14	20	35	37	1	50	44	5	11	44	46	48	30	41	16	18	11	34	28	34	
9	21	30	3	16	5	32	36	22	45	16	36	44	49	22	20	20	11	5	7	
34	10	3	1	47	21	47	15	9	45	1	29	29	27	19	1	5	42	12	47	
9	10	49	6	24	40	46	13	40	26	14	18	4	18	27	10	4	23	13	46	
7	40	17	12	47	19	10	41	28	19	26	37	38	46	25	39	35	43	37	25	
32	30	38	21	21	22	11	33	3	24	48	34	45	1	41	37	3	37	2	1	
22	26	3	10	10	15	39	24	8	49	47	11	38	30	6	27	1	17	50	23	
5	10	39	19	38	25	22	9	2	11	45	3	23	33	37	35	21	48	41	14	
35	44	24	11	49	6	39	35	4	13	48	44	5	10	24	3	26	29	17	42	
49	37	48	27	3	13	26	23	19	32	9	17	13	15	32	45	5	10	28	2	
12	6	33	15	25	29	37	6	50	34	6	40	33	9	42	12	49	45	20	19	
On machine	13
10	22	41	48	38	25	25	15	7	27	44	35	32	37	19	16	37	49	42	29	
15	27	27	1	1	15	17	18	44	40	20	31	1	30	41	3	19	31	9	28	
7	50	5	50	28	22	12	37	48	31	15	40	12	27	43	43	23	14	23	35	
27	40	42	31	25	30	6	35	5	50	35	24	28	37	29	19	7	4	25	23	
23	25	32	36	45	26	25	23	38	45	41	29	46	17	10	19	9	30	2	41	
44	3	49	38	12	27	48	37	5	6	15	4	14	44	50	2	15	43	20	38	
3	47	41	33	9	11	4	2	32	34	4	40	35	47	28	28	9	11	47	41	
39	48	21	48	32	39	30	28	44	31	31	24	45	25	27	3	25	27	5	7	
21	11	46	30	46	3	7	21	30	45	18	45	38	25	47	24	9	15	16	22	
33	42	43	20	19	42	44	24	23	22	48	45	18	45	31	31	9	47	14	11	
10	8	50	38	36	40	29	30	8	5	34	22	18	16	40	42	12	4	23	43	
39	1	28	26	2	41	13	4	26	46	20	16	8	35	4	3	36	21	30	11	
49	46	40	6	14	31	38	36	13	21	13	43	6	31	50	2	40	2	22	20	
13	2	34	27	35	23	48	35	43	17	30	41	22	1	31	46	29	7	26	27	
30	35	8	16	6	3	22	25	49	19	20	34	35	27	39	46	48	34	40	43	
45	23	5	40	5	25	10	22	47	11	18	33	36	20	15	31	33	8	37	29	
45	30	2	1	14	42	15	44	46	29	18	6	32	25	17	50	24	27	48	22	
27	19	27	26	7	14	29	17	40	30	19	30	10	31	35	37	5	6	3	4	
2	47	20	44	4	18	50	19	42	31	21	46	14	11	13	14	2	22	50	39	
49	1	6	27	20	46	21	2	8	46	38	25	42	48	42	38	36	45	38	50	
On machine	14
49	19	22	38	32	17	3	12	34	2	38	7	50	11	7	12	39	43	3	35	
20	13	48	42	18	17	23	24	16	40	10	48	28	33	39	41	43	6	32	7	
34	11	41	18	13	24	45	38	47	8	1	31	24	2	29	46	3	3	45	22	
13	23	40	21	42	37	32	14	5	22	47	14	49	14	21	27	17	41	4	27	
13	5	11	27	8	40	25	12	43	43	5	27	2	22	15	41	41	15	46	43	
8	20	6	35	3	4	5	5	35	35	32	39	16	25	27	2	13	2	24	28	
25	20	50	20	10	18	5	39	48	39	3	27	34	29	21	50	5	50	37	23	
43	1	48	49	21	22	16	22	16	15	28	35	24	50	16	48	46	22	16	26	
31	30	40	36	25	38	31	18	40	4	41	20	41	45	20	44	4	38	14	20	
36	34	30	18	34	6	31	27	17	13	9	22	18	35	48	45	29	3	2	12	
49	6	13	21	1	1	42	34	50	18	16	38	7	8	37	33	4	4	31	21	
19	5	50	4	26	30	1	34	38	25	41	34	32	40	16	8	14	36	42	23	
41	39	33	24	3	33	36	47	19	10	36	47	40	7	50	40	24	22	13	2	
6	1	37	22	7	28	34	45	10	47	10	31	40	48	9	34	47	2	23	43	
25	24	32	6	23	40	14	2	31	11	48	39	11	10	4	10	1	2	40	33	
9	38	27	24	34	4	1	35	31	3	9	29	26	18	19	45	25	44	37	13	
12	4	20	19	15	13	19	12	17	19	23	15	47	41	16	6	30	40	10	4	
45	28	20	6	8	21	49	30	29	31	49	19	43	10	12	11	49	28	33	27	
10	28	50	13	31	40	26	40	6	14	26	19	25	4	39	11	31	2	11	24	
35	22	8	20	30	41	38	42	30	33	30	17	38	20	48	5	3	25	50	43	
On machine	15
47	31	28	2	7	37	18	29	13	12	36	34	12	38	26	21	3	37	47	31	
9	43	41	1	50	16	6	11	26	25	3	6	39	13	28	49	18	28	44	36	
15	5	19	13	24	5	4	3	37	22	39	40	41	29	42	24	23	33	11	49	
10	45	24	46	9	27	34	37	11	17	23	45	32	15	10	38	10	31	49	18	
20	33	35	5	10	11	27	17	40	48	37	28	3	9	1	40	42	29	43	8	
12	5	15	41	20	46	40	22	12	13	15	41	6	10	7	1	49	13	16	11	
2	30	31	9	44	37	15	30	30	48	5	19	42	32	23	39	38	23	27	31	
36	29	13	50	10	16	13	9	38	20	6	43	50	27	21	11	20	40	2	30	
40	15	43	22	31	27	44	12	2	12	10	24	35	13	11	36	7	11	3	9	
47	50	46	8	30	41	29	15	28	41	33	32	32	45	46	39	37	37	49	17	
18	40	12	47	15	29	15	2	25	23	37	1	43	13	21	34	36	19	2	22	
19	8	47	33	26	2	8	11	29	14	4	36	43	44	12	16	10	36	23	41	
26	19	35	30	15	35	30	1	20	40	2	28	32	28	28	13	1	24	29	21	
13	12	31	44	24	28	18	42	45	30	14	29	5	45	5	39	7	12	34	4	
5	10	38	8	45	30	7	40	26	2	48	37	1	21	12	13	50	15	49	25	
23	24	27	29	36	23	11	9	29	13	33	43	25	33	17	41	20	28	1	48	
24	9	34	13	8	47	27	46	21	26	13	11	19	34	47	19	22	17	7	18	
13	27	41	37	18	18	12	22	7	9	23	30	9	25	34	34	44	31	16	9	
36	18	47	25	29	2	3	38	9	29	41	42	32	13	44	9	48	32	19	26	
6	50	41	5	21	18	14	8	2	31	15	49	5	3	27	37	16	36	35	40	
On machine	16
13	38	5	33	31	18	41	31	5	21	34	38	35	10	15	24	39	43	33	43	
43	20	32	1	42	29	13	26	40	38	17	46	41	35	32	30	22	27	49	4	
2	27	47	32	50	23	27	3	39	44	4	26	35	29	43	37	44	20	40	24	
2	33	39	4	13	45	6	42	30	16	23	29	32	48	26	17	31	4	1	35	
30	50	14	39	16	32	1	49	13	44	30	8	38	29	41	2	7	38	34	15	
47	26	25	14	34	45	39	38	24	16	19	16	23	7	25	40	1	28	34	24	
49	6	21	37	10	18	48	28	21	13	50	33	21	2	23	24	31	45	24	4	
48	22	5	7	28	19	5	37	14	27	45	8	6	38	22	45	44	16	44	40	
3	33	34	29	44	31	25	38	33	1	6	26	21	40	15	12	16	21	43	40	
22	27	45	22	29	9	1	32	29	2	41	38	33	24	5	42	5	37	18	12	
2	12	22	41	41	23	13	39	9	24	44	4	25	26	29	40	19	4	26	21	
43	46	10	41	4	42	10	15	6	13	10	15	18	38	2	11	37	49	37	29	
16	46	11	44	14	50	4	43	7	50	23	42	19	16	15	42	42	14	20	3	
22	6	9	10	10	32	18	31	48	24	3	4	48	35	44	20	31	33	12	44	
46	3	33	35	3	34	2	37	20	7	8	7	33	22	31	28	18	36	3	22	
37	10	5	43	17	36	11	46	48	12	19	21	4	28	3	2	9	5	44	47	
9	32	18	7	34	8	3	46	37	19	12	29	29	31	37	44	22	25	20	43	
48	17	35	36	42	34	22	15	44	45	7	49	40	17	24	48	19	31	20	50	
10	5	35	33	21	3	44	42	8	4	39	21	38	5	18	12	25	16	49	48	
3	48	15	8	16	44	50	30	24	12	15	47	47	8	29	3	46	49	19	26	
On machine	17
2	28	13	22	19	8	47	7	36	12	39	1	39	24	28	34	44	10	47	45	
29	42	46	48	48	9	23	24	17	2	5	37	3	33	24	11	48	23	50	26	
49	38	32	39	30	32	27	17	38	12	25	25	28	34	6	30	41	46	16	35	
21	49	44	1	49	50	43	8	35	4	21	26	32	15	18	12	27	33	26	23	
49	36	3	41	49	33	23	27	47	27	12	12	32	47	14	12	41	30	10	31	
43	24	34	2	44	25	27	17	5	39	33	40	22	9	8	15	16	19	16	34	
20	23	42	40	31	18	35	37	16	34	20	16	5	11	1	15	27	16	2	7	
12	3	36	6	18	15	12	4	40	49	47	15	50	15	5	41	50	26	31	21	
50	44	33	45	50	1	10	15	17	11	6	6	7	50	26	4	42	16	16	32	
46	40	4	6	37	46	3	39	33	45	2	14	38	36	27	49	8	27	4	14	
17	47	44	15	5	38	36	21	34	12	34	7	11	21	44	11	32	31	37	38	
41	50	26	42	35	43	41	41	23	48	29	17	13	3	41	26	30	5	9	3	
4	24	16	31	49	1	44	13	30	22	19	38	39	35	10	28	47	24	48	47	
33	23	48	30	40	21	46	41	30	15	23	7	7	38	22	35	39	29	15	14	
4	13	5	25	22	46	10	24	43	45	16	41	20	1	29	2	48	4	22	36	
34	21	16	43	41	12	49	41	6	7	48	6	14	3	31	39	11	14	27	16	
12	4	13	4	17	45	21	27	46	49	35	2	17	14	39	31	50	34	27	42	
43	5	26	15	8	28	45	49	24	25	19	40	27	25	29	39	1	14	8	43	
27	44	8	20	40	41	15	47	30	35	5	18	45	46	29	1	36	9	31	19	
50	31	21	45	24	11	13	8	44	23	10	4	16	23	46	32	1	7	8	31	
On machine	18
5	17	43	39	14	20	8	40	21	36	5	5	28	38	24	38	10	28	22	41	
9	43	1	15	31	20	9	28	23	38	10	35	44	3	44	38	38	32	43	15	
10	48	18	2	4	48	47	33	46	36	44	6	12	28	30	46	48	11	11	27	
46	27	19	23	7	41	17	2	13	35	16	12	31	19	37	40	47	32	50	48	
30	29	43	3	4	8	39	1	25	32	15	1	38	5	34	13	25	11	27	30	
45	10	8	35	17	27	16	31	50	14	34	11	50	16	2	19	3	43	41	17	
40	49	27	5	23	20	6	32	12	16	35	23	42	4	25	5	47	36	3	7	
6	19	25	13	28	13	46	48	6	15	42	27	38	15	46	28	6	39	12	36	
17	37	1	31	48	28	50	24	12	39	27	7	1	14	49	35	29	27	43	36	
30	19	43	23	18	24	46	41	15	5	21	19	42	9	33	8	38	38	39	36	
35	2	47	4	2	19	12	4	47	32	24	44	6	48	36	41	24	31	17	40	
15	42	15	31	36	5	26	32	40	6	40	46	15	18	4	24	13	35	36	8	
30	15	39	46	48	22	2	31	23	47	15	46	1	8	18	40	30	16	19	14	
33	19	19	46	23	34	18	41	38	23	19	36	13	41	19	1	10	8	11	31	
44	25	21	32	39	16	38	40	4	32	40	15	46	15	18	47	8	11	50	20	
35	34	17	20	15	23	21	43	41	29	35	4	29	8	45	22	23	39	31	37	
16	6	5	6	26	5	20	15	17	8	37	10	11	30	2	44	7	1	3	2	
13	12	49	16	41	16	6	13	3	21	2	44	1	5	17	9	39	6	16	20	
42	8	37	24	32	6	39	24	21	39	43	47	30	15	8	23	26	19	1	17	
21	32	30	27	36	36	32	14	24	50	43	45	18	7	3	36	37	11	30	26	
On machine	19
6	42	46	34	49	5	5	36	14	26	9	24	23	45	31	19	11	9	26	46	
50	18	45	2	49	43	7	14	12	40	36	7	27	41	14	17	43	45	30	2	
49	45	2	42	4	29	21	15	38	4	34	4	31	44	2	36	36	39	8	16	
30	19	19	35	33	42	30	26	27	33	16	31	26	11	23	2	19	5	47	21	
15	22	17	39	45	7	6	47	4	49	3	43	10	2	35	17	21	47	14	43	
26	40	49	2	34	1	32	14	21	18	23	16	44	50	35	48	25	35	2	22	
3	45	20	23	2	17	40	38	11	27	39	34	20	14	25	43	33	11	6	6	
12	35	14	1	31	44	25	8	20	14	33	9	48	13	47	24	50	33	37	37	
2	41	41	46	30	45	41	37	10	31	50	28	33	41	9	32	30	3	21	37	
18	15	34	19	50	6	19	5	36	9	37	2	42	47	50	14	19	45	15	39	
3	50	2	4	1	14	19	42	12	7	25	50	48	16	50	11	9	38	20	1	
10	9	39	12	1	25	8	30	20	41	44	21	33	8	19	47	16	20	26	18	
16	7	42	2	49	8	31	28	44	43	39	26	47	17	34	18	23	8	32	21	
11	46	32	22	26	36	7	30	13	17	4	32	34	33	4	29	39	6	3	40	
35	21	15	9	5	6	12	38	13	23	21	40	32	34	27	20	31	48	6	1	
7	26	2	11	41	37	16	44	47	11	2	28	38	14	27	29	48	3	5	7	
6	3	17	31	4	35	46	4	34	32	8	38	24	36	44	11	21	1	36	26	
16	22	20	9	33	26	17	7	34	22	9	11	7	8	7	9	30	29	14	14	
22	30	23	12	49	43	5	23	40	6	42	41	12	49	33	5	16	6	15	28	
36	10	39	25	1	3	9	33	20	3	12	47	5	12	32	38	15	18	28	4	
On machine	20
40	48	16	9	6	13	42	18	26	44	16	30	15	16	25	10	8	40	38	29	
15	1	29	5	35	25	7	20	46	16	11	37	10	3	40	2	8	7	41	16	
18	25	33	42	4	44	25	29	1	9	14	17	46	25	22	47	36	43	50	6	
25	41	50	35	2	3	47	36	48	44	1	15	30	50	30	9	3	35	2	23	
40	21	39	21	14	15	22	26	1	25	2	34	40	49	40	35	32	47	34	17	
49	14	47	28	3	16	31	20	28	40	8	33	1	9	22	30	31	6	37	42	
15	41	1	27	17	47	11	6	20	8	32	44	25	31	38	9	26	47	30	4	
1	23	7	49	39	40	20	14	4	26	29	33	32	22	33	42	40	12	14	2	
1	46	21	29	23	22	36	3	24	30	16	39	31	25	4	19	42	33	33	24	
4	30	40	2	29	24	1	12	43	3	1	39	19	7	26	5	15	28	9	14	
9	3	6	8	35	15	15	2	12	42	33	13	8	41	50	44	5	20	32	7	
31	49	45	14	34	6	49	23	49	34	47	12	18	4	5	4	25	42	24	9	
40	35	7	5	19	15	32	13	23	36	16	5	22	33	36	37	43	18	46	8	
8	33	19	32	2	32	17	33	31	32	38	32	4	48	28	33	30	32	2	45	
50	24	27	37	7	43	19	48	35	23	48	44	18	36	20	28	35	7	45	21	
18	24	47	47	18	16	12	47	17	6	26	18	1	24	20	50	34	43	19	2	
33	15	31	34	17	15	3	4	17	28	50	40	36	44	45	4	8	6	38	15	
50	23	27	29	23	21	44	30	37	21	11	2	38	13	6	27	11	41	34	25	
48	6	8	23	39	49	12	7	27	42	30	16	22	29	19	21	36	8	3	23	
16	28	26	6	35	25	28	33	45	47	2	29	15	8	17	37	40	30	33	31	
On machine	21
35	34	38	42	23	11	15	45	17	39	39	38	35	2	1	26	7	36	15	7	
25	27	38	20	5	33	12	16	5	32	39	40	23	14	15	46	37	31	1	40	
4	30	40	19	49	13	18	29	27	1	22	10	22	48	15	46	18	10	28	9	
50	25	5	13	17	9	14	19	24	43	12	2	12	31	7	41	28	17	44	16	
6	4	40	45	14	6	21	46	19	48	19	4	21	11	11	7	14	43	22	41	
32	47	24	36	10	17	44	17	15	46	50	26	42	12	17	30	22	49	49	10	
16	4	5	50	50	12	25	4	27	30	22	12	31	27	19	27	19	32	24	9	
40	46	30	21	7	10	38	25	14	13	27	23	4	13	20	29	26	5	15	2	
1	50	42	22	36	1	32	44	7	43	39	19	22	38	35	29	29	5	8	16	
49	24	7	30	13	27	16	15	12	7	18	19	17	7	38	42	39	18	41	4	
23	46	28	24	2	47	39	41	2	20	8	43	30	27	49	7	37	48	28	7	
34	49	37	1	14	16	37	3	42	3	47	43	33	8	1	24	34	18	18	19	
36	48	27	15	29	7	37	2	30	40	43	8	35	17	23	46	42	20	32	16	
28	11	3	32	29	40	19	19	22	42	29	1	46	33	49	2	19	16	29	12	
39	7	1	40	28	44	41	1	34	26	45	16	26	25	12	21	39	23	30	41	
13	34	13	42	18	27	11	30	11	39	20	25	3	36	12	48	31	46	50	49	
48	11	13	11	9	28	4	34	44	21	30	9	34	21	8	23	15	5	28	16	
30	23	8	7	17	25	6	46	28	6	21	21	16	23	14	48	9	23	10	5	
16	50	5	15	40	18	41	26	4	18	37	21	25	29	7	33	9	31	12	34	
15	39	50	25	35	50	48	15	9	7	23	49	25	3	43	37	29	32	4	17	
On machine	22
31	39	43	19	50	12	50	18	30	43	28	21	3	40	16	47	29	6	16	12	
7	13	12	49	38	39	41	38	30	14	3	43	19	21	44	27	7	39	19	39	
35	11	21	36	41	14	25	42	29	42	2	4	48	29	32	29	23	36	21	33	
38	14	15	48	38	18	35	12	47	44	11	18	27	29	38	47	12	4	17	44	
33	23	41	35	43	43	3	31	13	47	36	27	41	12	27	31	33	10	39	38	
24	13	42	48	15	50	27	28	21	47	4	33	39	34	50	13	13	30	24	16	
8	34	21	16	36	27	28	30	33	34	33	31	26	39	43	5	34	11	50	32	
20	41	48	12	2	47	39	44	1	47	34	11	34	9	49	6	33	40	24	34	
29	29	30	3	4	43	8	39	31	20	17	4	30	49	28	19	15	21	22	7	
40	19	6	13	6	11	47	4	36	20	9	50	7	23	3	45	37	37	34	45	
13	34	8	11	37	20	25	45	19	48	49	12	23	15	20	44	49	6	50	19	
38	8	49	42	40	15	38	39	11	38	7	44	43	24	33	23	7	49	27	48	
26	39	38	23	7	23	6	41	10	25	41	41	36	28	28	21	15	42	7	47	
38	39	31	29	14	34	12	39	2	40	14	22	12	12	36	13	5	24	41	28	
40	29	45	49	24	39	4	4	3	10	41	23	13	12	49	24	47	2	35	2	
18	36	49	26	43	30	1	9	26	24	7	9	43	38	27	29	27	12	34	31	
10	24	3	41	43	34	31	3	29	4	12	10	30	8	47	29	43	31	20	19	
24	8	32	34	47	23	2	45	23	4	30	11	6	34	1	24	4	29	22	22	
17	11	24	33	37	38	47	22	47	14	24	11	15	23	45	19	22	14	38	12	
5	16	3	34	25	13	7	29	40	7	19	37	27	32	38	20	39	2	41	46	
On machine	23
6	29	17	41	35	16	40	14	27	33	33	6	2	15	36	12	39	5	50	37	
49	10	24	13	1	35	12	46	7	30	10	15	16	11	30	46	29	39	13	1	
45	3	43	9	21	44	10	15	43	10	20	14	19	37	48	26	5	13	17	43	
48	42	43	32	24	45	25	8	30	37	46	24	4	16	48	4	12	34	39	37	
8	9	7	33	50	9	43	25	32	4	25	37	41	10	35	11	25	28	34	50	
44	15	49	23	2	16	14	30	27	39	12	42	13	33	24	25	46	11	23	7	
20	5	42	22	31	6	39	23	5	43	12	34	31	34	12	42	24	22	9	35	
37	25	22	32	48	35	10	11	30	45	21	25	10	31	30	20	43	31	44	7	
31	27	18	16	2	48	12	12	40	6	3	31	20	49	33	11	3	25	39	46	
44	37	27	37	10	36	16	5	50	43	49	14	12	48	11	29	40	17	42	19	
50	25	26	36	5	43	27	42	43	44	39	5	47	36	34	13	8	12	31	45	
2	39	38	32	34	12	38	22	36	9	49	36	32	3	45	50	45	9	30	49	
4	30	39	11	24	32	19	33	22	18	47	39	45	13	23	16	19	8	35	36	
31	10	5	19	42	47	31	3	4	16	9	40	24	26	25	16	33	1	44	42	
6	46	12	28	28	11	9	28	30	27	46	2	25	19	19	35	21	10	5	19	
40	41	4	3	27	43	46	18	7	41	21	15	21	13	28	5	29	25	25	19	
23	41	20	47	47	27	12	14	48	48	13	36	43	32	6	2	25	11	7	2	
7	14	21	16	22	27	31	38	19	49	16	48	14	29	15	47	29	35	26	40	
50	46	15	14	7	40	47	7	35	26	30	44	20	41	3	25	38	28	32	38	
5	34	31	38	16	8	35	44	22	15	35	5	30	35	38	31	38	29	19	35	
On machine	24
30	34	6	21	11	4	17	25	46	19	33	26	9	30	23	49	50	11	37	46	
47	21	15	18	31	40	16	11	21	41	28	1	17	30	16	39	43	43	45	33	
34	13	12	6	24	38	49	40	23	2	42	47	15	38	28	41	17	40	19	41	
9	8	2	45	1	6	11	43	41	26	49	6	30	15	25	39	11	19	15	24	
2	4	12	7	14	32	11	7	14	21	26	14	47	2	34	47	10	4	5	25	
38	8	10	12	18	2	8	14	18	47	4	49	49	9	25	2	35	28	20	41	
39	8	15	27	33	37	3	26	10	9	29	25	2	37	1	46	35	5	12	23	
17	28	32	24	46	41	50	5	5	27	35	41	27	23	36	24	23	13	35	18	
19	21	4	34	34	45	46	16	35	1	36	14	43	2	21	3	19	23	20	2	
20	13	21	37	44	28	20	16	24	35	44	42	41	1	47	15	33	39	41	32	
34	9	35	17	14	30	49	37	5	14	38	30	10	36	10	28	19	36	10	45	
32	46	43	11	15	38	11	49	3	37	14	28	38	20	22	12	7	16	33	31	
36	37	2	40	7	33	44	6	36	43	15	44	33	16	34	22	27	39	4	36	
4	49	38	34	16	34	43	6	39	6	5	19	38	10	5	25	8	23	12	15	
31	10	41	29	26	40	45	13	48	21	41	33	14	25	42	11	37	15	12	25	
17	39	10	13	31	39	13	6	29	40	42	20	21	27	19	36	46	12	49	26	
49	27	5	39	21	11	50	23	17	35	22	9	48	37	29	2	28	17	40	12	
45	1	32	41	23	15	16	39	2	1	2	6	44	22	28	35	19	45	33	31	
46	44	16	34	43	27	33	37	7	39	8	50	45	4	10	33	34	7	15	23	
21	37	27	22	49	37	18	18	36	31	4	4	27	26	46	6	12	21	11	27	
On machine	25
25	32	40	29	30	14	28	32	35	48	5	49	13	14	14	34	40	27	50	16	
49	6	48	5	15	21	8	3	2	24	24	22	44	9	20	29	32	47	17	47	
40	13	9	38	29	13	31	3	25	9	12	32	22	47	9	49	36	42	6	29	
25	34	15	14	2	19	19	5	5	19	36	28	5	21	9	30	24	32	3	38	
22	25	27	21	35	5	48	6	15	15	49	17	37	44	37	15	23	39	31	38	
29	28	24	21	4	37	35	4	2	30	24	12	33	25	43	15	21	46	6	2	
48	17	7	2	49	9	14	18	18	48	45	27	29	2	25	19	15	18	24	27	
40	35	1	44	47	3	38	46	38	50	20	34	35	11	43	3	50	11	25	46	
31	18	41	29	40	22	28	50	42	50	50	17	19	46	21	22	21	44	49	35	
25	22	23	37	49	33	48	16	48	35	2	17	46	1	23	20	37	33	17	12	
25	43	1	1	33	8	8	15	47	23	23	29	21	11	49	38	35	26	46	9	
47	27	16	8	15	12	12	37	24	31	3	42	39	24	45	48	19	40	6	45	
43	22	38	18	29	13	1	22	14	11	37	42	46	43	4	6	42	9	21	35	
26	29	39	43	11	16	14	33	2	1	31	16	15	13	43	28	24	18	2	3	
9	21	22	23	49	5	12	17	36	5	38	3	38	8	38	15	48	36	43	21	
10	35	6	6	43	35	47	18	21	27	44	11	40	23	49	2	21	20	35	21	
16	1	8	7	23	48	47	14	17	25	3	24	39	41	22	48	7	4	46	36	
48	1	13	5	41	23	8	24	33	37	20	32	33	9	42	11	4	29	30	3	
50	31	27	50	35	31	10	2	34	6	23	31	43	2	44	3	16	31	15	8	
36	21	12	30	49	43	9	46	38	34	1	31	14	29	13	32	39	11	18	29	
On machine	26
25	38	44	20	10	14	21	25	10	6	45	37	26	45	15	8	8	4	20	14	
48	27	11	39	33	34	25	16	16	48	19	33	28	15	3	39	16	11	35	37	
23	7	44	22	46	43	27	49	39	11	49	18	49	27	12	50	23	3	12	10	
21	16	45	15	17	21	4	34	32	8	22	26	48	41	34	7	48	31	12	1	
30	19	22	26	22	42	49	45	32	22	19	24	31	16	10	31	2	27	16	48	
27	20	9	20	13	1	23	5	30	19	28	33	7	19	28	15	34	15	29	2	
47	16	25	50	44	30	34	5	7	5	9	19	5	37	30	6	48	8	12	1	
35	26	6	22	39	31	32	6	8	15	2	34	35	37	49	48	38	13	27	41	
2	31	24	50	20	4	48	13	9	10	27	48	15	26	38	4	48	41	45	49	
28	42	2	46	15	22	32	48	37	40	33	50	13	22	20	50	1	42	33	13	
14	31	48	23	26	31	47	31	36	32	49	23	48	17	22	15	6	28	28	33	
7	34	4	8	16	29	41	32	43	42	2	50	33	47	5	24	24	5	38	21	
12	28	31	15	4	44	24	28	34	27	16	19	28	6	10	43	34	13	13	20	
28	41	3	28	37	3	44	17	36	40	8	31	16	38	8	36	48	11	11	41	
5	49	17	11	43	21	8	35	35	36	21	32	6	32	22	32	33	38	27	15	
41	35	49	47	38	40	17	12	38	17	33	15	22	34	14	43	16	35	40	3	
41	7	45	45	35	48	44	24	34	39	21	8	27	5	13	48	45	22	24	24	
10	34	49	44	4	41	11	3	41	3	34	46	35	28	15	6	48	1	18	13	
1	12	19	6	18	16	22	7	23	38	20	44	21	14	3	26	1	22	29	11	
48	44	50	50	4	1	8	5	23	14	37	10	5	18	47	5	41	44	5	26	
On machine	27
2	16	33	41	47	5	25	13	48	35	43	6	50	43	35	17	5	11	16	8	
44	3	32	43	4	30	28	3	19	44	25	15	49	40	38	30	29	44	47	32	
16	10	44	42	45	16	4	47	2	7	46	20	47	49	13	33	29	17	10	12	
8	2	24	46	21	39	26	1	25	18	2	37	8	35	21	34	19	34	21	25	
43	13	6	33	29	13	29	31	49	35	3	50	33	27	46	19	1	8	26	48	
18	14	50	18	6	35	4	41	14	44	5	24	28	1	24	1	41	41	13	13	
37	39	22	21	28	5	9	42	46	47	30	48	2	48	43	1	34	47	11	21	
46	20	13	12	43	4	43	36	42	37	5	30	25	10	27	4	25	42	16	25	
30	19	34	26	8	2	27	41	21	50	49	45	38	26	25	50	43	41	37	18	
33	41	35	4	37	17	34	48	37	5	44	23	28	49	33	49	36	30	44	8	
11	26	41	25	34	48	8	32	38	41	13	3	13	48	33	29	43	42	46	32	
2	15	27	35	18	23	44	6	7	43	34	50	25	26	47	12	8	26	50	26	
47	26	33	26	9	7	19	46	32	25	19	47	6	18	31	43	10	17	30	26	
27	16	28	28	46	27	25	42	45	11	46	16	15	36	4	46	8	5	39	16	
9	19	39	26	23	15	33	37	22	27	36	22	32	45	13	2	38	38	30	41	
14	1	47	46	47	36	3	24	43	43	39	36	12	5	26	38	1	43	9	4	
15	2	25	42	24	12	37	19	35	21	8	34	19	10	15	41	10	26	1	41	
49	32	28	15	38	11	10	19	16	4	50	40	11	19	22	28	5	28	13	50	
35	45	27	21	44	42	16	13	28	48	42	10	6	37	49	15	9	31	43	16	
8	23	23	14	47	35	36	16	8	23	2	9	22	46	23	26	49	41	8	34	
On machine	28
28	15	50	46	20	48	24	11	40	5	12	10	32	36	13	41	26	18	5	7	
3	13	19	13	7	9	9	49	21	36	24	26	10	3	10	6	17	13	11	29	
46	24	36	8	48	45	11	40	15	18	31	28	39	34	24	20	9	8	44	42	
18	36	1	47	4	7	13	27	24	50	32	39	16	29	25	39	6	46	49	33	
25	46	6	20	36	14	18	3	19	19	1	12	25	12	25	8	8	22	20	5	
38	26	27	43	40	34	44	14	24	33	35	3	49	29	37	6	36	12	2	40	
45	35	33	41	18	12	33	27	3	20	3	39	30	24	40	37	13	35	14	50	
33	42	28	38	28	29	45	39	29	18	48	31	21	27	37	9	7	41	19	11	
49	12	18	49	47	13	19	21	12	35	26	34	24	32	50	37	16	10	37	23	
7	14	6	43	16	36	36	38	13	6	15	13	16	23	7	4	30	33	39	24	
42	33	34	28	40	36	21	23	9	38	32	33	10	26	49	48	18	19	22	50	
24	28	35	23	16	37	33	29	36	26	12	10	32	32	30	47	31	7	20	37	
19	40	49	1	47	50	37	5	31	44	13	29	24	9	33	15	1	18	32	3	
25	22	23	15	40	9	1	34	8	41	10	18	22	25	18	29	47	38	16	2	
9	48	26	46	14	36	50	32	44	16	10	27	48	48	6	40	32	40	11	21	
22	46	34	33	41	26	4	23	3	3	12	47	37	50	28	3	48	43	38	48	
32	30	28	44	49	38	23	13	37	47	49	18	32	33	7	41	47	12	4	1	
8	44	50	1	41	20	42	18	20	19	43	9	46	6	19	19	23	37	3	19	
31	27	45	18	42	12	5	35	19	10	24	29	26	42	17	39	20	37	42	32	
12	21	50	31	20	7	43	45	37	33	44	42	2	45	31	27	13	19	3	15	
On machine	29
31	23	42	47	23	18	3	8	27	15	49	25	2	8	14	2	47	19	50	33	
7	44	7	15	25	33	38	5	3	33	30	9	47	32	19	49	25	23	4	9	
26	34	3	25	36	33	7	5	18	45	49	29	6	1	30	39	30	23	17	16	
50	15	20	6	31	1	22	40	37	14	13	11	18	11	38	44	32	27	33	35	
46	39	12	21	37	15	20	44	27	32	50	12	1	48	35	28	11	17	6	6	
29	50	27	32	47	40	2	49	27	43	37	31	25	15	38	38	21	43	16	15	
46	6	7	41	13	39	35	28	1	39	17	49	41	37	24	19	21	32	15	33	
3	48	14	40	43	9	32	32	41	20	30	41	8	4	23	33	41	20	41	28	
45	4	19	2	22	37	21	44	5	40	34	47	19	29	48	12	1	34	5	33	
50	3	31	3	8	18	22	33	46	11	26	37	4	21	30	29	15	12	41	32	
5	40	37	23	35	1	25	1	6	11	5	17	16	20	44	11	1	34	24	16	
41	16	35	2	6	18	24	13	48	11	40	4	34	39	7	27	29	19	2	7	
21	1	14	24	25	20	1	49	43	14	5	9	29	36	2	22	5	8	28	18	
8	15	41	28	9	43	30	13	26	41	41	34	16	41	7	18	40	43	9	8	
33	29	43	32	1	41	2	13	32	38	3	30	45	33	46	33	28	7	1	13	
21	41	10	33	45	45	20	3	48	1	37	36	45	32	24	44	10	27	7	26	
46	5	29	15	16	12	12	48	25	36	20	32	23	33	2	12	13	11	37	4	
2	32	43	3	16	12	29	45	7	4	17	12	47	44	18	8	29	42	28	33	
41	13	38	10	19	5	3	12	35	30	16	41	7	9	19	4	6	22	32	16	
3	3	43	11	16	22	5	21	16	31	13	16	34	32	28	4	43	10	34	24	
On machine	30
39	44	7	8	21	12	44	31	3	37	43	23	10	47	1	12	5	48	25	18	
3	19	38	23	43	6	40	2	15	9	39	14	19	32	9	18	45	13	1	46	
34	24	21	28	38	42	19	26	47	9	42	19	38	46	47	50	44	27	41	30	
10	9	22	6	45	35	25	33	13	21	2	43	14	42	37	24	46	22	42	47	
13	44	45	10	4	50	23	35	2	1	26	36	23	7	26	23	15	28	13	4	
12	27	9	38	46	47	1	31	17	13	46	4	24	41	2	19	15	25	36	14	
22	8	17	43	9	49	17	21	1	19	29	13	43	50	1	45	7	42	33	45	
47	27	10	21	38	43	30	17	27	8	18	33	32	2	5	8	28	35	4	4	
21	1	2	44	11	18	38	5	49	24	16	48	41	43	15	3	9	20	32	14	
33	5	19	47	1	28	30	19	42	13	50	41	46	31	10	20	36	47	27	36	
40	40	26	17	10	35	28	24	34	36	16	7	16	49	39	44	1	22	41	45	
8	33	16	44	5	4	17	47	48	17	34	12	32	48	20	13	11	39	6	20	
24	23	39	10	26	46	43	26	11	28	45	44	27	36	46	35	26	11	29	21	
30	43	39	1	9	41	4	24	42	41	50	20	6	9	13	21	16	15	47	42	
8	15	15	32	45	13	24	23	48	25	34	4	5	13	24	23	4	18	5	1	
4	13	7	32	32	38	47	22	37	45	44	31	26	5	5	23	11	35	37	12	
40	17	20	33	6	22	10	40	39	32	49	9	13	48	19	25	23	35	36	4	
22	37	27	21	41	41	3	4	34	34	38	29	47	5	4	34	50	32	8	49	
30	42	26	14	45	24	32	22	42	24	21	16	45	23	34	24	41	14	28	4	
34	16	5	14	22	7	27	2	5	27	17	10	4	30	43	28	39	31	31	43	
On machine	31
29	1	49	50	17	2	46	12	47	48	29	15	43	45	13	4	3	34	1	22	
13	50	38	36	3	36	5	30	11	27	4	41	33	17	34	16	49	49	1	5	
42	23	33	24	25	3	21	5	43	43	27	16	12	24	33	43	47	50	49	6	
31	48	17	30	21	19	16	38	12	49	14	33	15	48	42	48	19	18	47	42	
35	17	18	17	31	24	45	28	30	44	40	18	47	5	20	26	47	14	32	21	
19	18	9	34	14	50	34	42	21	46	32	17	35	40	34	28	45	32	12	39	
22	40	35	12	20	10	44	10	35	17	9	23	13	4	45	26	34	41	34	33	
5	39	16	8	7	28	48	34	45	13	41	9	33	13	36	5	38	32	6	34	
8	10	25	28	20	14	48	10	39	27	48	40	17	4	45	18	38	21	11	26	
23	2	6	13	45	48	2	37	31	45	33	34	29	45	15	11	47	18	2	16	
24	13	17	33	34	20	4	25	15	24	27	11	24	18	21	46	1	41	10	28	
32	21	50	6	35	36	21	50	41	11	29	14	35	4	8	46	35	42	30	10	
30	26	21	28	37	29	35	37	50	14	13	17	29	18	41	9	15	38	16	36	
40	12	33	2	14	39	30	48	30	23	2	27	48	1	38	49	45	49	4	2	
19	10	27	47	32	4	50	12	37	24	41	4	1	5	32	36	44	41	49	31	
8	23	16	16	5	3	48	47	18	49	42	14	18	19	46	50	4	4	33	4	
41	20	25	37	32	14	37	17	14	49	49	27	44	8	35	32	12	33	29	10	
31	38	12	16	5	48	36	18	38	24	2	31	8	32	26	31	1	40	39	48	
43	41	45	32	17	6	36	24	18	6	35	30	6	39	21	48	17	11	44	31	
20	22	22	48	11	10	18	29	12	48	6	46	49	4	43	50	43	7	39	47	
On machine	32
33	19	50	37	26	13	47	44	37	18	15	47	13	18	48	36	15	33	34	3	
49	37	13	46	39	22	12	5	1	23	1	10	44	8	7	18	37	39	7	49	
29	17	38	46	19	17	24	22	47	42	18	14	30	24	35	46	20	39	38	44	
33	35	2	50	11	29	27	25	46	33	22	41	47	18	13	7	20	35	1	40	
47	22	21	36	2	47	35	30	4	38	28	31	20	4	36	18	32	40	24	8	
46	21	10	19	33	2	47	36	45	42	23	16	38	18	34	47	3	12	2	21	
47	50	42	37	28	2	27	12	40	29	7	4	21	46	31	11	36	8	43	12	
11	29	42	25	38	33	15	44	10	36	29	45	20	2	44	4	48	46	20	33	
32	27	22	16	37	13	37	7	20	26	6	50	32	30	39	45	29	23	27	38	
35	21	1	44	45	14	48	8	27	35	31	7	29	5	33	23	12	47	13	20	
44	40	10	37	45	19	26	33	18	29	34	20	33	10	6	40	50	20	3	3	
49	42	26	49	15	9	5	50	28	42	36	45	33	2	38	6	36	38	27	13	
5	42	12	11	32	42	49	22	43	2	4	30	50	28	29	48	45	20	25	6	
40	18	45	50	21	29	41	40	24	49	23	20	40	38	49	18	42	30	50	2	
43	31	36	18	47	42	20	3	47	7	33	24	14	32	7	43	24	41	26	10	
27	13	14	13	14	10	19	12	17	25	47	37	18	24	14	45	6	9	47	35	
8	26	12	6	43	37	42	23	15	4	44	44	40	33	12	39	3	34	32	26	
5	4	2	1	4	38	18	14	6	5	22	9	20	38	30	47	4	31	45	30	
25	13	50	35	25	12	33	37	38	18	15	34	35	40	14	13	15	3	43	34	
50	4	38	1	47	23	41	43	48	43	17	34	32	1	3	30	5	14	19	18	
On machine	33
41	9	34	15	46	11	19	33	11	22	44	38	35	48	44	4	27	16	9	22	
29	6	9	7	20	13	1	15	34	49	2	41	23	31	10	40	21	24	13	4	
22	31	11	11	7	16	27	12	8	25	4	13	43	30	16	9	45	40	2	9	
37	31	27	49	22	23	44	35	27	43	22	43	17	23	42	5	26	48	1	12	
21	47	9	33	18	42	37	46	45	38	8	47	25	9	8	33	18	31	45	10	
35	21	37	50	32	4	22	27	15	15	4	37	24	19	35	10	1	7	13	47	
17	24	14	6	50	1	25	31	41	16	16	40	19	50	39	44	29	23	1	2	
45	44	8	10	37	13	7	43	42	25	28	39	23	7	27	21	37	2	27	49	
33	18	22	40	33	36	50	43	28	22	31	12	28	11	1	31	14	36	19	37	
36	12	39	50	3	38	20	4	2	31	20	25	23	40	31	7	21	25	22	19	
7	1	33	1	38	39	4	8	20	11	23	8	12	30	15	17	19	2	27	50	
11	45	50	5	37	13	15	30	7	2	41	26	24	49	50	24	44	11	28	35	
33	10	24	17	7	27	48	2	44	40	10	40	27	33	33	14	2	4	7	38	
15	42	10	32	44	19	12	14	48	11	14	3	50	43	31	19	7	47	8	10	
21	40	2	9	37	32	27	20	7	37	7	46	5	24	6	33	22	21	5	43	
8	50	8	20	33	1	37	22	29	27	38	10	36	22	19	12	35	28	40	11	
15	32	46	12	12	13	2	12	39	9	2	43	17	14	34	44	24	27	48	50	
43	28	45	50	44	30	4	32	36	3	47	21	35	21	43	5	28	37	27	34	
40	27	17	33	33	43	12	16	16	22	33	3	42	50	34	46	5	28	26	47	
17	34	49	33	21	44	40	39	46	19	13	50	16	18	43	17	43	21	34	45	
On machine	34
1	19	13	41	21	3	20	27	4	49	16	48	30	13	47	2	40	19	30	37	
20	45	15	31	6	4	15	22	29	38	40	24	24	15	32	41	13	38	28	8	
28	28	2	12	28	7	43	17	15	25	6	35	44	26	36	14	48	7	19	20	
24	30	15	50	16	28	46	32	31	25	40	22	47	34	2	37	43	3	18	21	
2	17	20	48	2	3	36	39	44	16	27	9	38	21	30	46	20	1	1	48	
17	42	23	30	18	14	3	16	37	1	50	21	30	33	23	7	1	44	30	25	
36	28	34	14	4	13	36	13	3	5	27	35	19	20	30	3	34	49	38	37	
20	29	11	46	23	30	4	49	24	21	42	5	13	13	8	13	1	23	38	19	
15	31	30	46	14	34	35	10	50	49	13	19	12	17	29	32	8	33	47	35	
32	17	35	48	31	13	15	16	5	49	46	19	24	37	24	3	3	24	45	29	
1	44	32	49	31	39	19	45	46	13	50	25	2	6	46	35	7	7	43	21	
42	40	14	26	40	33	5	7	9	47	43	14	1	48	26	18	22	34	43	44	
48	32	34	30	36	13	31	48	1	44	22	37	7	38	6	13	32	39	48	3	
21	22	7	3	7	46	39	49	21	5	36	48	13	42	44	48	17	7	29	15	
29	23	2	43	19	28	5	28	2	38	40	23	49	35	32	42	35	46	14	9	
30	7	17	18	35	47	16	2	21	43	5	6	46	11	15	37	5	19	30	29	
13	45	19	15	5	1	36	15	6	4	24	48	33	15	40	23	32	7	26	16	
32	49	18	18	3	4	17	20	23	33	13	22	7	27	3	20	20	24	14	35	
24	25	7	30	34	3	9	32	36	36	36	31	30	7	18	20	23	41	3	29	
25	34	16	26	4	3	18	30	34	18	31	49	12	32	23	31	42	40	11	33	
On machine	35
6	42	41	43	11	39	27	41	4	29	41	7	18	25	38	33	46	33	50	13	
32	36	38	43	5	21	20	40	18	21	38	48	42	17	49	2	42	21	18	8	
13	24	11	31	7	31	26	26	8	31	2	27	40	25	10	49	8	34	7	19	
42	47	47	8	17	23	8	38	21	23	9	31	19	30	20	21	36	33	42	41	
47	8	27	37	7	1	23	29	16	21	42	33	40	35	10	49	9	37	41	27	
23	37	48	19	22	4	36	34	12	12	28	43	10	50	37	41	41	19	25	27	
13	37	22	18	37	47	34	21	24	36	20	9	3	48	21	20	13	14	29	31	
33	27	34	11	18	9	9	10	1	12	21	19	6	12	40	44	14	18	40	12	
31	7	20	46	49	18	21	40	13	18	22	24	50	45	2	27	23	1	39	28	
9	3	45	42	23	46	15	29	11	44	28	12	4	10	8	19	39	11	5	13	
23	39	42	23	5	32	17	32	15	32	41	33	31	14	27	50	15	24	4	19	
9	45	11	6	48	37	31	43	18	16	37	12	26	4	1	9	46	29	16	9	
6	19	37	4	23	12	33	27	5	9	13	13	30	4	43	21	10	10	26	7	
38	38	37	18	26	8	18	38	39	23	46	44	23	6	26	19	38	31	10	7	
22	1	6	50	10	23	44	10	46	12	27	38	26	16	9	47	7	30	40	15	
42	3	23	14	18	22	11	37	25	23	4	45	50	25	1	24	15	29	38	21	
8	43	19	40	30	3	9	1	20	44	40	20	34	12	32	19	35	45	37	18	
49	14	8	17	3	9	27	33	50	30	8	15	36	25	47	35	24	47	28	13	
48	34	27	14	28	32	46	39	46	3	42	17	3	10	12	43	35	45	25	46	
12	1	20	24	47	44	29	15	26	48	25	46	9	3	28	1	30	26	17	16	
On machine	36
49	19	30	35	19	23	24	34	34	8	7	29	15	10	16	25	40	5	34	10	
20	40	9	29	44	34	35	17	7	14	13	23	38	14	34	46	44	30	48	6	
42	25	11	29	35	47	17	50	7	31	25	30	23	8	40	49	24	33	42	49	
2	28	5	6	50	24	25	25	33	13	43	44	43	44	30	18	2	46	43	5	
39	6	38	15	22	39	3	47	49	14	5	8	45	27	37	32	48	31	38	18	
34	46	13	36	24	44	39	8	16	45	33	9	29	15	5	31	35	12	40	45	
13	36	28	34	30	2	20	13	21	49	50	21	29	46	16	2	1	22	26	16	
4	9	18	35	1	13	32	44	29	3	37	44	31	26	30	46	39	3	16	14	
36	50	35	35	47	10	44	5	16	43	48	29	21	16	47	45	40	17	1	4	
3	23	38	20	19	15	40	48	31	47	40	14	43	20	35	28	32	9	12	47	
48	20	3	42	6	38	5	9	31	16	11	9	35	1	44	40	16	41	21	25	
19	41	7	9	1	45	12	49	11	19	42	43	25	20	49	47	34	21	3	27	
50	6	4	45	21	12	23	44	29	8	13	19	42	25	17	27	46	11	15	36	
9	50	19	42	44	22	33	25	29	13	38	34	18	18	1	17	46	11	6	44	
2	3	23	20	40	35	29	48	45	16	23	6	29	41	23	36	28	4	38	48	
13	4	11	23	42	35	19	44	28	24	49	34	12	13	4	27	11	1	42	10	
30	15	4	40	7	44	26	26	21	35	43	30	21	11	21	18	41	48	48	4	
6	29	18	40	32	33	41	36	9	12	16	26	34	42	47	46	6	28	24	20	
32	48	14	49	21	1	38	50	40	41	17	20	18	2	33	48	21	18	11	25	
22	24	7	36	25	34	23	3	14	1	2	15	10	46	9	22	48	31	44	33	
On machine	37
32	32	46	39	23	9	38	44	48	47	17	1	20	44	41	27	33	24	39	39	
39	2	48	44	17	1	20	19	10	5	45	47	9	28	32	46	49	30	31	29	
47	31	23	8	30	21	43	31	20	37	29	5	7	32	33	18	30	28	3	28	
9	36	50	34	32	9	31	42	12	50	44	20	6	13	13	25	25	36	48	35	
37	46	18	38	3	40	15	40	18	4	22	2	27	50	41	15	44	37	25	27	
17	19	40	33	46	23	42	13	21	14	20	42	31	48	29	21	50	36	29	18	
38	16	22	12	18	28	16	48	22	10	6	27	11	35	26	34	19	13	28	9	
4	37	23	49	14	12	4	48	15	43	11	37	17	9	14	38	47	38	4	10	
13	12	5	10	31	34	36	34	1	30	37	12	45	17	12	15	35	49	42	1	
8	20	48	41	20	42	47	41	29	31	25	45	34	1	47	31	3	19	47	10	
48	14	30	43	48	38	1	49	21	14	12	5	23	25	16	47	7	44	7	20	
22	5	46	4	3	23	38	18	16	25	43	19	49	30	41	24	10	15	21	49	
15	2	2	35	10	12	3	29	31	47	44	35	21	28	22	7	16	28	48	35	
12	49	23	20	14	17	7	43	19	47	19	2	37	5	1	11	22	46	36	26	
30	46	19	11	10	18	50	13	45	25	8	19	15	8	14	7	20	18	29	43	
32	45	50	17	25	8	6	19	14	42	4	19	42	22	34	13	11	3	5	40	
44	26	42	40	17	33	36	32	38	41	14	48	21	49	17	29	1	13	49	50	
26	43	3	34	31	34	50	3	44	3	18	17	25	43	27	48	27	17	46	49	
6	24	46	31	6	35	2	22	49	39	32	8	47	32	36	46	16	35	25	2	
28	5	32	10	19	17	6	24	45	38	2	13	13	47	36	24	31	48	15	8	
On machine	38
42	5	39	22	27	30	21	5	31	37	8	46	40	45	35	26	36	26	11	11	
6	5	48	41	48	39	31	24	26	20	24	38	14	10	14	47	32	20	10	23	
50	19	36	19	5	36	17	37	9	11	27	47	1	46	13	16	6	30	9	44	
33	7	9	36	50	45	3	23	39	31	41	19	30	9	45	29	4	44	14	42	
14	21	43	38	5	11	50	34	1	42	9	15	24	5	42	48	37	7	48	41	
34	4	2	30	22	14	7	39	1	9	48	4	11	37	5	15	21	50	24	40	
38	5	44	32	45	21	13	11	43	40	2	15	24	7	17	18	40	47	42	49	
30	7	33	43	32	2	18	49	14	49	35	10	46	36	36	7	29	18	16	43	
22	2	39	13	7	10	7	5	31	40	34	28	45	2	27	47	16	18	36	48	
23	36	44	27	27	15	47	25	40	3	13	6	5	42	18	9	47	9	9	32	
50	42	13	4	21	33	36	2	49	45	10	31	2	28	39	50	4	28	38	42	
2	49	34	13	34	42	50	20	38	25	24	24	11	45	12	24	26	30	40	20	
11	10	45	32	48	30	13	4	49	8	22	27	33	3	41	40	48	21	31	48	
45	42	42	43	38	10	37	50	39	25	4	2	1	32	24	2	17	14	31	8	
40	9	3	33	45	35	8	4	9	49	6	37	8	35	47	44	7	31	47	26	
37	29	25	36	19	18	10	43	33	47	43	4	9	26	2	34	14	44	27	24	
37	6	50	49	27	39	32	46	15	43	24	50	18	10	1	25	15	45	4	5	
4	30	4	12	29	48	36	26	4	41	12	9	42	35	9	5	16	47	14	40	
47	38	40	1	5	44	11	12	2	42	47	31	29	8	34	36	2	47	37	43	
38	8	28	36	10	40	37	5	3	12	32	38	24	6	31	42	39	3	5	44	
On machine	39
39	32	18	22	19	38	2	10	43	28	14	23	26	39	22	30	19	23	45	1	
15	19	44	19	21	35	30	11	8	26	36	43	18	38	37	1	1	10	22	50	
25	23	45	38	32	24	27	21	13	37	15	36	1	12	47	9	41	11	29	26	
12	37	3	33	29	44	26	20	1	27	36	47	45	12	29	9	2	27	40	18	
13	17	14	13	7	11	13	1	12	49	18	33	25	33	32	4	34	44	39	44	
50	45	8	4	5	27	36	8	25	29	4	12	2	46	15	22	2	3	37	3	
39	44	49	46	39	20	14	14	37	45	29	22	7	48	45	20	44	24	38	2	
8	12	20	19	43	28	20	4	45	12	42	16	22	27	15	50	14	19	31	43	
6	42	46	19	13	18	15	38	47	15	49	4	6	17	47	17	9	16	34	36	
46	2	20	32	40	15	36	11	42	29	21	50	35	40	24	40	26	3	28	29	
50	41	4	48	25	17	6	46	25	30	45	8	12	16	20	9	5	15	28	23	
6	16	29	22	5	29	50	16	5	47	34	15	10	47	35	35	38	12	50	30	
3	48	12	47	36	37	3	49	29	31	21	29	18	6	46	40	15	33	7	36	
25	32	6	7	11	19	42	42	3	9	37	30	6	8	42	17	37	27	26	4	
10	46	27	26	26	33	33	8	33	4	12	27	39	19	32	11	30	49	13	30	
44	6	18	15	24	7	14	44	31	41	7	33	17	32	8	36	26	20	38	3	
30	17	42	49	26	20	42	9	7	25	1	23	39	46	37	44	21	37	3	19	
31	11	16	27	20	41	11	37	17	7	16	38	16	27	38	15	23	3	38	25	
2	44	13	38	21	5	11	47	1	22	9	24	44	40	40	11	36	40	4	40	
29	8	31	2	24	43	47	17	20	20	34	41	37	43	39	40	38	3	2	19	
On machine	40
46	49	17	2	50	47	46	41	49	25	40	45	35	14	2	3	30	20	5	44	
41	8	21	20	47	37	45	39	39	45	40	48	2	29	11	22	11	23	1	31	
15	34	35	50	33	8	5	34	7	18	3	29	14	48	33	23	26	11	40	4	
25	41	25	24	19	41	34	29	40	5	21	23	24	9	40	15	38	30	40	46	
5	3	5	22	36	25	14	36	39	15	27	31	36	17	26	24	46	13	35	41	
36	9	31	6	30	45	49	25	49	5	4	16	48	23	18	36	28	19	32	48	
49	15	23	8	18	45	44	11	17	28	47	49	14	17	29	35	2	47	6	20	
46	14	20	34	32	35	22	19	34	20	14	48	36	16	7	20	26	50	2	20	
20	43	12	2	8	7	44	27	38	41	42	10	16	17	35	24	37	30	32	11	
11	43	48	5	18	12	41	7	40	29	42	45	12	13	15	41	21	35	7	21	
25	23	11	44	30	6	11	19	50	48	48	25	36	9	29	40	18	9	1	40	
45	13	18	33	2	43	6	43	18	16	8	27	49	43	33	42	5	48	46	14	
33	25	13	24	31	48	33	33	49	39	28	47	30	1	35	37	2	7	10	37	
18	48	9	33	32	43	36	36	18	48	13	48	31	48	26	15	36	29	45	22	
25	3	5	31	13	46	39	10	5	42	30	1	21	46	21	42	43	3	10	13	
21	40	15	26	36	13	7	22	33	42	35	45	1	10	34	32	44	42	31	36	
21	26	16	31	38	13	26	48	28	41	30	4	21	19	10	36	44	45	30	21	
19	37	3	10	43	22	15	5	3	40	6	25	16	36	43	39	50	3	13	20	
19	14	36	48	33	21	4	45	23	5	3	23	10	49	20	41	5	20	3	24	
16	17	19	11	7	38	15	24	26	32	33	7	23	27	36	33	18	18	31	48	
On machine	41
28	40	32	31	42	43	10	8	2	24	36	32	46	31	1	3	16	15	42	17	
18	8	12	17	2	40	32	48	15	43	11	24	10	31	25	8	49	38	48	43	
19	32	33	44	11	45	27	17	16	42	17	11	46	47	49	34	47	17	7	33	
14	25	43	17	23	27	7	33	40	42	47	12	21	47	20	41	28	32	17	42	
34	31	35	25	39	28	5	37	33	16	40	44	24	8	30	13	24	38	45	25	
18	42	38	35	5	28	42	26	12	30	11	22	40	50	10	46	9	14	27	4	
33	2	5	21	22	25	33	6	3	46	29	27	36	26	36	25	11	28	26	1	
29	11	37	8	37	14	9	49	41	41	41	12	5	44	25	5	24	31	32	50	
45	2	45	4	3	34	34	40	49	2	16	20	9	36	30	26	44	15	46	24	
3	28	28	40	1	23	9	38	30	22	49	14	9	48	28	41	8	35	30	9	
27	48	4	31	5	28	12	21	33	45	21	36	16	18	4	3	11	29	19	31	
4	29	9	26	10	6	17	15	26	6	36	27	50	45	18	39	30	28	48	27	
47	31	21	46	17	28	4	20	43	3	38	44	49	5	7	46	21	21	24	8	
10	44	33	39	22	38	7	46	4	49	13	22	8	39	49	32	48	44	16	35	
5	37	44	49	26	22	13	35	4	17	47	48	42	13	44	7	28	32	44	31	
4	17	14	47	11	22	45	23	1	42	20	9	31	36	43	7	44	21	33	45	
41	19	16	33	9	15	25	50	27	4	27	20	19	19	44	22	44	46	28	10	
13	45	21	25	47	33	12	11	11	41	33	46	14	39	36	28	21	23	15	47	
23	5	33	40	5	35	20	8	42	31	17	45	30	31	24	9	37	34	21	48	
50	3	29	7	44	28	37	29	32	8	33	47	11	3	9	1	34	6	2	16	
On machine	42
28	39	21	42	11	35	41	23	3	19	44	21	22	40	29	41	7	2	3	27	
23	42	12	1	11	48	18	33	13	33	7	44	38	9	50	28	8	15	4	40	
34	31	9	32	15	42	41	8	6	22	35	29	44	5	1	44	7	40	9	46	
34	18	12	5	38	22	5	17	30	47	10	16	19	13	43	46	39	47	19	1	
29	43	39	34	8	14	4	47	46	13	17	33	27	9	14	9	37	31	41	2	
28	14	21	36	32	25	2	11	14	43	2	13	19	44	13	47	21	29	15	5	
45	9	19	50	21	11	13	41	2	18	4	22	25	36	19	43	18	36	37	8	
28	34	3	11	7	14	32	41	5	7	16	14	29	23	4	4	33	27	12	8	
10	41	16	49	10	50	50	33	4	18	34	44	37	18	25	6	32	29	43	6	
11	10	8	30	11	34	34	48	22	34	17	31	42	24	33	40	50	16	50	13	
1	29	27	42	10	28	46	3	13	40	23	47	40	20	50	26	10	26	19	15	
9	23	12	15	35	48	25	5	23	3	8	13	12	27	4	39	20	12	49	13	
49	37	5	31	13	3	43	6	37	47	35	2	45	49	17	14	38	42	43	8	
5	44	49	15	20	23	7	19	16	17	28	7	20	26	7	22	12	22	3	21	
50	32	43	12	2	40	20	45	21	50	43	37	34	15	28	38	34	44	10	46	
31	43	3	23	46	18	3	18	18	1	24	44	47	46	29	14	22	3	44	11	
2	49	13	49	37	30	37	45	23	12	31	8	22	49	18	8	6	41	39	26	
20	34	36	8	30	16	9	1	38	20	26	10	49	23	33	33	29	6	1	19	
47	11	2	26	50	42	1	13	31	46	10	26	38	28	22	43	32	29	46	43	
16	25	39	33	27	37	46	12	44	33	45	13	13	5	4	25	42	39	35	44	
On machine	43
36	32	10	24	30	10	40	2	34	22	8	33	35	45	7	35	31	46	39	40	
32	40	34	21	39	7	22	41	32	29	5	28	29	1	47	18	33	36	11	35	
49	24	1	40	4	29	47	45	1	27	12	25	4	22	48	36	12	50	47	7	
27	15	11	13	2	6	37	15	17	13	35	18	50	2	48	46	5	36	15	24	
25	43	43	32	11	36	17	40	27	2	7	1	2	41	44	29	42	4	38	36	
34	33	36	27	50	27	34	30	4	22	20	15	39	11	31	27	10	8	40	3	
36	30	28	23	38	27	44	48	22	22	45	4	14	47	19	32	28	21	6	39	
17	44	37	28	20	28	2	50	22	17	38	11	9	22	39	23	12	15	26	40	
41	32	22	31	34	7	23	16	26	29	3	34	9	22	13	7	31	20	23	18	
1	31	29	29	44	31	7	39	8	13	5	25	3	14	34	31	50	45	34	34	
36	16	39	47	11	17	44	41	19	30	45	33	6	25	45	37	4	29	11	6	
11	41	21	30	6	32	10	23	31	29	44	34	44	50	34	39	23	1	13	12	
6	8	10	35	40	49	29	19	25	7	7	31	14	48	28	32	11	27	19	35	
15	21	21	44	25	36	23	26	10	7	1	4	15	18	12	17	24	38	24	21	
30	22	13	2	7	38	45	9	15	33	25	28	33	30	6	18	37	1	11	15	
38	9	12	14	15	35	15	24	32	12	14	49	50	36	49	49	9	4	2	8	
7	33	50	4	25	26	22	43	7	9	35	37	35	18	47	12	6	20	6	23	
4	25	25	31	6	40	24	27	12	31	11	6	22	24	14	42	17	2	20	34	
28	43	7	19	14	24	38	16	24	5	10	7	12	3	10	45	7	32	35	22	
32	35	20	41	44	42	23	43	2	8	16	47	1	7	46	10	16	43	1	41	
On machine	44
14	15	34	26	11	10	7	7	24	42	46	41	46	13	13	43	50	4	5	36	
29	16	31	47	1	38	17	42	2	1	20	12	31	27	8	2	41	11	22	1	
46	49	18	6	36	36	46	8	3	20	10	50	24	46	39	23	48	21	16	10	
12	5	49	20	16	13	18	50	17	26	6	13	42	48	46	7	9	29	9	43	
29	47	38	39	42	39	8	6	18	30	6	7	1	26	22	10	35	48	42	40	
45	6	21	43	26	15	31	27	21	1	41	24	21	9	46	16	48	25	20	20	
13	7	13	50	18	34	4	26	35	28	16	5	40	21	8	44	29	17	6	31	
1	29	12	2	38	29	32	5	46	47	49	4	35	12	31	32	14	17	45	29	
50	12	38	49	9	46	26	41	11	19	35	10	40	13	5	35	20	18	43	24	
40	15	5	10	8	29	44	21	36	45	38	42	3	14	14	39	9	1	35	32	
6	49	37	34	36	34	42	20	49	25	49	4	49	50	26	44	9	37	30	26	
20	50	39	42	1	48	20	8	30	31	40	34	3	8	15	37	44	35	18	37	
26	3	13	29	37	18	10	35	21	2	43	11	10	6	50	41	2	21	23	1	
12	28	44	42	33	37	20	10	19	3	48	36	25	33	33	30	9	31	21	25	
40	16	7	30	8	13	48	20	17	40	6	4	48	35	42	6	41	47	9	8	
36	22	29	15	42	43	27	35	9	4	48	32	35	21	23	43	41	31	27	24	
32	35	50	18	11	10	25	47	23	36	36	36	44	34	10	19	23	8	9	30	
13	22	29	45	21	17	8	35	34	39	1	12	23	13	29	50	14	22	22	40	
10	23	14	44	7	22	49	47	23	15	36	47	48	45	41	26	26	17	7	18	
26	17	4	2	9	28	36	46	13	38	13	8	15	36	9	49	41	12	46	27	
On machine	45
40	30	27	4	19	24	25	42	13	41	43	32	46	24	10	4	1	24	14	50	
44	25	21	24	30	16	43	41	50	39	10	24	42	11	30	35	34	42	40	26	
6	5	39	5	39	14	40	7	19	29	46	28	19	28	10	36	42	35	15	45	
47	29	32	28	24	41	23	16	31	23	49	49	28	38	12	33	22	44	7	36	
47	29	31	38	10	22	12	28	26	46	43	11	6	12	40	27	5	22	4	40	
17	27	42	49	15	24	33	22	48	31	7	47	49	9	17	25	9	25	48	47	
2	34	30	26	46	49	47	29	7	49	21	19	32	30	13	13	13	9	5	27	
48	48	19	42	44	2	43	7	24	20	10	14	17	37	22	27	35	32	4	33	
24	35	45	15	21	3	35	42	2	28	32	35	11	11	21	12	31	7	26	32	
27	19	44	24	12	8	9	45	48	35	20	40	30	15	14	48	13	44	9	46	
2	9	16	44	36	42	13	43	15	20	44	29	1	20	32	9	37	5	14	5	
19	14	3	44	45	9	45	50	33	9	33	27	6	25	26	3	15	23	43	34	
12	21	7	33	39	6	19	34	1	36	31	45	16	23	40	12	30	27	45	50	
19	38	42	15	43	48	49	2	20	11	22	50	48	35	38	38	41	17	29	19	
15	31	33	48	37	24	36	20	46	30	33	35	37	47	29	15	36	14	18	3	
1	29	6	24	3	6	16	38	38	41	38	49	14	22	10	26	28	35	10	11	
46	19	50	5	32	8	42	5	34	19	37	42	26	23	8	35	48	50	33	19	
23	41	12	12	29	31	12	48	43	8	50	6	50	50	44	7	31	40	4	26	
17	44	8	15	23	16	43	30	49	42	19	35	14	31	35	33	37	3	1	28	
1	1	20	20	20	14	27	34	14	48	16	14	46	7	18	49	20	17	44	24	
On machine	46
11	35	4	13	44	43	28	42	16	27	24	13	3	37	14	48	10	1	27	35	
22	2	38	7	18	22	32	23	28	6	40	45	1	19	33	10	20	9	1	40	
31	41	30	13	27	33	22	32	6	30	50	23	43	33	45	41	11	19	10	23	
44	34	30	32	20	38	32	44	31	37	3	30	40	40	41	29	7	5	49	2	
6	5	28	49	48	3	18	22	30	28	39	10	41	9	18	9	40	5	12	28	
28	20	19	35	2	2	16	42	5	45	22	39	11	46	18	23	28	44	3	31	
22	15	35	23	11	46	40	34	46	33	12	45	27	45	46	22	6	21	14	44	
32	28	40	35	41	25	28	40	28	34	19	14	36	33	5	46	19	35	11	8	
48	46	34	31	19	22	19	36	31	24	10	25	28	49	23	29	13	28	24	35	
50	40	40	38	27	15	27	39	23	25	1	1	42	49	4	18	22	30	44	16	
40	17	7	50	4	20	19	9	38	48	10	24	48	26	16	30	50	41	27	22	
38	2	4	30	4	7	19	37	42	23	27	15	5	39	36	14	13	43	8	44	
39	31	36	26	28	41	45	18	18	3	45	14	2	38	2	28	37	25	48	36	
4	6	14	26	11	23	23	43	40	30	26	14	38	4	14	38	7	5	39	26	
39	25	38	27	6	38	34	31	34	13	13	48	39	14	15	17	34	40	10	29	
25	47	3	42	42	20	44	43	32	7	23	34	19	31	42	37	42	22	17	39	
38	38	5	28	37	45	46	48	16	22	10	39	20	43	2	21	16	13	50	2	
20	48	33	43	17	48	25	12	42	23	24	33	33	9	28	15	1	28	4	43	
8	24	34	25	13	25	3	26	43	15	9	26	34	26	22	23	12	27	8	39	
36	3	23	50	32	16	43	22	28	48	9	17	30	4	1	18	27	26	47	41	
On machine	47
20	24	38	19	13	43	22	29	48	16	28	48	17	35	42	28	9	18	22	17	
22	25	36	10	4	33	15	44	10	5	24	28	5	31	49	16	31	16	31	41	
46	4	31	30	42	8	47	4	18	44	30	38	37	6	34	19	2	24	22	7	
7	47	24	8	22	47	2	38	8	25	3	36	11	33	49	2	31	31	25	10	
7	16	19	11	36	40	25	13	22	16	3	31	25	30	27	5	43	11	12	11	
4	8	8	42	19	30	50	31	14	7	20	1	17	1	43	10	47	3	23	41	
27	14	37	50	17	23	47	20	25	11	33	11	33	25	35	20	35	13	16	44	
46	44	32	19	17	31	11	22	15	39	32	11	1	38	5	45	49	2	4	39	
33	41	50	49	20	8	16	50	31	38	14	3	50	6	7	30	44	5	42	29	
18	50	44	45	7	44	40	18	28	8	49	20	48	22	6	20	8	7	21	19	
11	21	41	40	2	12	42	7	41	33	13	30	14	19	5	20	41	8	23	43	
28	24	45	34	9	15	5	11	3	43	45	4	46	32	44	36	36	9	46	26	
26	34	46	21	45	6	10	46	25	47	44	7	30	47	21	24	38	37	20	43	
25	27	2	22	2	33	27	33	30	50	29	6	4	3	2	16	35	43	47	32	
47	10	11	30	25	7	24	1	19	25	38	36	38	2	17	17	3	41	12	23	
35	25	50	3	12	39	27	45	38	2	40	7	1	44	26	30	34	23	14	34	
30	21	47	38	35	36	29	1	45	49	27	45	11	31	3	11	38	9	4	8	
24	41	36	40	27	6	14	50	32	42	29	20	22	10	26	4	3	27	35	27	
31	16	39	18	16	48	23	11	25	44	31	41	46	24	24	16	27	49	24	21	
16	15	30	32	12	36	43	13	35	19	50	26	38	49	45	28	2	48	8	22	
On machine	48
4	42	47	6	16	14	32	30	44	41	22	37	32	34	2	48	16	33	39	20	
45	25	1	4	43	16	2	45	49	30	37	30	39	26	2	46	33	45	39	13	
35	38	6	32	9	11	43	17	4	14	45	45	38	5	35	45	44	31	28	43	
4	29	6	6	8	49	34	2	14	2	35	41	19	20	7	48	41	17	49	50	
27	11	46	24	27	26	45	5	43	23	9	6	10	8	4	35	41	11	23	15	
42	19	24	32	35	2	48	29	3	21	11	23	35	37	45	33	42	46	46	24	
26	32	41	5	19	11	22	41	43	5	38	13	47	6	24	3	4	2	34	6	
3	14	13	47	26	32	28	42	47	16	25	41	25	28	30	23	47	3	6	12	
4	16	28	45	29	37	13	50	14	10	27	16	6	38	41	47	17	42	35	43	
29	16	4	3	34	18	22	49	13	17	19	24	44	7	11	32	48	15	40	29	
49	6	5	6	48	3	35	41	15	10	28	38	14	19	7	31	30	28	31	5	
43	14	24	14	6	34	6	9	18	17	9	34	49	24	48	39	43	3	20	1	
27	34	25	48	11	45	7	21	14	27	9	17	13	38	41	28	45	10	27	27	
38	46	21	26	38	13	3	25	16	24	47	48	25	29	28	12	39	8	29	9	
16	43	3	7	27	8	18	35	27	27	23	30	25	10	46	30	32	3	46	22	
28	46	11	26	18	2	15	5	3	2	8	39	50	29	5	33	6	24	29	31	
48	31	17	36	4	44	33	39	39	28	19	23	45	17	3	9	42	45	1	8	
50	50	31	13	7	12	17	46	8	49	13	24	7	31	26	17	37	44	38	35	
34	22	38	48	43	14	7	32	41	2	32	39	35	11	24	25	37	42	24	48	
50	42	17	15	24	5	13	34	6	42	32	7	38	11	43	6	47	13	43	12	
On machine	49
30	44	23	18	47	50	43	24	27	43	26	44	32	17	38	12	6	44	38	21	
21	26	37	47	48	25	46	43	22	6	25	2	45	13	3	19	6	17	38	5	
33	12	42	46	50	15	49	32	32	17	20	29	3	13	38	13	16	40	37	13	
10	15	34	34	16	35	44	41	18	19	26	32	41	22	36	26	30	29	44	32	
49	5	11	1	32	17	27	44	6	20	11	2	13	33	36	48	16	49	46	26	
30	23	2	38	36	5	27	39	25	8	48	22	25	21	17	28	27	24	33	50	
23	33	17	15	29	37	10	25	31	19	50	19	27	46	20	32	21	10	38	31	
5	1	28	17	29	37	12	6	25	20	13	33	29	3	29	16	13	16	11	49	
18	8	49	34	28	21	50	30	8	5	19	23	13	17	39	45	47	41	44	36	
44	19	42	47	36	36	34	13	17	41	41	17	12	41	33	43	50	22	19	9	
44	2	7	19	33	11	48	50	30	20	10	36	43	17	20	30	26	25	21	16	
37	7	5	18	31	21	28	33	41	28	16	48	45	11	16	43	46	37	38	30	
32	48	12	29	47	48	47	25	12	48	39	50	33	43	15	16	21	38	47	5	
10	5	43	26	47	16	2	17	31	16	9	37	8	37	41	37	18	50	25	28	
6	48	28	23	8	6	16	44	15	8	12	23	31	21	43	7	43	7	40	7	
50	46	40	3	28	26	18	49	31	47	18	48	5	44	18	12	9	11	49	15	
3	47	33	11	26	42	20	29	32	42	44	49	26	29	12	47	38	6	49	26	
50	27	16	35	18	14	32	25	5	46	22	38	14	46	18	48	33	23	1	34	
7	10	16	31	36	16	30	34	13	37	21	49	40	38	4	16	29	28	43	35	
20	34	18	41	22	3	49	32	38	18	38	10	40	26	31	10	20	11	8	25	
On machine	50
50	12	38	8	8	7	20	5	4	36	32	7	36	36	42	18	28	21	19	5	
40	5	34	15	9	38	48	47	39	45	35	48	30	20	4	41	43	17	19	13	
27	41	34	26	18	25	18	37	18	38	9	7	29	9	50	22	30	8	23	11	
17	28	12	36	21	18	24	47	32	50	34	16	47	30	30	24	38	11	8	10	
12	31	9	16	13	37	49	12	41	28	48	29	30	40	43	18	37	37	22	36	
20	15	31	22	19	41	45	31	5	40	18	22	35	46	21	50	8	30	50	44	
21	33	44	50	48	42	29	22	46	2	26	5	12	4	42	41	21	29	4	11	
3	42	13	10	9	29	9	48	49	35	9	7	24	35	47	36	22	5	47	29	
25	38	3	34	29	23	39	31	28	32	28	10	32	32	8	43	17	18	30	16	
19	38	32	14	29	46	43	44	34	29	19	17	8	32	37	13	38	5	11	32	
15	42	18	22	33	29	22	14	26	29	12	49	20	41	34	41	49	25	30	27	
37	36	10	24	16	9	33	39	6	30	38	31	50	39	8	25	38	48	45	47	
42	39	46	20	15	34	40	49	41	16	33	11	26	22	28	31	32	25	34	43	
25	12	45	29	49	15	29	27	13	45	31	34	1	41	6	3	1	5	22	39	
31	41	4	33	16	2	5	26	38	49	29	50	21	33	9	20	23	49	27	6	
2	23	28	42	8	4	38	14	13	47	22	31	5	21	42	42	40	49	31	37	
11	31	21	6	9	26	42	13	13	25	40	8	23	24	5	25	49	40	39	44	
16	49	18	47	36	32	40	8	50	19	5	19	47	40	9	4	42	18	40	46	
20	14	31	46	34	32	32	39	16	3	48	9	31	30	23	4	46	18	32	5	
31	27	25	39	6	33	8	39	40	40	17	31	33	40	30	1	45	11	2	5	
