Families	40
Machines	10
MaxSetupTime	50

Number of Jobs in each Family
4	6	3	9	7	2	8	6	4	8	2	8	5	6	5	10	8	8	5	3	1	8	5	2	9	4	6	7	4	8	3	9	8	7	6	9	7	10	7	5	

Jobs in each Family
0	1	2	3	
4	5	6	7	8	9	
10	11	12	
13	14	15	16	17	18	19	20	21	
22	23	24	25	26	27	28	
29	30	
31	32	33	34	35	36	37	38	
39	40	41	42	43	44	
45	46	47	48	
49	50	51	52	53	54	55	56	
57	58	
59	60	61	62	63	64	65	66	
67	68	69	70	71	
72	73	74	75	76	77	
78	79	80	81	82	
83	84	85	86	87	88	89	90	91	92	
93	94	95	96	97	98	99	100	
101	102	103	104	105	106	107	108	
109	110	111	112	113	
114	115	116	
117	
118	119	120	121	122	123	124	125	
126	127	128	129	130	
131	132	
133	134	135	136	137	138	139	140	141	
142	143	144	145	
146	147	148	149	150	151	
152	153	154	155	156	157	158	
159	160	161	162	
163	164	165	166	167	168	169	170	
171	172	173	
174	175	176	177	178	179	180	181	182	
183	184	185	186	187	188	189	190	
191	192	193	194	195	196	197	
198	199	200	201	202	203	
204	205	206	207	208	209	210	211	212	
213	214	215	216	217	218	219	
220	221	222	223	224	225	226	227	228	229	
230	231	232	233	234	235	236	
237	238	239	240	241	

Total number of jobs
242

Processing times of jobs
10	3	8	3	1	7	1	10	4	9	
8	9	7	9	8	5	10	4	7	1	
5	9	3	3	9	4	6	8	5	6	
10	4	10	3	6	3	7	6	5	3	
7	3	7	3	5	5	2	7	1	2	
6	6	2	4	5	2	8	5	3	1	
4	8	6	1	4	3	3	4	5	1	
7	9	4	8	1	1	8	9	9	5	
9	10	6	5	9	3	4	4	8	8	
10	3	3	5	1	3	5	9	5	7	
2	7	5	1	9	10	5	7	9	9	
4	10	1	5	10	7	2	3	4	8	
2	1	3	5	4	7	10	8	10	8	
2	8	8	6	6	9	5	8	1	10	
10	4	1	7	10	7	8	1	3	2	
8	6	1	10	6	6	2	1	10	5	
2	9	7	9	10	1	10	2	9	9	
1	1	5	8	1	2	8	5	5	6	
2	3	6	2	3	10	8	5	1	9	
9	5	3	8	5	10	1	1	2	4	
6	1	5	1	7	3	8	2	5	5	
8	4	1	1	8	3	5	8	10	4	
4	10	4	10	2	5	2	6	10	4	
10	7	7	5	6	9	1	9	9	9	
3	5	7	8	2	8	2	2	6	9	
3	3	7	10	6	1	1	7	10	7	
2	7	8	8	8	2	2	1	4	1	
2	9	4	7	7	6	8	7	7	2	
8	7	7	8	7	3	2	5	3	7	
8	7	9	8	2	7	8	2	8	2	
10	1	6	8	9	9	9	1	3	10	
8	4	3	4	6	1	2	10	7	3	
4	1	3	4	6	2	8	2	10	8	
7	1	7	3	10	4	8	10	6	2	
1	3	7	8	3	5	4	1	9	3	
5	8	2	10	3	8	7	1	2	6	
8	8	6	7	6	6	7	3	2	2	
10	3	1	1	7	6	4	9	8	5	
7	6	4	9	3	4	4	8	4	3	
6	10	5	5	5	7	5	10	8	9	
5	5	3	7	7	1	3	5	2	4	
9	4	1	7	4	4	10	5	7	3	
8	1	10	3	9	7	4	8	9	4	
8	6	7	6	8	8	10	2	7	5	
7	1	4	5	3	5	5	2	6	6	
3	6	1	3	10	2	4	5	10	4	
10	4	1	1	8	4	4	8	6	10	
9	9	10	1	6	1	5	9	6	7	
3	9	2	6	2	8	4	9	4	2	
6	4	5	6	4	9	6	2	9	10	
4	1	10	5	1	2	9	10	8	4	
4	8	4	10	5	5	5	10	5	9	
10	5	9	9	1	6	6	2	3	7	
10	2	3	3	9	9	9	7	4	5	
9	8	6	2	7	7	5	1	7	4	
7	9	1	5	3	10	5	1	6	4	
5	9	3	4	6	5	7	3	7	2	
7	8	5	8	4	8	9	1	3	4	
2	5	6	10	4	1	5	3	1	2	
8	4	8	4	5	1	8	7	8	10	
8	5	4	6	2	1	1	9	6	6	
1	4	3	7	1	10	4	6	3	8	
9	2	3	4	10	6	6	5	9	9	
1	8	4	6	5	9	8	7	4	8	
3	6	7	3	9	10	6	1	10	3	
3	10	10	7	7	2	8	2	6	6	
9	2	9	1	3	9	4	3	9	3	
10	1	8	10	5	2	2	6	6	6	
10	7	8	7	5	8	6	10	5	6	
10	5	9	2	9	4	1	9	10	4	
9	6	6	8	5	7	7	1	10	3	
10	3	6	5	4	4	10	4	1	3	
10	4	2	8	1	2	1	3	10	2	
2	8	2	10	1	9	5	3	1	8	
2	8	6	4	7	2	6	2	6	6	
6	8	5	5	10	4	7	6	9	2	
10	10	9	7	6	3	9	8	1	6	
9	8	7	7	9	7	6	7	6	4	
6	7	1	2	10	9	10	8	2	5	
5	7	7	5	7	1	9	9	7	1	
4	1	7	4	7	10	2	5	10	7	
10	4	7	10	4	5	2	8	8	5	
3	5	10	4	8	4	5	10	7	8	
4	3	2	10	4	4	10	4	3	1	
4	1	7	6	9	6	3	8	3	9	
7	5	6	10	7	5	8	4	6	10	
6	1	1	4	1	1	2	7	10	7	
7	3	1	8	3	9	6	7	3	6	
6	6	8	2	2	9	9	6	6	10	
5	2	7	9	7	3	1	8	2	8	
3	5	4	5	4	7	9	8	6	8	
5	7	10	9	4	5	10	9	9	7	
6	7	4	2	1	4	1	8	10	8	
3	9	5	2	5	6	6	8	8	9	
8	6	9	2	9	7	6	8	2	2	
6	5	7	6	8	10	8	4	1	4	
4	3	4	8	9	4	1	2	10	4	
6	5	6	7	5	10	5	4	10	3	
7	8	6	10	3	2	6	7	4	2	
2	6	5	8	9	6	5	6	6	10	
10	8	9	2	7	10	9	3	10	5	
1	10	2	2	6	9	3	3	1	8	
2	9	6	8	8	6	2	9	2	8	
3	4	10	7	7	1	1	1	7	4	
10	10	1	10	9	4	2	8	6	4	
2	3	4	4	9	7	7	2	8	9	
10	9	6	8	5	9	1	10	9	6	
7	4	6	9	6	2	3	5	9	3	
2	7	1	5	6	5	7	6	10	10	
8	3	7	6	7	6	3	7	4	9	
6	5	8	2	1	6	9	4	6	10	
2	2	10	6	7	8	10	2	10	8	
5	2	10	7	7	2	10	2	3	9	
3	1	5	4	4	3	8	5	2	6	
3	8	8	1	7	4	3	9	3	7	
2	5	7	7	7	10	10	5	10	8	
7	6	10	7	5	4	3	2	7	3	
9	4	4	7	9	3	5	7	5	1	
6	4	9	1	2	9	4	6	9	6	
9	9	2	4	9	4	3	7	7	10	
6	8	8	10	3	7	1	4	1	3	
10	5	2	4	3	1	3	5	8	1	
1	2	2	2	3	6	7	3	6	6	
5	4	6	5	8	9	5	6	7	5	
3	9	7	5	10	4	3	10	8	5	
2	5	1	6	10	9	9	1	7	4	
6	6	1	6	5	7	6	9	9	7	
4	2	3	2	2	3	10	9	5	2	
2	9	9	2	1	9	9	10	2	10	
7	4	4	4	8	7	4	10	5	9	
4	6	8	9	3	4	5	10	1	1	
8	10	10	2	4	8	1	5	10	10	
2	9	4	4	4	8	10	2	1	4	
9	9	5	1	9	10	4	10	5	4	
5	1	3	6	1	9	8	5	3	10	
1	10	2	7	1	2	6	7	10	7	
3	1	4	2	7	4	7	4	2	10	
6	3	2	8	7	9	4	8	5	2	
1	10	9	10	2	8	2	8	5	1	
1	3	7	2	1	7	6	9	7	4	
4	7	9	4	2	1	2	9	6	2	
9	6	10	7	3	10	1	2	10	2	
5	3	10	2	3	9	1	10	9	7	
3	1	10	2	5	1	2	1	2	9	
4	4	2	1	8	1	9	6	4	5	
9	5	5	1	2	8	3	6	3	5	
8	8	3	2	6	9	9	4	3	5	
1	9	2	5	10	4	6	8	7	7	
5	3	9	4	5	3	2	7	8	9	
3	9	5	3	3	6	6	9	4	7	
6	1	4	1	6	7	7	7	1	3	
1	6	4	3	1	9	7	1	1	1	
4	8	4	3	2	1	9	6	4	4	
5	10	7	5	3	3	1	7	3	2	
9	4	1	2	7	3	1	5	3	8	
2	6	2	5	3	7	4	2	3	10	
10	10	9	3	3	6	8	7	5	7	
8	1	1	10	10	1	4	6	2	9	
9	1	9	2	7	2	6	1	6	3	
1	10	10	4	6	1	9	10	9	2	
5	6	3	3	1	10	3	2	6	6	
3	7	4	10	4	3	6	3	8	5	
4	5	1	5	10	1	10	7	5	8	
7	7	7	5	9	2	5	5	1	9	
6	9	2	10	9	10	1	8	8	4	
10	5	9	8	10	2	2	9	6	3	
3	7	5	10	2	2	1	6	9	1	
10	5	9	9	9	9	5	4	1	10	
1	4	7	2	1	6	9	1	2	4	
1	4	7	9	7	7	2	4	6	7	
4	1	9	9	1	7	1	2	1	2	
2	9	3	3	6	9	8	4	1	10	
4	5	3	10	10	2	9	10	2	2	
8	1	3	1	4	2	2	9	6	3	
7	9	10	1	2	2	10	6	9	4	
4	8	9	5	10	2	9	2	7	9	
2	9	8	3	2	2	6	7	4	4	
4	3	3	10	3	4	7	1	10	2	
7	7	5	1	10	9	5	5	10	5	
6	3	7	9	9	7	4	8	8	1	
3	4	8	6	6	6	6	8	5	4	
8	1	4	7	9	2	6	1	2	4	
10	10	3	4	6	4	9	5	6	3	
1	9	3	7	9	5	1	4	7	5	
5	6	3	3	6	10	5	5	2	3	
5	8	9	5	10	5	8	9	3	9	
9	7	8	2	10	5	2	6	2	9	
9	1	6	1	7	5	3	7	3	5	
2	7	3	5	8	3	10	5	4	1	
3	7	5	1	3	8	4	5	3	8	
1	4	4	2	9	1	6	7	4	4	
10	2	3	7	10	4	6	5	3	3	
3	3	4	4	4	6	7	1	6	2	
8	9	4	7	6	8	4	6	3	8	
6	6	5	2	3	5	4	5	10	8	
1	3	4	6	4	8	1	10	9	7	
9	7	10	1	1	1	7	3	2	7	
7	10	7	8	8	4	3	8	8	1	
5	7	8	7	4	9	5	6	6	2	
2	5	9	1	9	2	7	2	2	2	
6	7	7	2	7	6	4	8	5	1	
9	8	8	10	4	7	7	8	9	6	
1	7	2	7	2	5	5	7	7	6	
9	2	6	6	7	7	8	4	7	3	
2	2	10	10	5	1	8	1	2	2	
6	9	10	9	1	7	5	10	7	1	
8	10	2	3	3	5	5	3	7	7	
7	4	7	1	5	1	7	3	1	4	
10	10	3	9	4	10	1	7	4	5	
2	5	9	8	9	1	10	7	4	5	
9	6	1	6	10	9	8	4	8	8	
6	6	1	1	5	10	10	2	4	7	
6	10	7	3	8	2	8	9	4	1	
9	10	8	3	10	6	2	2	2	2	
8	3	6	1	8	7	8	7	6	7	
1	8	9	9	4	10	9	9	3	1	
5	8	5	3	6	1	3	2	1	6	
10	3	3	10	1	1	10	4	8	7	
8	4	8	6	3	9	5	5	4	8	
1	1	4	6	4	8	8	10	1	7	
3	4	7	6	7	8	2	4	4	9	
7	4	4	9	3	5	2	4	1	9	
6	4	7	6	8	10	9	3	3	3	
4	10	3	7	6	10	4	7	4	6	
1	1	3	10	2	2	7	7	6	6	
4	4	6	3	1	3	2	3	5	7	
7	6	7	4	2	10	7	1	1	2	
5	10	2	4	1	5	6	3	10	7	
6	5	4	5	3	2	6	10	3	7	
7	7	3	4	1	9	8	5	6	7	
9	3	7	6	1	8	9	9	4	1	
10	10	7	1	3	4	4	6	7	9	
2	6	10	2	5	9	8	4	2	3	
7	1	8	5	2	8	8	10	9	2	
4	3	1	6	2	6	8	3	9	7	
7	10	6	1	1	4	3	6	10	1	
2	5	10	5	10	8	5	2	2	1	
1	9	9	4	7	4	10	8	1	2	
1	4	3	4	8	9	6	1	1	1	
10	1	5	10	3	9	6	10	4	3	
7	1	9	9	1	4	5	6	5	8	
2	10	9	8	8	3	10	6	5	6	

Stepup times between family, where [f][f] represents initial setup time
On machine	1
43	38	21	14	5	49	37	36	49	21	30	48	14	24	27	50	41	15	37	39	36	31	10	10	29	31	20	40	27	12	21	20	9	41	24	13	34	10	22	6	
7	23	24	13	17	24	4	13	36	1	26	1	9	27	23	25	9	4	9	25	49	40	48	47	44	33	25	9	48	10	28	37	31	4	13	3	44	22	34	9	
40	34	36	12	31	50	36	35	4	19	19	30	31	15	13	49	11	5	45	7	28	35	35	1	33	44	34	25	34	22	11	15	9	7	36	45	28	29	44	10	
5	15	13	1	29	35	36	36	19	36	16	15	29	13	6	5	46	14	33	42	50	33	7	42	31	28	26	46	1	33	21	5	43	13	36	41	26	30	28	1	
26	25	29	23	34	19	17	9	13	33	31	22	22	5	36	39	19	14	18	12	8	44	4	39	18	46	36	25	29	31	37	17	15	9	21	48	4	5	14	23	
8	43	30	23	22	29	15	49	28	41	13	40	2	48	4	29	26	3	30	42	23	50	5	14	25	22	50	12	16	30	41	17	22	14	3	18	1	36	50	37	
35	18	35	30	44	14	39	38	6	22	8	7	36	24	3	1	9	26	40	29	26	13	24	45	29	42	23	12	14	42	24	30	20	41	50	10	14	3	5	47	
27	36	16	30	10	20	34	29	14	4	18	29	39	48	4	8	12	26	32	23	14	8	5	35	6	28	41	5	35	43	28	20	29	43	9	48	37	14	46	17	
2	45	21	5	13	19	22	8	14	49	32	13	12	14	29	32	1	12	22	6	41	7	15	41	20	14	23	15	6	26	3	35	19	30	6	44	18	17	48	36	
37	16	2	24	31	8	39	32	9	47	1	32	42	8	7	26	33	26	39	22	30	23	30	21	38	31	44	49	48	20	43	31	27	38	11	46	3	14	14	43	
19	36	5	25	17	19	21	3	38	41	10	44	7	46	25	38	47	1	44	13	10	4	29	37	32	20	5	30	27	27	30	17	5	22	42	7	23	6	39	35	
16	43	17	8	46	24	38	12	16	44	30	27	42	22	13	22	14	2	35	35	1	37	42	36	9	5	23	34	10	36	42	32	48	32	50	15	8	20	30	26	
9	32	15	48	9	48	16	50	39	43	47	24	15	48	14	5	22	7	30	21	23	6	26	18	35	36	37	2	11	5	36	30	36	8	16	21	18	25	28	13	
45	43	41	31	47	12	40	2	48	37	4	16	2	46	37	40	1	1	30	37	50	46	36	21	45	4	7	30	31	49	50	40	23	2	10	45	12	7	11	18	
31	42	26	30	20	46	28	4	8	7	12	10	5	21	3	48	24	21	32	21	19	8	21	11	23	27	48	45	41	49	17	36	36	7	40	50	2	12	43	34	
37	14	14	1	2	31	40	21	26	32	40	45	7	1	4	14	41	37	15	24	20	29	38	24	41	2	37	46	20	11	35	11	38	19	22	25	17	37	44	4	
49	45	17	31	6	39	24	32	33	1	33	40	8	8	24	48	3	26	39	38	8	12	38	42	14	3	24	34	30	16	32	18	15	34	45	6	10	36	3	20	
49	40	31	8	4	29	49	27	13	13	12	41	10	4	30	38	20	46	27	34	33	3	41	3	1	18	13	4	25	20	20	7	37	14	43	46	12	17	46	39	
19	30	27	41	43	20	10	25	48	27	31	39	35	40	5	27	43	12	29	41	26	7	10	5	46	17	26	47	15	3	8	37	2	10	35	13	11	32	43	26	
45	27	23	23	29	23	39	21	44	28	32	11	12	37	17	50	20	25	22	8	33	50	7	45	23	35	17	7	18	26	25	16	28	19	5	22	19	22	48	3	
50	9	2	40	38	38	18	9	49	50	1	15	29	37	38	14	16	15	34	43	33	1	10	9	46	13	34	46	14	4	2	13	8	1	7	27	35	35	29	20	
32	24	12	22	45	36	5	3	4	7	5	43	8	39	17	10	35	35	4	22	24	45	29	2	45	26	23	10	7	39	30	7	12	31	13	1	18	29	1	18	
41	44	42	13	23	15	33	41	43	9	14	40	41	24	8	50	33	47	47	10	22	20	24	27	4	48	7	18	46	37	28	37	36	49	49	48	1	24	42	12	
10	4	41	21	12	10	1	44	17	50	11	44	40	37	14	3	24	33	41	27	21	13	37	21	3	3	44	15	32	11	45	45	24	42	48	15	28	8	46	20	
13	47	23	37	23	4	5	19	26	18	50	45	24	21	8	2	18	10	13	23	20	13	4	47	4	8	46	37	19	28	41	13	34	26	8	22	23	23	10	16	
7	14	21	16	1	40	46	3	35	19	43	26	10	17	37	10	42	13	36	10	21	15	34	45	13	11	22	3	44	20	29	10	30	19	36	9	41	23	15	42	
43	40	48	46	12	45	3	13	14	10	37	9	1	34	20	41	44	27	40	45	9	1	43	16	42	28	45	44	36	20	3	36	8	36	44	7	23	47	2	37	
35	41	44	10	8	47	35	37	35	20	38	27	25	32	44	6	13	28	30	35	30	29	43	19	21	43	9	4	43	20	10	46	12	13	40	4	37	37	16	28	
44	22	18	19	36	26	48	48	25	28	40	7	5	4	18	9	14	2	33	19	47	25	50	45	50	8	34	30	43	10	16	13	13	9	47	23	45	48	34	27	
18	5	32	48	11	46	4	28	39	45	49	15	38	27	15	18	50	43	43	10	25	13	29	43	41	19	3	24	23	19	11	8	50	40	42	10	35	4	50	27	
28	18	28	11	18	5	43	38	30	46	15	17	38	11	48	11	33	35	12	6	10	16	6	9	36	49	37	35	21	40	4	33	14	34	49	16	30	12	28	34	
4	37	42	18	36	30	4	17	10	49	25	16	7	6	42	31	11	34	10	26	15	8	28	31	5	49	3	6	37	33	27	42	46	38	13	26	40	5	14	35	
11	12	27	32	13	25	34	12	20	30	8	1	12	8	10	20	29	17	2	20	39	20	21	39	32	27	21	37	44	16	39	6	41	15	14	25	5	23	38	14	
27	25	13	28	33	33	21	4	48	36	27	43	14	33	1	13	5	14	45	39	29	22	50	13	37	32	23	10	42	16	1	5	6	26	49	14	7	5	5	18	
32	14	5	2	6	3	25	12	14	44	14	45	23	21	38	5	26	14	50	36	3	41	15	4	15	26	49	22	28	28	3	32	38	28	39	30	38	46	12	28	
38	14	47	8	35	40	46	43	33	38	28	47	24	43	24	42	38	31	19	9	34	34	21	17	8	32	30	27	11	45	31	11	1	13	38	48	1	45	44	13	
17	32	32	42	14	35	9	8	46	4	12	32	13	35	3	25	35	37	4	7	46	19	47	47	11	2	7	6	35	47	42	2	30	19	16	3	2	31	27	20	
3	25	3	11	24	49	9	19	3	26	39	12	16	26	32	22	34	23	41	4	33	11	19	3	17	4	23	40	45	40	25	39	45	16	13	34	10	41	31	17	
44	49	35	48	29	7	2	38	26	14	11	14	8	11	27	22	42	22	22	35	22	32	48	23	47	9	20	30	20	12	43	41	24	24	9	22	50	28	13	24	
10	46	44	22	31	40	30	37	4	47	22	45	15	9	35	43	3	45	35	9	4	3	27	18	36	24	14	19	49	22	2	48	2	24	15	34	23	3	4	7	
On machine	2
35	30	2	14	27	32	46	20	19	32	31	18	38	15	41	37	3	38	33	12	17	8	12	8	27	29	20	24	27	8	38	14	8	49	25	10	45	18	9	6	
3	11	8	2	2	13	13	5	47	39	29	49	46	46	12	31	30	7	30	8	20	50	25	42	7	13	29	16	29	31	27	11	39	46	38	16	12	13	39	25	
3	18	11	19	5	48	4	21	31	24	49	26	32	38	7	19	11	2	41	20	42	10	42	4	41	26	32	31	30	46	2	15	15	25	31	27	38	4	6	10	
9	12	47	3	36	29	22	42	8	50	44	36	14	37	30	10	42	30	32	48	8	15	33	30	1	25	29	35	17	35	44	47	21	19	40	4	42	11	27	16	
22	50	32	24	22	24	12	11	39	14	50	12	12	12	7	10	4	26	36	31	5	47	12	27	22	22	15	37	22	3	43	25	18	18	32	44	24	49	47	42	
37	33	41	46	14	34	4	22	45	49	44	4	21	35	24	49	48	27	6	35	27	12	36	11	35	37	29	10	17	50	24	15	41	33	39	3	20	29	11	8	
35	4	27	3	48	26	18	23	21	36	42	3	10	35	37	17	9	21	1	46	9	31	44	46	48	42	10	10	3	20	34	34	20	33	31	36	31	15	11	13	
45	34	15	16	2	9	11	5	20	24	8	6	18	29	17	36	45	45	27	47	9	30	50	6	2	25	22	8	44	45	47	37	4	15	7	15	26	39	45	29	
24	13	11	41	31	11	5	35	16	34	11	50	20	27	12	15	46	46	4	40	50	10	30	12	7	21	23	3	43	17	2	48	44	40	6	7	2	14	33	46	
41	28	33	35	14	33	19	24	24	21	12	18	36	8	36	46	35	11	47	14	10	21	17	49	50	23	18	20	9	50	36	9	9	7	34	8	14	44	49	12	
41	38	40	4	48	17	1	50	11	33	4	31	21	38	19	14	9	27	38	17	10	50	21	13	1	12	36	38	46	49	22	4	48	6	27	49	17	4	50	8	
17	19	16	25	20	32	26	37	37	23	13	7	13	2	14	37	31	39	47	11	42	14	16	11	34	22	14	41	37	38	28	2	40	15	9	41	4	9	29	49	
15	18	15	3	25	17	7	46	42	31	6	2	29	26	44	44	16	48	23	5	42	18	50	24	43	40	9	6	42	46	22	27	45	29	36	44	12	11	28	16	
15	20	5	23	42	47	46	13	19	45	32	16	17	5	40	42	38	49	27	43	35	14	16	27	35	38	35	38	12	3	49	4	22	47	21	30	15	41	36	24	
14	16	11	24	13	37	50	33	19	17	44	18	41	17	21	7	2	48	33	25	10	30	6	27	43	22	8	38	11	30	20	33	14	4	19	10	45	43	49	26	
30	18	29	8	20	30	39	12	27	10	31	13	1	43	20	9	20	3	7	10	28	37	48	10	27	33	25	34	11	8	49	1	9	8	31	46	13	8	22	28	
1	27	38	6	20	3	24	30	14	8	42	7	32	11	35	24	18	49	19	30	3	12	6	35	47	2	44	10	18	22	46	46	32	48	33	33	37	23	38	9	
5	44	31	3	46	2	5	29	23	4	23	15	28	41	37	2	43	12	44	34	6	31	39	49	11	16	10	4	31	44	37	39	8	17	41	6	24	5	22	44	
48	18	9	28	8	1	17	11	39	41	35	38	27	33	49	38	2	47	23	19	25	11	30	36	29	50	10	26	24	13	14	21	17	25	4	13	44	22	44	15	
25	13	27	12	7	32	15	30	7	32	44	6	17	42	26	47	21	18	30	18	50	2	24	6	17	45	38	42	8	4	20	32	12	40	32	26	19	44	20	25	
38	31	25	33	9	20	12	15	43	30	30	36	42	31	18	44	10	25	47	34	28	31	50	17	4	21	27	6	17	8	25	4	29	20	10	10	29	34	3	11	
30	31	46	26	9	27	7	3	43	18	38	13	30	16	19	37	36	42	37	49	14	20	1	17	28	12	6	29	22	12	47	35	44	28	30	9	39	15	29	1	
31	7	29	26	4	1	25	8	5	43	27	21	5	8	43	50	10	4	4	12	45	39	45	30	31	23	49	2	49	22	34	12	11	1	26	46	38	28	2	41	
34	26	40	15	14	19	26	3	18	17	46	22	19	15	50	9	34	7	35	33	10	43	11	20	22	5	25	33	29	5	5	9	20	46	37	26	34	16	37	1	
5	3	35	13	31	5	6	36	39	2	33	7	41	39	23	23	46	46	6	35	36	45	33	17	7	32	24	41	41	17	3	1	35	22	50	30	49	42	41	20	
45	12	41	39	4	22	29	40	45	46	5	43	50	30	5	22	22	28	47	45	10	33	40	44	41	27	38	20	17	6	21	33	44	26	20	18	20	28	9	27	
20	14	40	9	3	11	28	47	18	29	38	4	40	20	6	13	35	17	30	37	10	31	10	39	46	19	10	6	2	43	13	8	32	2	2	21	40	40	9	2	
8	14	12	17	25	19	10	13	33	5	27	25	16	30	8	50	12	22	1	32	37	28	15	39	14	17	29	47	38	26	7	7	24	38	50	19	8	36	7	1	
33	2	42	21	3	33	11	32	5	19	1	44	36	50	24	46	3	26	19	34	36	37	2	3	40	16	29	33	9	42	13	29	36	16	42	10	34	5	5	50	
37	43	50	16	6	33	27	49	43	15	46	11	25	13	33	26	33	35	26	34	5	49	9	21	25	30	10	4	28	17	41	1	20	9	47	3	3	9	48	12	
26	37	42	44	28	29	45	1	40	3	25	31	39	10	2	33	22	9	21	11	49	48	47	1	39	47	39	49	37	8	36	38	13	1	24	46	26	34	48	5	
8	29	34	42	48	12	43	48	19	8	45	10	25	26	3	19	34	4	24	45	20	33	30	29	3	39	13	41	41	20	44	41	47	22	6	30	17	34	8	15	
16	14	29	15	13	37	4	42	47	16	22	5	23	19	37	45	45	18	21	6	18	16	23	45	27	41	49	30	7	8	22	47	18	46	23	6	23	36	37	1	
45	34	4	43	29	21	19	24	44	38	30	46	8	22	5	34	45	24	17	20	28	20	40	14	31	40	39	8	3	16	47	41	15	17	8	11	12	30	41	39	
22	44	29	26	9	17	41	17	8	45	17	2	39	30	35	41	9	32	48	41	3	39	40	20	12	46	40	11	38	20	5	49	39	23	34	32	1	34	48	46	
34	1	2	31	31	37	16	27	24	36	46	7	46	7	15	19	17	39	3	45	31	8	8	45	6	46	1	23	40	12	30	40	8	28	49	34	14	18	34	11	
25	21	33	33	12	29	20	46	28	36	34	47	7	7	22	48	25	25	20	38	45	23	42	17	17	7	19	35	29	50	13	31	29	22	11	49	2	14	1	17	
20	19	30	49	4	21	28	4	12	34	14	33	20	25	19	38	50	45	12	7	16	41	29	13	1	24	22	29	41	40	36	12	33	18	13	37	43	12	20	7	
29	45	12	12	31	31	41	18	21	9	2	44	13	18	21	21	29	22	18	13	7	15	23	6	13	2	49	34	36	37	11	7	39	41	20	16	15	50	22	25	
9	25	34	18	41	49	7	39	2	29	45	45	23	19	31	15	37	43	32	6	47	27	38	25	43	23	43	11	32	32	18	26	17	35	23	42	11	19	4	30	
On machine	3
43	50	28	11	18	7	43	38	33	48	30	33	17	46	15	5	25	39	47	44	50	2	25	1	45	39	50	20	20	48	43	28	50	11	20	3	50	22	45	29	
10	26	31	12	14	35	20	21	16	28	15	40	25	6	45	7	45	18	31	3	46	38	13	11	22	42	47	35	39	3	48	48	37	44	21	6	40	12	27	15	
6	44	30	6	40	29	9	42	26	45	8	19	19	38	14	34	50	36	16	36	35	35	21	31	4	21	4	29	50	38	15	10	10	25	33	14	23	20	9	4	
8	32	9	15	29	30	18	11	41	24	35	26	7	27	2	42	18	35	49	33	11	8	41	1	43	50	50	15	22	1	2	7	8	42	38	23	9	46	34	18	
43	46	10	16	29	10	29	2	34	4	35	32	2	5	46	20	10	36	50	41	17	34	8	28	41	28	3	10	22	6	29	20	48	13	35	17	15	27	47	45	
26	19	19	49	16	45	42	12	9	49	44	44	21	2	2	3	29	26	23	19	14	35	30	45	4	43	29	2	33	10	20	46	16	17	13	10	27	13	1	34	
42	41	39	32	23	43	31	23	30	41	4	49	36	14	20	22	12	47	47	37	43	17	7	32	16	24	37	12	23	4	36	9	46	9	33	28	50	38	39	8	
41	40	23	21	48	22	40	10	36	47	39	22	22	43	14	42	43	19	16	32	46	44	19	4	21	47	24	11	6	38	38	45	26	29	19	16	35	13	8	38	
38	35	22	36	31	22	14	32	38	42	2	13	35	28	5	9	40	13	4	2	29	49	2	11	24	4	9	37	17	4	35	43	13	10	34	24	13	28	34	24	
11	45	24	29	17	27	29	42	12	11	40	9	45	50	5	2	2	20	3	43	5	19	21	18	39	33	18	3	3	26	4	10	14	38	21	11	10	1	26	38	
32	36	30	2	38	15	12	29	23	32	29	21	40	30	43	12	25	40	14	48	12	30	2	21	39	10	2	12	49	26	35	39	46	24	12	34	34	15	2	8	
24	4	6	23	37	44	26	49	27	31	31	18	43	16	13	26	36	6	46	23	44	21	26	42	5	33	19	7	42	31	32	42	44	50	49	49	35	24	28	4	
41	48	23	32	29	19	33	22	27	33	25	17	15	29	26	37	39	8	5	33	3	28	27	50	45	14	12	41	30	35	13	32	50	49	47	5	10	37	39	24	
26	10	43	14	8	23	26	14	19	20	28	10	5	49	43	30	8	11	7	29	15	34	41	39	1	14	25	7	42	25	19	33	1	26	14	25	12	39	18	41	
35	32	48	5	48	1	1	16	11	44	37	27	20	42	31	7	41	39	31	5	40	47	22	5	45	30	20	19	38	33	11	27	46	13	13	1	16	17	44	35	
9	19	19	37	40	44	36	22	47	18	45	37	5	1	48	28	33	11	44	47	27	44	22	21	1	35	34	2	49	27	11	41	20	35	24	29	20	50	33	1	
25	43	15	27	21	9	40	1	48	45	31	21	4	15	21	14	3	5	35	20	5	18	9	33	1	2	22	6	13	13	8	34	47	14	30	41	19	4	40	5	
41	1	24	50	11	42	50	14	36	13	36	49	15	37	24	10	23	33	17	11	12	4	15	6	41	13	5	23	49	40	47	19	26	33	10	3	5	36	31	47	
7	21	25	30	23	48	35	7	10	24	15	25	31	21	39	17	17	5	22	12	44	18	19	47	19	30	23	20	9	21	46	27	30	13	41	46	26	42	39	21	
19	5	25	3	4	1	46	41	45	3	30	4	22	34	40	39	18	39	19	17	37	20	15	20	26	40	22	6	35	2	13	2	17	33	16	47	19	50	18	35	
25	18	42	21	45	34	38	40	47	35	48	47	7	5	31	12	42	25	47	19	22	8	29	22	22	24	37	8	8	28	44	22	11	15	42	14	30	50	1	5	
24	17	43	45	19	32	21	9	31	26	9	14	45	1	45	48	12	29	35	48	10	36	45	14	45	34	7	18	5	35	26	4	34	25	24	42	21	37	17	32	
15	45	5	19	28	15	32	26	12	44	7	19	43	22	3	27	20	43	17	19	25	35	47	7	47	5	41	38	15	28	38	6	7	13	7	7	47	18	23	38	
44	16	2	45	43	5	13	37	30	17	46	18	31	9	17	27	28	21	1	11	17	11	14	34	40	11	17	46	11	18	43	17	4	47	35	16	18	45	29	9	
4	4	33	1	21	2	38	34	42	2	14	27	17	35	19	24	31	42	42	32	5	36	18	19	12	42	38	4	35	17	21	44	39	21	4	19	10	31	34	28	
16	6	5	36	7	9	48	14	13	41	28	24	31	37	31	40	21	13	48	33	41	47	6	23	23	5	42	17	39	5	39	38	37	46	2	25	14	34	21	25	
46	39	28	6	42	30	44	19	27	20	29	31	2	9	18	24	17	32	9	29	21	40	48	14	20	31	8	14	49	23	21	40	24	42	22	7	7	17	27	14	
31	40	26	33	29	29	23	49	36	18	6	43	40	3	28	19	35	48	1	40	33	13	11	16	3	1	14	20	40	18	36	25	3	42	43	30	8	9	14	36	
31	19	38	50	2	25	3	5	3	30	38	41	41	11	42	27	50	35	16	32	47	26	1	39	28	10	36	42	50	26	3	7	16	20	28	27	5	39	48	38	
35	26	1	48	4	23	10	39	26	1	27	31	31	23	44	45	19	7	10	42	40	17	33	27	27	23	48	4	35	4	4	7	35	45	3	36	32	36	48	23	
31	42	9	35	19	23	1	41	28	10	3	11	46	12	3	27	46	12	47	17	4	26	23	16	26	6	38	5	9	50	31	18	7	42	43	47	34	18	46	31	
3	47	2	25	47	26	46	34	11	37	24	17	35	1	42	45	15	37	31	22	11	30	11	22	3	2	48	42	31	22	1	28	19	23	48	30	40	12	5	48	
39	35	45	47	33	33	17	21	26	18	38	34	12	6	5	18	38	43	14	28	37	31	35	34	44	36	35	18	33	41	27	4	11	7	23	45	40	28	20	33	
47	11	22	34	32	4	49	7	23	7	33	33	44	36	13	39	27	41	2	24	8	42	40	28	45	17	29	3	16	42	43	14	43	44	3	11	41	43	35	7	
6	21	38	28	14	42	9	17	38	17	27	37	2	31	10	6	41	49	39	50	19	36	37	17	34	49	37	23	15	19	42	33	38	33	16	34	33	47	17	42	
8	34	5	37	35	46	50	26	4	18	21	1	8	45	24	6	11	21	19	14	31	25	16	17	15	34	30	48	3	3	25	25	4	27	11	15	14	6	25	23	
14	6	5	9	21	42	20	37	10	27	30	21	3	48	14	18	37	40	25	33	11	33	17	13	30	35	19	24	43	50	45	10	26	36	25	33	25	10	39	43	
4	34	46	16	21	8	40	32	15	40	7	1	9	50	1	15	8	18	21	39	35	15	38	17	13	33	37	29	30	4	4	18	31	22	7	24	17	18	1	26	
30	26	29	27	36	4	32	24	5	46	30	23	4	30	25	26	46	49	37	24	40	44	8	35	30	18	28	40	6	8	27	10	44	44	13	49	22	35	3	49	
32	17	14	4	31	40	28	2	46	36	45	20	48	23	14	40	1	11	20	6	29	4	1	10	33	17	42	33	14	21	19	28	36	17	25	34	49	18	2	7	
On machine	4
39	35	37	43	5	8	44	6	10	1	48	27	11	43	12	27	26	26	29	14	15	1	3	50	31	6	6	2	39	40	33	28	27	32	33	7	35	50	33	49	
12	14	10	26	10	35	37	25	29	42	22	38	25	45	50	41	5	22	15	49	2	21	43	40	13	33	29	35	40	7	27	19	13	30	14	9	42	19	37	22	
30	6	19	38	24	8	30	28	34	6	2	27	23	7	16	10	35	29	16	2	2	6	19	13	26	33	33	48	1	4	48	45	16	31	12	26	43	38	40	34	
40	10	10	4	9	34	5	4	39	46	34	12	48	27	16	45	50	24	21	27	19	13	15	27	46	48	35	27	18	13	9	30	1	50	26	20	5	9	23	8	
27	49	14	8	10	36	2	27	37	9	16	33	47	36	22	5	26	40	39	17	36	33	7	8	4	27	31	46	10	25	29	44	38	50	43	9	26	5	6	21	
10	7	41	48	10	11	1	4	32	11	44	40	2	16	45	23	13	27	31	50	50	2	9	34	11	36	45	8	27	27	49	48	44	12	5	2	4	28	33	44	
45	22	23	26	22	41	16	25	7	13	30	31	16	9	16	38	30	26	41	43	20	6	23	5	3	42	25	49	43	18	7	5	44	25	2	24	10	26	17	3	
41	46	20	19	44	15	28	18	13	9	49	23	24	26	16	34	11	13	31	8	27	21	20	34	12	8	34	46	25	41	11	47	41	13	5	10	18	21	8	39	
50	29	48	23	46	37	15	36	45	11	13	45	12	18	18	41	13	38	28	11	3	41	32	9	28	19	31	39	47	25	31	41	3	14	23	23	47	25	6	46	
9	47	48	44	9	25	31	11	45	27	47	9	50	25	32	42	44	5	34	50	49	44	34	25	31	49	14	24	50	10	16	12	4	2	4	12	14	47	20	46	
11	40	12	10	31	45	35	8	37	8	49	32	3	36	2	37	27	13	22	40	48	29	23	49	17	15	33	7	8	43	18	11	29	20	9	49	42	20	38	17	
14	7	38	2	42	21	5	29	6	1	18	1	5	3	48	20	19	25	11	4	17	3	2	1	19	10	1	11	46	20	25	37	12	48	8	44	15	7	3	5	
42	28	5	26	22	7	39	25	19	23	47	2	47	13	13	46	50	26	21	13	10	26	37	20	50	47	13	8	24	7	1	49	12	44	27	10	43	41	19	37	
31	1	46	41	4	11	43	4	36	18	29	20	5	7	43	12	19	28	1	2	48	3	27	20	28	46	25	43	40	21	5	30	23	21	17	37	29	22	39	16	
49	21	26	1	21	11	12	13	9	30	43	8	26	50	16	33	46	18	43	20	2	4	22	36	28	4	6	22	11	7	10	11	37	49	38	31	40	4	7	23	
37	12	25	21	50	41	20	9	47	7	47	45	32	6	35	6	12	39	21	42	41	21	4	38	46	38	21	25	46	14	44	7	39	47	7	8	32	4	5	32	
50	7	26	28	5	16	28	18	50	24	36	17	39	9	1	5	44	10	6	13	26	33	10	9	14	35	43	17	45	10	10	11	30	28	50	43	5	7	48	45	
37	6	16	6	31	22	37	49	17	44	27	41	19	48	34	1	23	24	27	26	40	41	37	24	44	33	17	34	39	1	13	22	30	39	17	33	44	37	25	29	
20	28	31	22	50	41	17	46	15	4	46	22	42	23	7	40	42	1	8	23	22	2	25	7	15	18	14	11	42	37	26	15	17	22	23	2	33	48	19	26	
12	28	35	37	26	22	7	27	2	32	7	38	2	46	32	23	8	49	9	45	13	11	27	24	36	10	20	11	21	10	17	50	24	18	37	28	17	14	27	19	
2	6	10	44	18	26	4	47	2	25	6	30	47	32	9	31	49	44	12	46	31	5	11	2	1	6	40	16	20	13	21	37	17	47	9	37	43	12	31	3	
19	36	21	34	30	40	47	48	25	23	27	7	29	45	26	16	37	19	44	23	40	35	19	28	48	28	24	27	6	37	45	6	6	34	36	27	43	37	5	8	
21	33	32	22	38	7	6	16	26	46	7	48	13	32	22	14	13	44	40	8	11	15	42	5	4	38	17	36	43	37	2	42	42	18	11	42	49	1	19	11	
50	16	5	23	30	26	20	23	47	29	36	18	34	25	4	1	33	42	33	38	6	48	13	34	35	30	17	4	22	11	24	4	25	2	44	9	31	15	32	16	
18	5	13	19	47	39	13	35	39	1	43	6	10	6	14	43	34	29	43	36	18	29	24	45	14	44	25	20	28	3	14	2	46	14	7	22	11	33	50	13	
45	39	38	33	34	38	14	25	42	34	3	32	33	38	35	12	11	48	41	3	12	9	11	45	17	22	41	23	50	23	27	28	39	33	14	30	38	33	43	13	
47	38	33	6	21	14	30	2	8	23	49	2	36	46	11	17	21	17	47	31	41	2	16	32	27	39	46	30	4	11	38	19	42	4	18	47	7	38	1	1	
35	15	17	43	21	34	17	39	28	14	18	44	3	12	20	5	41	25	3	50	16	31	49	41	27	39	48	48	9	50	4	15	42	27	13	41	28	16	48	6	
41	45	12	17	4	16	25	1	31	29	5	39	38	33	43	21	39	15	7	34	24	14	23	34	34	8	49	18	33	30	11	20	49	30	11	16	30	49	44	25	
8	30	12	46	20	22	44	21	33	6	1	45	10	47	2	42	40	35	38	30	43	14	13	27	16	18	40	50	9	15	48	38	22	36	10	7	42	6	29	26	
27	25	24	7	20	19	40	22	34	34	15	8	8	21	6	14	36	12	2	4	8	31	7	22	24	27	45	3	31	13	11	22	10	24	42	19	6	30	1	16	
20	27	21	25	3	31	15	41	3	43	23	49	39	34	13	4	24	48	16	42	42	47	15	33	1	16	36	13	7	31	40	37	12	25	39	40	42	18	45	25	
50	6	17	11	9	40	25	7	45	27	21	35	16	29	36	24	50	35	22	46	26	34	22	4	10	18	36	16	8	29	39	12	6	40	47	41	6	35	3	50	
15	17	19	16	14	2	5	6	27	34	12	35	49	30	18	3	27	39	36	37	33	31	1	22	18	4	27	10	29	18	17	44	5	35	44	33	32	2	31	22	
43	22	27	23	5	29	40	12	8	19	1	23	20	7	9	43	15	21	1	20	23	41	10	50	30	13	4	32	26	8	2	1	10	1	48	22	1	44	45	12	
38	21	47	34	44	34	32	12	36	17	27	50	7	18	27	48	42	20	49	46	7	47	24	14	26	12	27	32	36	42	24	21	27	23	50	44	24	23	1	38	
33	35	2	4	19	40	30	30	28	12	27	35	46	46	14	46	20	13	47	21	49	36	48	4	49	38	42	37	10	48	28	1	31	12	3	28	25	43	26	16	
16	38	46	31	18	39	47	5	25	27	32	1	50	7	48	7	34	46	12	19	7	3	41	15	43	48	35	2	48	50	4	20	36	49	16	17	8	8	31	21	
17	31	35	35	14	49	23	12	42	44	11	28	31	8	10	16	1	33	12	27	30	36	18	23	50	23	9	10	14	27	23	38	3	15	30	47	19	13	25	9	
42	34	17	47	36	6	15	37	12	44	31	44	9	47	35	14	43	8	25	39	50	45	10	33	11	36	6	43	49	38	6	31	44	29	1	18	4	42	24	13	
On machine	5
20	49	17	12	48	24	50	14	26	43	34	34	38	29	50	14	22	42	43	17	36	4	27	11	2	16	23	8	17	45	36	6	22	50	4	38	21	28	40	18	
17	5	36	4	46	24	38	24	8	17	9	16	21	7	9	4	4	17	40	30	50	27	11	39	13	12	50	5	33	38	6	35	40	9	25	18	28	49	48	45	
48	9	49	15	33	48	41	31	19	41	23	17	39	12	16	14	40	7	26	1	18	13	13	36	3	28	5	10	4	7	32	43	37	27	49	13	36	11	27	38	
23	42	34	23	39	41	27	8	13	34	42	42	36	17	44	41	4	17	13	46	23	19	44	7	5	47	18	36	4	18	47	21	12	17	33	25	37	8	44	22	
35	45	12	16	5	4	1	38	46	23	25	40	8	30	7	43	15	11	5	21	16	13	31	18	33	41	43	6	9	33	15	20	8	43	31	38	12	3	1	10	
44	6	1	4	44	48	35	43	39	29	49	41	46	26	6	37	35	6	19	41	46	36	10	16	1	44	4	28	26	29	47	48	18	40	33	37	21	10	38	18	
46	8	10	1	19	15	42	20	21	35	36	12	12	35	40	10	23	38	32	16	9	35	40	15	6	27	41	18	1	4	13	19	26	32	10	32	46	33	50	45	
6	43	40	45	10	35	41	11	12	8	23	27	2	26	42	28	33	25	12	21	20	20	23	32	19	38	33	13	37	4	22	27	3	37	49	36	45	36	20	35	
11	16	6	32	31	34	12	10	33	46	25	44	24	8	30	33	9	16	30	33	39	44	38	42	18	40	36	33	21	6	41	44	37	50	10	14	20	10	40	39	
25	36	33	41	42	9	6	23	3	10	41	12	28	16	1	5	39	26	35	27	34	3	16	42	4	29	35	33	48	40	46	5	18	49	17	4	29	21	30	3	
23	8	24	7	19	12	31	31	23	7	21	46	2	48	8	1	17	7	40	25	42	8	34	50	9	7	17	13	30	22	31	5	38	6	13	36	48	41	40	45	
25	40	41	12	14	13	39	2	17	46	41	37	33	43	50	43	26	27	3	6	41	45	29	14	34	35	44	32	18	33	15	8	8	30	9	14	14	9	37	40	
33	19	25	44	13	3	19	36	23	21	47	16	39	35	4	7	48	49	21	19	8	4	39	6	26	15	20	10	11	45	13	44	5	42	2	35	36	30	4	40	
42	39	7	47	10	44	26	2	36	21	47	17	35	17	32	7	40	42	12	27	32	15	36	20	9	24	8	6	22	15	2	40	45	14	38	45	4	42	48	31	
10	49	33	41	25	16	3	34	24	19	36	14	21	31	11	46	32	24	34	13	48	42	17	38	50	32	49	30	25	47	24	18	12	10	50	14	31	11	46	27	
47	19	18	28	24	46	36	16	5	25	21	10	4	33	47	18	20	27	30	16	48	25	10	20	35	46	5	38	7	8	25	22	45	2	28	8	34	10	30	25	
22	7	44	41	48	23	22	39	31	48	31	16	24	47	18	30	12	13	3	6	16	34	41	6	7	47	2	40	35	15	8	8	31	34	37	34	40	36	40	15	
30	30	35	43	37	7	27	2	17	18	24	22	11	9	9	13	4	5	11	1	37	28	45	22	40	44	26	37	5	36	18	22	6	9	49	18	36	44	37	30	
28	29	50	43	14	37	50	43	35	24	16	11	15	1	3	15	31	24	41	15	17	39	28	43	41	36	35	15	19	11	3	42	18	4	4	46	24	31	28	12	
7	42	25	11	15	8	7	7	28	46	46	28	9	5	32	8	10	19	43	8	6	30	28	6	41	21	4	31	25	21	25	3	24	40	16	36	15	14	27	29	
8	46	44	21	30	27	37	4	25	18	45	24	26	33	48	35	28	28	1	20	44	5	13	49	15	37	10	23	2	48	47	41	33	14	26	38	19	14	30	41	
36	49	15	45	44	38	49	41	18	23	41	20	38	39	18	49	7	14	2	46	45	16	49	50	29	26	50	22	26	21	3	24	39	32	22	40	5	26	26	49	
5	45	47	2	11	42	7	22	28	46	25	2	21	10	44	11	43	6	27	38	25	50	12	29	10	27	13	21	1	6	24	10	18	43	11	36	13	20	46	20	
27	30	12	42	1	6	24	36	24	49	45	8	6	41	48	42	11	15	48	9	13	16	31	16	28	28	14	26	5	47	42	25	4	34	46	21	11	28	21	20	
20	28	38	20	9	1	11	16	30	12	8	31	13	43	45	10	36	11	7	29	38	23	23	19	21	30	30	14	7	39	40	16	33	49	25	16	49	10	43	33	
27	13	10	24	39	25	21	43	32	8	41	38	17	48	20	49	46	4	30	50	11	40	10	2	32	8	4	27	13	33	35	15	24	45	24	20	26	36	45	14	
13	1	41	4	8	2	39	35	23	9	27	15	33	20	19	36	50	45	32	39	3	23	11	43	39	28	22	3	43	39	36	29	33	17	33	26	33	5	47	23	
7	26	9	15	3	25	42	5	1	31	49	28	42	26	39	37	5	48	4	46	48	46	14	19	31	25	20	39	18	2	14	2	49	44	26	28	47	39	24	14	
1	2	23	38	23	39	32	9	10	23	9	40	6	37	38	1	24	43	3	13	11	41	36	6	42	47	44	8	12	2	8	50	25	33	1	5	31	32	18	15	
42	14	44	14	36	12	22	2	31	50	31	45	28	43	7	44	39	24	10	43	37	25	15	43	43	30	22	6	6	38	27	24	1	1	19	42	12	28	18	29	
50	20	21	5	43	14	42	25	46	18	28	8	41	46	20	7	42	19	22	22	45	4	32	30	8	30	25	35	38	44	25	32	31	2	14	23	9	9	26	29	
24	43	9	26	23	39	10	21	22	13	50	22	14	46	44	9	39	17	25	20	10	5	4	23	7	23	11	27	46	20	16	47	25	48	42	43	29	38	27	30	
8	20	6	12	27	47	30	22	40	19	33	39	6	45	49	4	17	26	33	19	35	2	16	25	40	46	26	36	20	3	30	13	1	41	13	49	38	3	17	33	
37	22	44	3	8	49	41	3	19	43	31	20	26	49	50	14	17	36	2	36	47	3	32	23	24	41	35	32	18	32	36	27	11	2	23	15	4	40	33	21	
39	21	7	7	44	32	34	7	14	4	23	25	28	23	39	26	2	29	20	41	13	30	12	43	14	16	50	24	13	47	35	22	14	14	31	25	4	29	13	39	
31	26	2	2	10	4	2	22	27	49	2	33	33	35	25	19	31	44	25	21	29	2	35	39	24	32	11	8	30	32	6	39	18	42	34	11	44	2	50	3	
35	10	39	35	16	17	29	20	23	1	2	38	37	5	15	1	26	35	11	39	19	28	1	44	37	20	47	9	4	28	19	26	36	31	39	5	6	30	5	32	
21	11	19	5	8	29	1	11	41	49	48	5	39	16	31	25	14	46	45	2	32	25	2	44	7	24	2	9	44	26	9	11	2	12	24	14	43	18	27	17	
12	15	45	16	16	43	31	11	14	34	48	41	31	46	19	23	10	4	5	44	29	48	16	27	41	40	45	13	12	9	22	23	11	47	19	26	32	37	50	3	
4	42	10	10	15	5	10	29	33	25	8	9	13	10	42	42	47	14	47	7	47	37	6	40	33	36	4	30	50	37	7	25	1	40	29	20	49	38	24	50	
On machine	6
42	2	37	4	20	29	30	10	28	13	11	36	49	40	38	43	38	36	33	26	34	44	18	5	2	36	21	18	44	49	19	28	40	18	42	11	2	26	44	32	
16	20	27	36	21	37	22	29	34	16	17	10	46	23	25	2	20	18	26	38	49	10	42	20	24	13	2	7	43	37	41	21	1	48	50	18	35	48	15	37	
24	20	39	28	32	49	42	23	40	16	6	50	26	47	45	11	36	28	19	47	15	35	22	44	5	44	47	3	9	22	11	38	48	13	8	26	41	9	14	3	
1	18	29	3	7	3	47	40	42	2	17	11	14	31	31	22	44	31	21	30	20	31	24	45	41	24	26	48	41	7	1	2	22	47	8	15	22	46	16	27	
45	15	24	27	29	15	14	35	46	35	1	18	16	43	35	48	42	11	41	33	3	3	49	44	27	48	42	29	49	31	20	49	16	39	27	8	11	39	36	46	
29	49	11	9	29	50	19	28	2	2	3	15	16	3	48	19	33	47	26	41	43	9	49	44	1	28	39	37	20	48	4	23	30	48	17	31	22	13	30	6	
22	27	6	38	22	16	1	19	17	32	21	48	3	24	22	19	3	34	4	37	38	30	9	1	36	23	16	26	25	49	48	25	31	36	16	30	30	26	44	24	
30	20	21	5	16	16	25	3	4	24	41	48	45	41	19	50	14	42	50	40	5	28	18	42	4	2	15	33	9	44	38	13	44	21	16	37	22	27	7	20	
11	37	42	17	3	29	42	42	13	24	30	14	30	4	5	35	36	29	39	13	7	30	40	13	49	5	27	33	31	15	26	26	30	50	37	14	29	41	37	38	
36	33	42	39	37	22	28	25	17	8	18	3	1	13	36	3	47	18	19	41	20	34	44	42	30	5	17	24	39	11	23	8	17	49	11	41	40	41	2	13	
10	24	33	17	49	22	40	2	3	33	27	42	36	24	38	33	25	17	42	7	48	24	45	26	44	47	44	45	8	28	48	38	37	10	34	6	41	19	42	5	
14	37	42	30	5	10	5	41	50	49	21	15	39	8	33	47	31	36	32	43	10	14	41	28	43	15	50	3	44	39	20	32	27	27	19	48	39	30	1	46	
27	14	17	19	40	45	41	12	26	47	40	25	31	28	43	39	44	31	48	47	49	38	4	13	20	24	21	28	1	11	40	17	29	23	15	16	46	49	28	45	
18	29	50	3	37	40	32	37	22	30	27	8	9	13	29	38	20	9	9	30	3	33	20	46	38	13	37	16	1	21	30	32	47	2	14	27	36	47	3	12	
50	17	21	8	30	41	42	8	36	24	44	47	30	22	41	46	9	46	30	45	49	35	41	9	31	23	9	48	15	13	33	39	25	2	41	6	46	31	6	9	
7	48	47	31	41	46	35	42	14	44	20	41	31	24	38	14	14	43	42	5	20	7	17	29	17	1	9	46	30	39	31	35	42	2	30	22	12	2	32	2	
16	14	15	3	8	45	1	37	10	49	13	14	47	10	24	40	20	26	47	44	4	32	5	12	38	46	4	26	18	26	34	21	1	42	17	8	23	7	34	44	
16	19	28	25	4	24	50	38	17	32	7	1	17	29	4	42	12	9	15	24	25	29	44	47	44	18	39	31	41	32	38	32	44	20	43	11	21	19	46	23	
4	16	4	28	5	38	22	47	16	50	7	43	31	26	14	2	15	26	17	8	25	37	21	46	36	23	16	39	23	12	37	3	15	47	15	44	10	12	16	28	
32	8	50	24	21	16	4	17	33	15	6	41	49	27	6	30	47	4	17	46	43	9	33	28	6	15	31	36	8	49	29	33	9	16	36	22	12	7	48	2	
29	45	6	18	25	11	32	50	15	37	1	20	42	49	13	1	30	47	9	15	23	34	33	47	11	2	45	3	18	33	38	4	17	2	23	24	12	17	14	34	
43	3	43	41	9	41	41	18	46	49	16	39	25	43	40	19	50	43	50	16	30	40	47	24	24	34	47	36	25	21	22	29	1	33	49	17	34	31	7	46	
42	10	13	49	45	1	21	17	33	46	11	31	12	13	10	43	11	3	48	5	46	9	39	40	16	18	37	13	31	48	7	17	45	22	19	47	38	50	1	49	
18	15	42	26	45	17	11	33	2	24	38	37	32	47	3	27	46	11	3	27	6	37	45	26	8	48	4	12	9	35	47	21	48	2	42	42	33	14	39	17	
13	8	47	32	43	42	6	7	41	48	37	39	44	43	33	11	48	36	36	32	23	8	14	41	7	9	4	46	31	33	7	11	33	34	8	23	9	30	42	38	
19	22	29	37	12	3	36	23	2	47	4	44	21	42	32	41	35	26	4	48	7	31	27	8	34	15	33	41	21	13	2	15	44	16	33	3	32	9	8	44	
14	28	17	42	31	35	38	20	35	14	49	10	7	13	22	42	9	9	47	26	46	47	18	32	9	22	4	40	20	44	25	30	46	7	3	46	44	40	36	41	
13	12	25	23	17	7	40	17	21	10	9	21	12	20	26	8	44	23	25	1	14	35	37	23	35	26	47	50	4	4	20	50	2	2	8	46	3	39	35	32	
15	30	50	26	33	12	2	30	12	38	14	36	7	29	43	37	13	29	22	49	17	37	38	14	44	44	11	6	28	32	28	24	49	42	45	45	3	12	17	44	
30	14	41	42	30	12	4	39	15	31	6	36	10	37	48	45	7	18	32	49	37	49	33	1	22	8	17	49	46	39	33	38	36	38	5	15	4	16	4	1	
46	4	46	3	23	20	50	27	13	34	21	7	46	34	41	41	8	39	14	2	30	40	2	34	29	43	46	49	5	2	46	24	14	25	19	27	10	35	29	20	
34	47	34	7	25	30	19	5	39	39	3	26	6	49	48	30	25	12	28	34	9	6	40	25	24	16	16	5	10	34	28	34	27	25	15	28	24	20	37	22	
43	23	14	29	4	50	7	12	21	18	20	28	14	50	14	26	9	50	34	24	10	1	31	35	50	38	11	24	41	32	24	15	7	33	17	24	26	9	10	28	
44	20	18	2	46	37	4	41	40	1	23	2	37	46	24	47	20	32	44	11	12	31	40	15	36	27	39	5	15	12	50	31	38	44	5	43	44	1	16	11	
42	11	18	14	1	7	32	10	25	23	49	37	37	6	49	50	30	27	10	33	32	33	23	42	42	18	50	30	16	44	42	22	49	19	24	7	1	50	6	18	
7	21	38	42	31	16	27	9	16	45	31	17	45	46	20	1	48	35	15	12	43	47	35	7	9	38	22	31	21	38	43	38	19	37	41	39	32	46	24	4	
24	27	1	25	16	7	8	12	11	32	5	39	47	45	14	6	17	23	38	48	43	12	4	29	47	8	39	45	41	21	42	46	37	36	21	6	50	19	41	10	
26	42	49	42	31	37	35	28	37	30	26	36	29	1	36	43	40	42	40	22	7	46	6	8	20	44	5	26	23	44	14	49	30	22	10	40	12	27	6	23	
27	16	16	19	29	34	49	50	46	33	22	40	13	8	6	30	47	6	27	17	14	50	13	17	10	24	43	10	30	10	28	35	42	34	33	45	7	25	12	13	
42	35	8	31	48	31	39	38	37	13	12	19	33	39	11	44	31	6	50	15	40	50	11	9	43	28	17	1	8	24	11	10	43	30	17	43	44	24	27	35	
On machine	7
47	50	24	39	12	2	29	19	24	4	28	37	19	47	42	18	10	31	45	23	32	28	20	28	36	37	12	10	13	17	32	44	6	48	19	4	28	9	43	37	
8	19	45	50	4	28	34	49	41	39	22	34	12	20	5	39	15	46	49	28	38	8	10	24	28	43	6	41	40	5	18	47	6	12	35	16	27	16	28	6	
26	1	47	2	45	24	15	39	50	4	5	50	32	23	32	9	24	38	1	45	44	6	40	14	18	42	33	45	12	3	2	45	31	37	47	47	47	49	17	19	
48	35	47	4	15	14	15	44	22	6	41	43	45	49	37	20	19	22	17	24	30	13	49	17	12	3	23	29	6	30	16	13	27	20	36	40	42	50	35	39	
50	5	5	13	1	30	5	6	27	45	47	27	46	1	45	8	40	19	29	28	29	47	14	32	43	35	23	1	1	45	21	3	50	46	44	23	32	29	5	13	
10	20	19	2	47	18	48	11	41	7	8	8	29	5	50	26	44	24	24	43	19	34	30	18	18	1	15	49	4	24	7	16	7	17	43	16	26	32	41	9	
27	13	1	45	8	13	17	37	31	17	21	28	6	23	36	7	44	37	18	47	16	13	30	16	37	40	32	24	14	20	43	34	30	33	39	15	28	5	50	11	
33	26	44	13	23	41	8	16	10	34	28	19	13	37	25	49	24	38	23	20	37	38	13	19	42	33	11	4	36	46	43	12	34	44	7	30	31	20	42	26	
3	20	29	41	14	1	19	40	29	34	12	48	19	29	11	49	35	19	31	8	39	44	16	6	48	34	34	16	47	36	46	37	7	14	46	45	23	46	48	7	
39	28	39	9	27	46	27	5	38	15	17	49	3	42	46	49	49	10	4	3	22	19	27	30	26	38	6	14	26	20	49	33	5	49	11	41	47	4	15	50	
40	28	10	29	24	19	1	47	7	27	6	26	50	40	20	17	49	22	20	38	24	43	8	26	13	40	24	3	13	14	19	14	39	8	27	24	46	44	19	24	
46	31	22	13	38	46	48	47	26	4	1	45	17	18	18	19	32	19	24	42	10	40	16	34	9	33	48	50	4	45	45	3	27	7	25	25	26	21	23	49	
42	26	11	26	3	39	40	14	42	47	23	21	8	33	20	46	31	38	36	47	30	2	29	23	42	2	37	42	24	19	24	15	47	23	46	42	35	16	20	24	
44	28	48	14	36	14	39	47	6	30	2	47	40	22	50	14	31	36	24	43	20	22	12	29	49	25	32	22	43	50	31	9	41	12	1	34	37	11	43	42	
34	44	16	9	3	16	20	42	26	23	37	36	3	36	35	16	31	41	30	14	5	17	11	40	5	4	22	5	18	20	33	22	32	30	24	14	15	33	43	22	
30	2	48	33	3	35	19	14	10	17	1	14	8	45	6	24	3	27	17	16	43	12	23	50	27	14	11	6	21	5	28	28	27	23	12	6	29	7	15	43	
24	41	9	46	29	32	2	38	26	15	10	3	30	6	29	45	25	36	28	4	21	32	30	38	7	25	16	27	45	20	24	42	38	6	48	45	44	10	14	44	
43	22	45	17	16	47	49	35	47	45	11	6	47	37	34	41	34	31	17	26	11	20	5	34	20	11	32	11	22	41	44	4	19	20	45	32	39	15	37	40	
36	33	22	42	3	22	10	41	14	42	10	31	44	23	4	44	43	22	46	11	5	38	9	20	25	49	43	39	50	40	40	49	3	17	23	35	24	46	36	30	
28	21	17	50	42	34	32	37	47	37	18	16	26	27	15	13	42	34	14	14	15	6	19	46	25	1	25	10	18	46	44	38	33	29	31	4	4	8	47	47	
50	32	42	30	49	33	34	32	46	21	35	2	23	49	3	25	36	27	42	15	22	2	50	22	47	47	21	16	50	22	25	38	4	50	42	11	15	43	14	8	
34	2	41	43	1	21	50	24	25	30	21	5	39	38	2	9	32	1	30	29	18	20	5	3	48	24	39	50	5	37	2	3	37	2	37	44	26	35	37	4	
31	23	20	4	23	20	39	43	32	20	14	33	47	33	8	9	16	11	39	43	35	48	6	48	14	2	8	49	49	12	1	40	33	5	33	43	45	24	21	47	
11	1	10	24	6	4	18	1	50	8	35	32	48	14	8	24	4	45	46	27	24	48	3	40	16	43	3	22	37	1	15	46	21	15	2	8	40	29	48	7	
11	34	12	2	15	44	35	33	39	16	19	41	37	34	34	9	16	35	41	28	45	3	41	27	32	18	35	47	11	43	25	5	26	19	9	1	22	7	1	29	
21	6	38	7	7	8	36	15	2	12	31	10	37	26	5	43	36	23	42	49	32	32	16	29	44	23	31	20	32	43	30	14	31	20	22	17	50	33	30	8	
21	50	50	40	13	6	16	19	41	23	26	4	23	12	35	48	14	27	20	7	2	39	5	4	14	34	3	25	11	33	44	45	20	32	17	39	1	31	19	32	
4	5	23	44	10	28	41	16	31	17	40	43	30	47	9	21	47	8	31	32	27	19	47	21	7	46	19	8	19	30	43	50	34	31	24	34	8	18	44	38	
46	26	25	4	29	23	43	38	23	47	39	14	21	22	13	40	38	16	23	45	19	45	12	29	23	22	18	35	43	27	19	1	20	43	36	11	22	14	11	36	
8	18	21	14	50	32	11	46	28	13	8	28	30	2	13	15	47	5	10	5	33	15	23	21	41	19	17	41	3	41	23	17	23	33	50	18	44	50	29	47	
30	38	29	37	14	27	26	49	47	2	49	44	20	18	38	24	47	25	32	49	37	12	45	2	33	42	20	25	44	17	18	9	44	8	7	28	14	12	25	19	
1	26	27	33	42	27	41	50	20	2	27	40	41	33	33	46	33	48	48	25	18	25	22	13	7	16	47	21	34	48	12	25	18	49	39	36	38	14	3	38	
8	31	38	44	3	21	9	19	42	17	21	9	21	46	25	24	36	15	16	48	24	31	11	3	35	19	33	21	17	18	2	21	3	10	32	6	44	4	43	13	
47	12	50	37	12	9	36	39	9	31	3	17	30	30	38	50	5	29	39	21	12	47	24	36	22	40	37	50	3	50	25	15	47	34	37	37	5	44	22	10	
42	23	17	29	13	39	19	16	3	18	6	43	46	27	37	10	9	23	41	5	2	13	26	1	9	19	14	20	44	45	43	9	22	46	24	15	7	10	7	29	
30	8	4	22	16	24	34	42	36	11	38	8	10	20	10	43	35	11	20	36	17	43	12	29	42	7	12	14	26	36	41	10	5	10	4	43	14	41	47	23	
44	33	13	19	45	48	33	18	47	14	6	27	10	16	6	1	34	46	42	10	42	49	48	13	50	3	19	21	15	9	49	5	32	17	17	40	29	20	30	18	
30	34	4	19	21	47	4	50	29	37	12	10	15	36	21	21	32	40	3	13	25	45	13	16	49	1	34	41	3	7	2	30	5	17	44	26	10	21	50	6	
28	44	3	28	29	33	33	36	19	43	15	18	39	45	13	24	15	43	5	19	31	23	14	11	38	7	31	42	42	6	36	44	35	12	28	1	8	12	35	14	
41	35	16	6	17	12	17	2	41	8	49	5	32	24	4	45	48	38	15	8	14	35	19	21	14	21	41	5	43	29	35	41	39	1	48	4	42	2	35	39	
On machine	8
32	19	13	28	9	37	4	12	1	44	44	22	33	6	8	38	46	9	38	16	21	8	30	50	6	39	29	36	45	34	44	36	33	31	17	37	29	8	17	14	
10	15	5	45	18	43	25	34	7	34	14	50	23	48	13	27	46	31	7	5	38	40	19	42	12	45	47	6	30	39	12	22	16	32	7	9	17	42	41	24	
41	13	26	18	35	1	35	23	38	22	20	2	49	41	15	19	20	42	15	1	15	3	32	31	1	44	37	37	37	29	21	18	45	26	26	21	48	32	10	9	
14	38	45	32	23	18	36	48	8	19	14	5	1	38	42	34	22	42	44	26	22	39	28	34	19	25	20	43	23	3	46	40	8	15	8	35	1	30	24	45	
28	37	42	22	34	35	30	37	46	13	24	11	29	16	22	28	2	36	22	2	11	14	20	33	21	24	38	34	22	15	41	39	46	30	4	26	38	47	29	19	
45	36	4	32	29	24	50	2	48	10	15	26	14	11	39	21	12	39	44	47	16	29	10	5	30	14	49	23	34	16	28	50	35	12	12	10	3	49	38	21	
43	13	26	48	47	18	21	20	32	33	4	45	50	20	39	26	50	20	11	37	23	27	36	28	26	36	47	3	43	28	46	31	42	16	44	32	33	24	5	44	
15	9	14	5	14	2	22	33	24	10	30	33	22	31	12	32	7	45	7	31	27	7	27	21	2	31	39	14	49	7	48	45	30	21	10	34	9	4	30	14	
29	48	21	1	35	24	33	30	46	34	3	3	28	40	1	23	41	10	11	38	27	26	21	25	46	33	35	23	22	23	38	41	8	45	31	13	6	38	35	13	
28	49	36	8	49	24	35	20	48	38	45	28	41	9	47	11	50	35	38	3	45	26	36	27	48	27	3	42	29	33	5	37	1	14	12	27	26	6	32	15	
13	8	39	7	43	12	9	47	32	1	23	15	45	34	42	41	23	41	19	7	26	36	19	9	28	13	32	13	40	32	2	30	37	35	45	11	35	9	41	13	
37	45	4	38	3	14	37	28	34	18	1	21	25	27	2	17	24	32	32	9	27	45	23	20	5	50	35	29	18	36	8	21	27	27	11	3	15	6	20	21	
38	38	26	22	45	15	28	25	18	31	32	46	12	21	12	13	15	24	11	1	47	18	18	13	37	32	43	37	4	47	34	9	7	38	39	34	25	31	17	31	
37	42	24	48	28	6	48	31	15	43	1	31	4	19	18	6	3	16	16	24	23	36	15	10	34	41	37	23	14	43	25	15	25	8	50	40	11	48	42	32	
5	47	30	20	9	40	5	2	20	43	37	9	18	3	34	49	9	3	27	39	42	3	20	47	50	20	18	27	12	23	27	26	39	25	21	2	13	22	18	42	
14	39	24	36	31	15	46	34	3	16	20	41	41	13	1	24	41	50	39	17	40	11	5	39	18	17	49	15	43	3	21	36	29	2	3	33	21	30	19	37	
22	11	22	12	16	11	22	26	30	30	3	7	27	27	3	40	8	10	41	45	12	14	48	22	36	8	43	14	15	4	28	19	23	17	48	47	27	42	1	39	
39	14	26	28	36	45	2	11	16	20	36	3	50	32	39	47	37	47	32	30	37	25	43	12	7	21	10	38	46	8	48	18	10	45	45	34	46	2	48	41	
10	44	35	22	1	15	44	8	34	26	12	47	27	33	23	6	5	44	48	25	14	6	26	5	12	23	47	7	7	42	15	26	12	26	25	35	19	3	33	47	
11	42	10	19	34	45	48	21	42	48	47	21	43	2	28	38	43	43	21	44	42	21	41	25	6	24	4	37	16	2	21	47	46	9	31	31	7	21	50	31	
9	33	30	33	2	42	16	13	39	16	17	39	1	2	46	38	30	43	44	18	40	41	3	29	4	5	40	42	6	32	43	37	22	1	19	21	14	14	32	26	
41	40	1	31	25	44	37	42	36	27	44	25	11	40	39	29	11	43	6	13	14	26	27	43	1	50	15	19	5	20	2	40	41	6	25	24	49	20	46	41	
27	27	34	7	43	2	35	4	47	4	13	30	36	9	15	42	4	17	11	23	35	31	11	6	4	4	44	50	27	50	49	23	36	22	2	44	38	30	50	17	
5	22	40	47	17	37	12	7	43	9	32	16	7	33	19	19	6	10	42	25	21	27	18	30	11	50	29	40	8	8	14	29	25	19	31	44	1	37	36	18	
46	2	29	18	31	33	22	50	7	8	9	39	41	35	2	20	47	35	2	31	42	24	23	21	43	49	32	28	47	13	36	46	5	31	33	6	1	26	31	28	
39	46	36	6	18	1	16	24	20	41	16	4	24	44	5	35	7	48	31	3	43	38	18	22	44	49	27	8	34	21	31	40	11	2	31	23	27	13	35	21	
35	18	18	46	45	30	20	23	26	22	4	49	38	11	4	17	24	45	19	19	31	41	40	8	43	22	27	18	21	32	20	17	15	31	18	43	37	46	30	22	
26	41	4	3	11	43	11	47	38	4	23	36	38	46	44	39	34	26	3	24	49	6	30	9	5	22	35	13	13	28	27	8	4	21	15	3	6	24	20	17	
15	43	41	34	24	3	46	32	47	12	43	4	9	50	9	11	22	13	19	6	35	14	29	27	35	18	35	38	15	25	50	19	14	29	13	24	2	45	32	44	
49	48	15	26	40	33	22	50	36	34	9	6	33	37	23	23	13	11	31	26	49	26	34	36	2	27	12	32	47	34	19	21	49	39	3	32	48	10	6	9	
36	47	4	43	36	37	24	11	38	14	12	37	35	2	26	37	40	10	40	40	13	40	10	43	12	10	15	3	18	33	18	25	35	27	9	15	48	38	42	50	
6	8	22	34	15	33	50	17	45	25	37	1	18	12	13	32	33	33	44	45	38	8	31	50	22	23	28	5	4	16	2	18	37	22	2	23	19	2	36	34	
15	1	43	33	13	14	5	41	30	4	11	3	11	32	5	28	40	2	4	9	21	7	45	12	25	2	3	32	36	43	36	18	32	28	25	22	36	21	33	40	
6	1	39	16	4	49	37	22	40	22	23	32	15	6	9	41	39	25	38	44	11	4	44	48	37	38	20	22	33	28	50	49	28	10	20	36	17	4	42	6	
33	22	44	41	20	9	23	40	7	10	23	39	36	45	21	22	44	10	23	32	1	48	7	21	46	46	40	50	25	7	31	12	11	12	13	44	50	18	40	8	
26	46	13	36	42	28	7	43	6	33	3	5	36	38	4	4	33	29	30	29	43	42	49	8	22	24	20	7	10	6	26	11	6	14	33	35	15	19	10	8	
2	23	7	15	14	31	7	11	46	14	47	28	23	1	27	2	35	26	11	39	4	1	37	43	15	23	17	33	2	43	10	46	34	35	16	17	30	49	30	13	
41	24	40	37	7	4	7	15	31	16	11	21	18	47	4	43	42	16	25	25	4	16	17	31	21	2	6	15	39	4	39	26	9	1	8	39	1	33	13	43	
24	27	46	15	16	9	45	37	44	25	11	14	10	43	20	47	29	47	10	30	27	45	13	30	41	6	6	29	9	5	40	24	11	43	4	36	6	28	23	21	
3	24	1	37	6	36	10	1	14	48	34	35	25	49	34	48	49	36	29	15	43	14	38	39	6	8	18	44	23	16	15	17	22	28	12	8	8	35	31	2	
On machine	9
22	15	45	48	26	34	20	24	38	18	29	16	39	33	46	43	31	50	44	43	24	33	2	8	12	18	11	15	44	49	35	1	11	6	44	23	22	24	27	26	
15	43	47	32	25	33	34	38	3	50	27	46	27	27	27	18	36	4	6	38	39	25	9	46	47	1	31	42	27	28	20	46	23	10	30	46	33	22	34	45	
11	33	35	33	31	23	4	11	49	24	50	37	25	32	7	14	50	29	4	5	27	34	41	20	20	50	33	2	10	27	23	50	4	37	14	8	26	20	12	25	
9	30	41	7	45	26	27	7	28	25	17	16	3	6	41	37	9	18	37	38	45	28	30	43	22	33	16	26	34	18	39	45	41	30	26	22	47	12	48	14	
20	49	2	39	9	46	23	23	12	26	29	20	17	25	45	17	12	1	5	19	1	14	16	30	43	40	20	43	50	11	10	1	4	31	31	19	7	44	22	32	
39	8	2	18	3	43	45	4	21	50	18	2	17	50	19	5	47	47	4	14	38	38	44	30	5	47	29	4	42	24	6	39	15	24	10	3	7	3	29	23	
45	50	32	23	17	48	39	38	33	8	49	5	50	7	18	19	37	29	46	39	20	30	46	22	10	36	49	11	39	38	2	24	29	24	8	25	19	10	2	44	
37	41	22	10	3	13	2	24	27	15	23	48	7	27	37	1	11	42	38	13	45	30	38	47	13	36	10	47	50	39	29	1	12	28	49	16	45	35	10	7	
12	17	30	12	31	5	10	45	48	38	2	16	32	29	15	38	30	23	25	17	10	26	18	11	7	48	29	8	9	19	24	40	18	35	37	31	3	8	25	30	
48	33	2	37	11	36	19	30	33	6	16	50	16	15	36	16	40	5	33	24	26	23	18	13	11	27	30	30	6	49	6	43	22	24	27	32	7	9	19	36	
42	27	19	38	32	8	13	30	46	37	46	17	10	39	19	13	13	3	36	31	9	19	7	34	6	25	7	41	50	50	46	40	43	11	25	39	14	4	14	12	
19	50	9	14	30	21	13	27	19	34	46	13	33	20	34	34	31	17	47	20	40	32	23	32	30	40	31	21	21	14	7	1	33	36	9	37	1	41	28	31	
43	20	3	31	21	14	3	50	32	32	19	25	11	27	43	4	18	9	16	48	39	1	10	31	48	11	10	20	25	5	27	17	49	20	14	43	1	46	3	26	
12	17	10	34	10	29	29	22	50	46	14	38	1	14	50	29	2	10	26	43	35	12	45	19	41	44	26	26	8	9	41	19	14	14	17	23	44	40	30	34	
44	48	48	43	7	41	29	12	11	40	29	10	8	31	37	33	26	46	16	41	32	48	27	1	46	27	40	29	31	18	35	1	19	19	40	27	18	19	34	4	
43	6	26	39	31	38	50	16	11	37	13	14	20	22	4	6	30	16	50	26	40	8	13	23	29	25	11	6	26	43	21	40	43	16	25	6	26	35	7	3	
17	22	6	7	28	9	3	3	32	6	30	1	16	11	11	27	12	10	8	15	32	25	27	9	11	10	24	50	3	6	28	10	26	38	41	15	42	13	5	40	
26	14	37	22	28	5	29	42	39	23	35	50	5	14	47	16	26	26	27	5	37	28	28	12	36	27	20	50	50	29	5	32	41	29	17	9	42	46	28	41	
3	20	40	44	33	29	47	33	45	9	27	40	4	35	27	25	44	47	45	21	24	29	29	37	39	45	33	32	15	12	12	16	32	17	12	9	49	44	14	44	
49	15	1	29	50	27	48	27	10	9	3	40	19	20	34	23	30	17	43	5	6	35	21	49	12	49	28	21	23	32	8	15	34	37	39	46	24	36	50	35	
41	8	15	8	50	31	4	22	8	36	46	1	21	43	13	43	6	24	31	27	28	23	20	3	23	28	28	50	39	27	15	4	16	23	3	49	22	2	42	22	
1	24	47	40	37	23	30	44	49	18	31	17	9	41	50	48	32	49	24	11	19	17	8	44	31	29	16	11	26	44	12	21	10	37	3	40	38	50	28	16	
32	17	24	46	32	33	39	40	16	46	40	1	50	30	2	48	15	42	44	13	2	38	22	20	48	18	41	30	9	1	36	33	29	7	10	18	44	35	38	27	
12	8	42	11	28	5	19	36	17	23	28	39	29	44	20	34	12	44	32	28	44	18	18	33	49	44	17	48	22	13	49	25	48	39	18	5	9	37	1	16	
39	12	3	3	49	11	5	20	8	32	25	34	40	2	3	42	7	6	37	13	5	12	37	12	16	49	10	50	42	40	40	6	41	23	20	26	22	3	40	23	
37	46	4	24	15	50	24	41	11	50	50	27	30	3	42	50	45	47	37	39	36	30	15	29	46	31	46	9	46	8	24	27	23	11	38	8	12	44	23	17	
28	1	41	40	21	10	25	46	12	41	14	47	43	27	18	32	16	37	43	2	3	44	46	7	7	36	48	30	11	15	21	19	36	35	27	9	12	7	3	26	
20	8	11	23	7	26	33	42	42	2	50	21	12	7	8	23	38	14	28	47	29	9	32	33	2	35	13	9	46	37	44	30	49	18	31	8	27	13	27	41	
1	1	31	31	40	9	30	7	33	29	35	24	41	37	20	38	38	19	19	46	45	40	2	2	31	2	14	27	15	16	33	5	23	8	33	45	27	2	22	24	
32	13	44	2	41	19	3	28	40	28	25	42	14	35	24	43	20	26	32	6	32	6	46	29	4	38	21	27	27	45	1	17	6	28	10	28	47	6	3	5	
49	41	11	47	50	35	41	4	30	46	32	19	37	36	15	1	40	23	35	11	19	48	21	30	28	10	44	19	15	26	39	29	13	7	6	7	43	20	34	9	
12	4	48	23	9	22	27	33	37	27	8	49	48	11	4	10	31	14	15	19	2	34	10	43	11	15	19	37	44	49	7	10	49	21	18	46	31	25	33	4	
20	40	45	1	4	19	20	44	21	24	45	10	9	6	11	49	46	7	21	17	39	4	47	19	24	20	24	5	42	8	20	47	21	38	34	28	28	30	45	44	
21	23	41	3	50	6	38	31	50	18	48	41	1	49	4	26	15	36	19	34	30	41	4	14	16	38	43	36	43	15	42	40	37	41	4	39	29	17	5	10	
46	9	41	21	48	13	24	34	37	13	11	31	6	42	49	30	9	35	13	18	49	47	41	27	21	17	38	35	19	7	3	49	34	33	45	6	27	41	42	12	
21	11	20	5	33	5	45	17	34	27	31	48	30	31	12	20	26	25	49	28	28	49	5	11	15	17	38	38	2	10	39	11	40	2	30	50	25	12	26	20	
44	28	15	49	46	8	21	19	13	29	43	12	32	28	14	50	21	25	1	35	8	10	15	43	31	4	19	30	49	2	47	33	29	18	6	36	10	6	3	37	
35	2	8	8	20	11	31	48	6	47	41	37	50	13	27	48	38	30	4	19	31	29	42	2	34	13	21	16	12	42	9	21	35	9	40	41	50	6	22	16	
37	21	44	35	31	2	48	38	29	49	26	33	9	34	50	45	13	44	2	14	14	17	4	23	1	43	13	19	45	49	11	15	45	48	50	17	29	34	36	26	
15	7	30	49	21	32	22	7	44	4	39	15	49	16	10	4	18	13	42	28	7	27	13	2	39	35	5	31	30	37	4	45	3	46	34	47	5	8	41	31	
On machine	10
46	17	14	25	29	50	18	18	38	34	24	26	17	10	50	11	2	32	34	9	8	45	34	7	24	47	17	3	40	17	43	22	6	6	17	16	47	38	18	31	
6	39	19	41	40	35	17	34	43	29	38	8	21	21	8	8	19	15	44	47	30	35	16	30	4	45	17	39	30	18	48	33	28	20	31	21	39	10	18	30	
8	26	46	1	48	18	36	26	41	22	35	31	26	5	35	2	24	13	43	1	48	28	34	30	22	48	42	16	19	27	9	29	10	13	42	32	16	35	32	29	
4	15	45	39	6	36	27	35	43	47	42	8	43	28	50	14	47	23	41	35	39	43	11	11	36	11	25	23	45	30	18	34	42	43	29	11	50	45	36	42	
26	22	3	27	37	40	49	3	48	20	45	2	18	40	20	31	47	24	15	48	44	50	25	22	43	32	21	19	15	50	16	34	15	41	34	23	24	48	46	11	
43	48	3	36	23	11	17	18	1	25	35	39	25	27	14	26	26	21	49	46	50	3	32	19	20	24	35	25	14	29	10	12	45	27	9	26	4	16	41	23	
27	17	50	39	25	42	8	13	46	35	34	4	14	46	15	19	29	28	26	37	18	22	45	24	5	10	12	40	43	5	15	46	21	41	28	32	28	7	2	44	
26	5	32	34	47	37	18	7	5	25	46	43	32	38	14	13	46	49	24	35	8	31	33	37	22	20	5	10	43	17	26	50	30	16	39	44	32	27	35	3	
10	29	22	47	23	30	44	6	43	41	12	26	44	14	11	10	17	47	14	6	27	29	5	47	49	20	47	17	13	12	31	43	17	10	10	26	25	23	46	8	
45	50	27	24	46	46	46	24	19	26	38	38	26	26	43	8	47	39	48	1	1	30	42	10	41	31	20	8	4	45	32	26	17	48	40	23	20	30	13	15	
18	8	4	38	29	39	47	30	10	48	50	28	35	40	22	31	2	19	40	18	21	25	50	11	33	27	5	36	22	34	50	21	6	28	39	4	10	21	22	18	
35	22	5	49	30	31	17	1	37	18	20	36	13	22	21	19	38	38	31	6	4	48	18	12	47	20	14	36	31	39	44	31	39	27	32	19	46	19	9	45	
48	50	21	30	23	29	26	45	41	24	1	16	20	20	12	33	30	22	18	6	26	5	26	18	23	11	43	31	6	14	45	21	18	30	40	36	9	26	9	23	
19	23	16	12	40	25	14	13	26	32	40	30	34	6	43	32	29	48	30	3	45	29	26	28	19	41	5	38	13	24	23	42	50	8	41	39	29	23	49	47	
27	50	49	16	8	3	10	18	37	22	34	21	26	44	8	48	46	8	42	48	23	34	34	25	16	31	13	30	21	3	21	26	33	50	41	33	31	13	3	42	
24	4	7	44	27	43	41	2	37	22	6	35	37	9	49	41	6	7	26	30	2	10	7	49	12	38	16	34	50	45	21	1	38	22	46	5	39	21	30	5	
9	28	2	24	32	41	43	41	7	45	25	13	24	41	4	32	23	15	7	45	6	20	46	42	6	29	22	42	45	29	9	13	16	9	8	2	20	49	32	5	
3	3	30	47	6	25	45	24	20	42	11	47	38	2	25	43	26	33	47	31	2	23	4	37	12	50	18	17	49	21	15	23	18	33	48	46	11	48	35	7	
34	18	31	27	31	15	9	39	34	34	41	35	27	20	28	23	49	29	8	9	10	31	12	20	1	16	7	34	42	12	14	36	2	4	27	26	11	27	1	28	
31	32	49	23	29	8	26	19	23	16	43	3	11	3	49	19	41	43	24	8	27	12	13	22	11	38	41	12	7	40	25	22	6	48	13	30	45	32	16	5	
2	49	3	38	11	16	5	28	5	47	35	35	12	10	14	16	37	27	46	21	25	1	7	41	12	8	22	19	32	11	41	26	27	34	21	20	50	22	36	38	
23	34	29	42	33	47	24	28	40	43	29	40	7	23	20	41	2	22	37	31	8	34	34	16	3	27	1	10	11	18	23	28	20	47	38	46	3	41	20	43	
23	30	14	20	34	47	45	30	29	41	17	39	22	15	38	7	47	11	5	21	37	29	39	41	25	31	32	50	46	30	33	32	32	46	24	4	21	40	4	13	
35	28	38	40	21	35	14	22	3	18	42	22	37	23	4	30	22	32	19	34	12	32	30	40	39	26	36	43	26	17	43	41	6	47	47	32	21	11	43	35	
47	10	10	5	17	18	31	46	11	33	28	7	40	28	37	27	43	23	13	10	11	50	36	10	44	4	4	6	42	38	9	18	32	1	24	33	23	13	41	39	
33	16	36	7	15	4	16	3	32	23	30	21	9	35	32	27	44	3	45	18	16	8	22	49	44	24	42	8	18	43	26	43	35	40	33	14	40	16	3	10	
37	48	22	1	4	21	44	34	45	31	35	45	43	9	46	41	3	39	41	10	17	44	39	28	21	8	43	33	32	23	49	16	17	35	6	19	39	8	37	37	
20	9	43	29	41	6	12	48	35	47	45	32	30	32	7	31	12	27	48	5	50	7	42	11	48	12	6	35	36	45	12	28	31	14	38	16	20	8	37	10	
43	30	30	44	34	32	12	26	49	24	41	39	42	16	34	37	43	6	3	41	39	27	26	43	50	24	18	50	6	14	3	6	7	33	33	11	33	18	38	33	
14	29	23	41	35	9	27	41	13	2	35	39	44	18	19	18	2	41	6	45	37	23	32	16	1	7	50	30	3	32	40	22	6	24	41	15	9	48	3	27	
40	35	46	50	41	16	28	1	45	27	30	2	27	49	48	31	6	11	7	24	29	30	23	25	24	18	33	23	27	16	35	43	39	21	40	31	24	7	26	10	
17	48	17	19	1	20	48	3	50	16	36	22	17	40	40	44	41	6	23	6	18	25	43	31	23	47	36	43	31	31	32	19	10	15	35	24	6	6	25	42	
10	6	8	12	9	31	35	12	20	41	14	40	49	3	26	15	38	35	12	29	13	26	42	45	48	10	35	44	23	19	29	50	12	1	33	38	16	30	10	43	
48	48	22	39	14	21	46	24	39	39	1	33	22	29	50	12	7	25	36	10	20	7	38	20	16	11	27	5	44	48	18	37	35	25	30	28	11	9	36	23	
29	33	45	35	22	45	43	48	42	25	30	19	30	13	33	5	43	37	47	22	9	29	26	11	10	26	33	22	13	28	15	40	23	45	34	28	33	11	6	35	
37	30	48	22	45	23	6	7	9	13	32	25	31	23	6	22	4	43	12	11	38	18	18	35	15	38	24	41	45	9	16	26	38	28	41	21	22	10	15	40	
30	34	23	27	21	21	16	40	8	33	15	6	36	49	43	42	9	17	16	31	44	6	18	24	44	3	42	41	14	8	12	31	9	11	11	43	38	26	6	32	
12	50	27	2	3	21	19	7	18	50	4	42	14	36	22	27	45	31	11	24	49	45	32	21	16	11	48	20	1	15	21	41	46	45	42	14	10	47	1	47	
35	50	32	12	23	25	23	30	38	1	21	42	19	20	8	31	1	33	36	41	40	3	21	38	43	48	48	25	34	46	19	23	7	20	48	16	13	21	21	16	
2	13	35	11	49	13	42	15	29	22	50	18	19	16	21	27	1	42	22	1	35	29	42	30	48	22	32	46	1	32	14	27	40	47	16	6	39	46	6	24	
