Families	40
Machines	10
MaxSetupTime	100

Number of Jobs in each Family
10	8	9	1	7	5	4	5	9	6	10	9	10	9	3	3	4	8	7	5	9	6	1	3	5	8	7	3	6	8	10	9	7	2	6	7	10	4	7	10	

Jobs in each Family
0	1	2	3	4	5	6	7	8	9	
10	11	12	13	14	15	16	17	
18	19	20	21	22	23	24	25	26	
27	
28	29	30	31	32	33	34	
35	36	37	38	39	
40	41	42	43	
44	45	46	47	48	
49	50	51	52	53	54	55	56	57	
58	59	60	61	62	63	
64	65	66	67	68	69	70	71	72	73	
74	75	76	77	78	79	80	81	82	
83	84	85	86	87	88	89	90	91	92	
93	94	95	96	97	98	99	100	101	
102	103	104	
105	106	107	
108	109	110	111	
112	113	114	115	116	117	118	119	
120	121	122	123	124	125	126	
127	128	129	130	131	
132	133	134	135	136	137	138	139	140	
141	142	143	144	145	146	
147	
148	149	150	
151	152	153	154	155	
156	157	158	159	160	161	162	163	
164	165	166	167	168	169	170	
171	172	173	
174	175	176	177	178	179	
180	181	182	183	184	185	186	187	
188	189	190	191	192	193	194	195	196	197	
198	199	200	201	202	203	204	205	206	
207	208	209	210	211	212	213	
214	215	
216	217	218	219	220	221	
222	223	224	225	226	227	228	
229	230	231	232	233	234	235	236	237	238	
239	240	241	242	
243	244	245	246	247	248	249	
250	251	252	253	254	255	256	257	258	259	

Total number of jobs
260

Processing times of jobs
1	1	1	10	5	3	6	3	10	6	
2	5	10	1	2	4	6	5	6	1	
1	2	7	5	6	1	9	3	7	8	
7	10	6	8	5	5	5	9	6	10	
6	5	3	5	1	8	9	5	4	1	
5	8	7	9	10	3	1	5	9	10	
4	9	5	5	4	9	8	4	2	10	
2	6	5	7	3	5	4	8	7	10	
7	1	9	3	1	6	8	3	7	4	
9	2	4	8	3	9	1	7	6	6	
2	5	6	9	9	5	1	8	9	4	
4	1	6	3	2	10	7	4	10	8	
6	6	5	7	5	7	5	8	4	8	
1	5	2	10	5	2	2	7	4	8	
2	4	2	5	10	9	4	3	9	8	
7	5	9	8	2	5	5	7	7	10	
10	3	7	10	7	6	4	9	1	7	
8	1	6	9	10	9	6	2	2	9	
8	5	10	6	5	9	4	10	10	3	
9	10	4	6	1	3	8	3	6	2	
10	1	2	4	3	4	10	8	1	7	
4	4	9	9	3	8	6	7	1	10	
10	7	7	10	1	2	10	1	5	10	
2	8	4	10	9	8	7	1	8	9	
8	3	1	1	5	3	4	6	8	9	
3	2	5	3	5	10	10	10	3	8	
2	9	5	6	4	1	9	6	3	1	
3	8	6	3	9	3	10	6	10	8	
10	10	9	2	2	9	2	8	3	4	
5	6	5	9	3	3	5	7	5	3	
7	3	5	6	8	8	5	9	2	6	
2	4	9	8	7	4	7	8	7	5	
3	9	9	2	6	8	8	9	9	4	
1	7	3	8	4	3	1	7	5	5	
3	6	8	7	2	3	1	5	6	5	
3	10	9	2	9	3	4	1	2	10	
7	8	5	4	5	4	2	9	9	2	
8	8	7	10	4	4	9	9	10	6	
3	8	4	7	1	10	8	4	2	3	
8	4	3	3	3	6	10	1	6	2	
8	5	4	1	5	2	5	6	2	5	
2	2	9	7	3	8	10	4	4	4	
5	10	10	10	3	7	9	9	6	10	
8	8	7	1	7	3	10	5	9	6	
7	7	10	1	2	5	8	7	5	7	
9	4	7	2	9	5	1	2	10	10	
7	5	9	3	4	4	8	6	3	6	
1	8	3	1	8	10	8	6	3	4	
8	8	2	4	8	7	10	10	7	2	
3	9	3	1	5	5	9	3	10	2	
6	8	5	2	8	7	4	3	9	10	
3	8	6	7	7	3	2	9	2	6	
3	9	1	5	9	7	6	10	6	3	
8	8	10	2	1	5	10	2	1	4	
1	7	10	1	8	6	10	8	2	5	
5	10	8	1	10	1	7	8	2	3	
3	10	7	2	6	4	4	1	5	3	
4	9	8	9	5	4	9	10	8	8	
6	7	7	6	9	10	4	4	2	8	
7	7	4	8	10	5	10	5	9	1	
6	1	3	8	1	2	7	1	3	2	
4	3	1	10	2	5	4	9	4	3	
8	6	8	4	3	8	3	10	7	8	
3	4	5	6	4	1	8	7	9	1	
10	1	4	8	7	6	2	10	4	1	
6	3	10	4	4	9	10	6	8	4	
1	10	6	10	6	7	7	6	8	7	
4	8	7	8	4	5	7	2	6	4	
3	4	2	6	10	6	4	2	6	9	
3	8	8	8	9	2	6	2	6	6	
8	9	7	4	6	9	1	4	9	5	
1	5	7	8	3	10	4	7	4	1	
8	4	10	5	5	3	1	10	6	1	
9	1	9	8	8	1	5	10	7	8	
2	6	2	1	2	2	10	1	9	10	
5	10	8	4	5	3	9	4	4	9	
7	5	9	8	8	3	4	4	5	10	
5	8	8	3	3	6	2	8	10	4	
1	9	3	4	10	7	8	2	3	8	
4	9	8	9	3	6	8	1	6	2	
1	5	2	2	1	3	9	9	1	4	
7	7	2	1	7	6	5	7	10	10	
2	6	10	7	3	6	3	9	5	4	
6	4	9	1	3	2	4	3	2	7	
6	2	5	4	1	3	5	2	8	3	
2	1	6	2	4	8	1	10	1	6	
10	8	7	7	6	5	2	7	7	10	
9	2	9	1	5	7	10	10	7	5	
3	7	3	10	10	6	10	3	6	6	
10	5	10	9	8	9	9	4	9	7	
6	3	8	4	1	2	4	8	10	6	
4	1	7	2	6	1	8	9	7	3	
2	6	6	7	2	6	2	10	2	2	
6	1	2	8	9	3	10	7	5	9	
5	2	9	7	2	9	8	5	6	5	
6	9	3	1	1	2	4	8	2	7	
4	5	2	9	3	7	8	8	3	4	
2	8	6	3	7	2	7	3	6	9	
4	3	6	2	8	9	5	3	8	7	
9	9	10	9	8	5	3	5	6	7	
2	7	9	8	8	4	3	8	7	7	
2	1	7	8	7	9	3	2	1	3	
2	6	9	9	7	8	10	6	10	6	
5	2	5	10	6	4	6	1	1	8	
8	2	4	9	10	8	8	1	10	3	
8	6	2	10	4	4	2	3	7	2	
7	8	5	9	6	5	2	6	9	6	
7	5	3	2	7	2	1	9	5	8	
7	1	8	9	6	6	1	6	4	2	
10	1	7	2	2	4	3	10	1	9	
10	1	6	7	8	1	3	10	5	8	
2	3	8	7	10	10	7	5	3	7	
7	6	6	8	6	2	8	9	8	8	
1	1	2	7	9	8	2	2	7	7	
1	2	10	6	7	7	5	6	4	6	
8	5	5	1	4	2	2	2	2	5	
4	2	5	5	5	4	8	9	10	4	
8	2	2	10	2	4	5	6	3	5	
5	1	3	10	9	2	10	1	8	7	
10	10	2	3	6	6	5	5	10	9	
8	10	10	10	8	1	8	2	7	6	
3	2	7	9	5	5	7	6	1	10	
6	9	8	2	9	8	7	2	6	4	
2	6	9	5	10	3	2	2	8	6	
5	4	4	6	4	9	9	7	4	2	
9	2	2	7	7	5	7	10	7	5	
1	2	9	7	6	7	3	8	6	8	
5	9	6	4	1	8	4	1	6	9	
4	2	6	10	7	3	2	6	3	4	
8	10	7	5	9	6	4	9	5	10	
1	2	4	10	7	7	7	7	6	9	
10	9	6	10	6	10	6	3	2	2	
6	10	5	7	9	1	7	9	2	6	
4	3	3	2	5	2	3	2	3	6	
1	2	9	2	6	2	5	1	1	6	
6	7	6	3	5	7	3	1	10	9	
8	9	1	8	3	7	3	6	10	3	
6	2	4	2	4	5	5	8	3	6	
3	2	10	1	5	8	10	3	5	1	
9	9	6	2	10	3	8	5	6	1	
9	8	2	6	6	5	8	3	1	1	
10	7	8	7	6	10	10	10	9	1	
3	10	8	5	5	1	9	4	8	9	
5	6	3	5	8	9	7	1	2	1	
3	10	8	5	8	10	2	6	5	5	
7	3	7	8	9	9	10	9	2	3	
10	2	10	10	1	1	9	2	7	9	
3	4	7	3	7	6	2	4	8	4	
1	4	7	3	6	10	6	1	6	6	
1	9	2	10	1	2	8	10	10	7	
4	5	5	7	1	3	4	1	9	7	
2	2	2	9	3	8	8	4	6	3	
7	4	10	7	4	6	10	3	6	3	
7	5	9	9	8	6	2	1	2	1	
9	6	5	2	2	8	3	8	6	1	
4	8	5	8	5	9	2	3	2	1	
6	6	8	7	2	1	8	10	2	4	
4	2	6	5	10	6	9	1	10	10	
10	2	2	1	4	1	1	4	5	3	
5	6	2	6	4	10	1	3	7	4	
4	6	2	1	7	7	1	2	3	8	
10	5	6	10	10	4	4	1	4	1	
9	9	1	7	9	10	5	1	1	2	
7	1	10	7	3	4	6	4	10	6	
4	10	9	8	10	9	5	4	4	8	
10	9	10	7	2	3	8	2	9	3	
6	9	1	4	6	6	1	8	9	7	
6	10	4	3	8	8	10	1	7	6	
6	2	7	4	5	9	2	5	7	5	
9	2	2	8	3	6	1	5	7	6	
4	9	5	9	5	9	2	7	9	6	
2	9	8	6	1	8	4	5	6	10	
3	9	6	6	2	10	9	10	3	6	
6	6	9	6	1	4	7	10	7	2	
7	1	8	2	6	3	4	5	7	2	
8	10	9	6	1	10	9	3	9	3	
10	4	9	2	7	8	4	2	1	3	
3	4	8	2	3	1	5	4	4	5	
5	9	5	4	2	4	6	1	2	7	
8	2	6	8	3	4	8	8	9	1	
6	6	9	6	8	8	2	6	4	9	
8	4	3	8	4	8	7	6	3	8	
1	4	10	4	10	1	3	6	3	5	
5	3	2	10	1	3	2	5	6	10	
9	8	3	10	7	5	3	9	4	9	
2	9	6	10	10	10	1	5	2	1	
2	9	4	10	4	9	5	9	6	8	
6	8	2	4	6	8	4	8	5	10	
10	10	4	3	7	6	7	4	6	1	
3	8	9	1	9	3	6	4	10	10	
3	10	5	4	8	8	6	6	10	7	
3	7	8	8	4	10	2	1	3	6	
6	1	10	7	1	7	2	10	4	10	
2	1	7	8	10	7	6	10	4	5	
3	2	1	8	6	6	1	4	10	6	
6	7	1	4	3	7	1	6	6	7	
8	8	4	4	2	7	5	5	7	10	
10	8	4	10	8	1	8	2	1	3	
10	4	7	8	10	5	6	2	5	3	
8	5	6	7	5	10	8	10	3	6	
4	10	2	2	7	5	7	8	8	3	
5	7	1	10	1	1	5	2	4	10	
3	7	3	1	3	10	5	5	5	3	
3	7	8	1	9	10	3	1	9	10	
7	2	4	3	1	7	7	10	4	3	
8	4	5	8	8	6	5	8	8	2	
9	5	1	3	2	6	1	7	8	6	
1	6	2	7	9	1	5	2	7	5	
9	7	4	8	9	7	6	8	9	4	
4	10	9	4	3	9	9	4	7	7	
7	7	6	2	3	3	1	5	8	10	
5	8	9	4	9	2	3	2	5	6	
4	6	5	7	2	8	4	4	10	9	
6	8	6	10	2	1	1	1	7	2	
8	4	2	2	7	8	2	6	10	5	
5	1	4	6	5	1	1	7	10	4	
1	7	5	2	7	6	2	6	8	6	
9	6	1	10	8	6	2	6	4	5	
9	9	6	4	10	4	9	3	1	4	
5	5	6	10	9	9	10	6	4	1	
10	4	9	9	3	5	2	10	1	8	
10	9	4	2	8	7	7	6	9	1	
6	2	2	5	1	10	1	3	1	6	
8	9	2	8	8	9	8	2	8	3	
8	4	9	7	9	3	8	8	8	8	
1	4	10	3	10	7	6	7	9	2	
10	3	3	4	4	4	7	4	6	5	
5	7	6	2	9	3	10	8	8	6	
8	3	6	7	3	3	6	3	3	4	
8	2	5	9	3	2	2	10	2	2	
7	4	6	3	8	2	5	5	9	3	
1	3	8	4	10	5	3	3	4	6	
7	5	7	4	9	6	10	4	4	7	
2	3	4	5	7	9	9	7	2	7	
5	3	10	1	10	3	7	2	3	2	
7	4	4	8	4	2	7	2	2	9	
6	9	10	7	8	10	9	9	6	9	
10	9	10	8	2	4	10	3	9	7	
3	7	10	3	4	1	4	7	8	6	
6	2	7	3	6	3	7	9	3	4	
10	1	7	5	9	2	5	5	1	6	
9	1	8	4	2	6	8	4	8	6	
7	10	4	2	2	2	3	8	3	5	
7	10	9	3	8	7	8	10	10	3	
10	1	9	3	10	6	8	10	6	6	
5	8	5	6	5	6	8	1	7	2	
1	10	4	4	7	4	2	3	8	6	
9	2	8	2	6	10	9	5	9	3	
10	3	9	8	6	10	5	10	10	2	
6	10	1	5	9	2	6	10	5	6	
7	3	3	10	6	1	2	1	8	3	
1	5	2	5	4	9	6	9	6	7	
7	10	9	1	10	1	4	8	5	7	
10	8	5	8	5	2	4	2	4	10	
10	6	1	10	5	3	9	7	2	3	
4	8	2	3	8	9	2	4	2	4	
8	4	10	7	10	9	10	8	2	7	
8	10	6	6	4	5	6	10	4	6	
10	6	4	4	2	4	7	4	7	8	
9	10	2	9	7	8	2	3	5	5	

Stepup times between family, where [f][f] represents initial setup time
On machine	1
12	5	24	14	38	59	49	42	77	89	34	57	6	76	64	88	75	52	27	45	83	86	10	52	1	11	5	20	46	8	5	45	9	70	73	56	15	46	79	73	
87	81	72	76	42	78	85	41	32	52	70	80	68	100	58	64	45	24	90	83	79	4	1	89	95	70	36	9	8	24	94	52	34	62	60	40	22	58	90	99	
8	59	29	19	57	61	78	25	69	73	46	50	69	99	88	36	81	46	67	71	67	31	43	51	82	43	47	17	65	30	19	76	77	88	15	99	65	18	79	78	
56	66	29	93	31	41	23	63	74	58	41	9	94	65	62	14	36	87	44	50	44	61	87	13	17	65	43	61	14	47	44	7	54	80	65	54	74	82	45	86	
51	66	54	84	24	98	29	3	53	82	94	35	94	62	91	44	11	68	13	82	12	16	96	40	61	25	10	80	1	89	79	49	28	10	31	92	100	69	67	4	
45	73	78	74	18	35	90	9	28	95	63	78	15	83	72	100	80	88	56	63	50	57	46	16	19	46	98	98	56	26	32	37	59	17	45	72	83	72	80	42	
32	71	23	20	20	20	75	18	40	20	25	31	44	41	66	39	41	26	22	9	35	3	48	2	42	81	93	6	71	62	65	84	75	66	71	85	69	37	41	68	
90	11	37	95	80	64	54	7	2	63	3	77	84	44	28	3	60	41	38	92	8	19	65	48	26	35	16	18	91	50	6	91	50	5	38	26	79	72	72	12	
73	57	32	100	97	29	72	12	69	60	63	25	44	73	36	80	65	9	19	66	64	51	17	83	90	74	73	79	58	83	34	98	72	18	21	23	59	32	99	54	
8	48	46	84	77	41	27	59	19	28	71	45	16	52	98	14	36	5	82	35	86	10	90	73	8	80	44	79	24	10	93	1	54	94	24	31	86	2	77	77	
81	22	27	92	43	13	95	59	3	35	21	77	30	92	52	96	65	75	54	96	54	92	54	48	64	94	79	77	62	41	31	1	84	50	69	3	24	16	56	91	
6	20	60	65	86	82	14	57	30	68	68	51	27	49	62	12	4	42	52	26	66	100	52	78	29	75	2	41	49	15	28	86	53	52	35	19	86	64	2	13	
19	61	51	77	2	71	77	71	53	34	2	39	18	100	93	52	11	44	68	78	95	19	83	7	72	98	4	56	9	87	84	32	84	26	11	45	44	23	33	3	
86	44	78	12	71	33	40	48	90	47	74	30	4	27	74	24	53	83	10	35	20	52	93	37	6	36	37	12	78	39	51	8	59	46	11	41	78	89	61	40	
6	61	52	65	37	87	28	23	73	58	71	85	93	20	53	57	60	54	18	64	68	33	16	43	45	90	1	75	42	41	52	39	28	84	2	7	77	59	20	45	
56	23	23	48	76	56	34	94	14	86	73	37	56	83	44	25	62	46	7	85	100	6	69	76	65	35	59	80	81	96	21	43	90	54	75	86	97	15	71	40	
9	13	28	10	92	50	56	87	62	92	26	48	77	77	97	5	62	58	17	18	30	33	93	58	24	83	78	68	97	100	10	92	48	76	3	99	20	71	78	92	
99	53	65	5	67	56	53	41	13	32	80	82	1	80	42	75	19	17	42	41	13	29	54	74	3	69	71	79	81	61	44	8	40	11	4	55	37	28	29	14	
70	79	79	83	15	71	74	15	29	21	26	55	89	100	89	54	85	63	53	58	61	34	37	54	30	74	1	24	31	19	13	86	18	64	20	37	41	72	32	14	
20	84	29	78	38	9	75	56	48	61	75	16	88	67	73	70	44	76	72	29	42	43	49	19	32	57	71	37	48	27	78	27	15	37	81	90	19	91	33	28	
17	71	34	72	99	82	54	99	87	42	20	75	98	64	65	22	83	68	32	99	49	88	77	58	53	69	100	19	1	18	48	45	91	45	67	32	28	2	10	22	
33	13	97	91	54	58	47	28	5	18	38	60	47	88	20	24	62	46	64	48	79	78	44	50	29	88	96	49	84	35	4	44	67	68	10	56	100	69	21	35	
99	95	48	50	46	9	66	23	79	59	52	52	35	70	72	83	68	13	48	61	25	30	88	14	36	41	64	65	18	64	79	34	56	73	56	39	48	78	72	98	
55	91	71	36	47	15	9	66	96	18	77	26	68	40	92	44	6	6	5	22	59	28	14	12	66	7	61	47	55	33	17	92	56	6	63	90	42	98	4	81	
19	59	50	44	21	62	27	47	78	88	85	94	19	46	24	99	1	60	100	23	11	48	73	65	99	55	4	48	22	72	12	8	91	1	18	70	52	99	22	63	
9	83	90	40	59	7	58	53	93	65	23	7	82	16	46	35	89	67	97	91	79	4	27	49	19	94	5	11	25	99	54	5	75	80	84	19	35	39	18	88	
50	29	43	73	23	58	68	72	74	44	9	75	28	9	20	49	47	55	55	93	58	56	56	4	35	47	69	84	74	8	96	53	6	25	5	2	50	22	23	53	
75	23	8	45	22	81	78	25	11	35	16	4	46	12	16	46	65	71	48	70	68	91	7	37	95	92	48	98	86	36	91	1	98	64	52	51	34	65	98	62	
63	96	83	49	32	50	96	88	94	97	39	98	3	92	45	26	25	56	48	79	51	11	74	76	12	97	71	49	44	24	19	58	26	72	11	37	10	58	7	81	
74	75	9	48	22	35	65	98	59	26	3	94	70	71	31	90	93	25	58	62	91	4	94	80	76	94	56	20	10	96	43	46	65	7	9	49	81	63	73	14	
14	22	40	15	94	79	33	54	70	45	86	92	81	86	58	44	81	50	16	14	60	44	18	90	38	86	67	93	33	17	20	96	45	40	13	59	87	3	63	30	
89	10	94	76	22	10	84	28	10	62	33	8	46	40	50	28	64	44	3	15	32	17	35	72	89	75	33	49	10	25	73	80	52	39	96	99	40	45	66	56	
67	21	86	27	13	19	23	40	69	69	18	96	99	97	79	26	66	11	33	85	71	73	87	96	98	37	37	31	29	88	46	58	15	20	48	67	35	5	90	60	
19	66	79	70	74	12	94	5	14	75	100	31	95	65	56	76	78	2	47	42	65	4	87	73	78	36	55	3	87	44	79	53	2	90	29	73	7	99	9	87	
84	77	54	62	10	84	18	62	31	94	85	81	52	28	19	40	100	1	100	95	97	94	91	56	2	48	28	38	97	87	50	96	48	8	80	75	4	24	9	58	
38	4	88	54	67	53	1	2	59	98	77	79	92	74	55	96	20	86	22	86	49	76	19	51	43	23	41	53	53	57	63	9	70	24	40	84	66	38	16	27	
14	39	12	95	68	73	34	14	100	100	28	11	49	26	8	70	85	56	49	87	61	12	23	20	40	20	29	54	62	32	11	50	27	82	56	36	44	79	53	77	
99	73	4	99	95	100	52	78	7	41	96	7	74	55	20	90	90	83	67	31	6	51	92	32	80	55	6	74	15	21	86	12	14	14	90	41	90	86	36	77	
33	50	30	64	45	39	77	73	98	92	66	62	96	76	77	8	34	85	83	47	81	48	75	7	29	66	30	29	23	19	63	44	70	99	30	76	97	27	82	82	
37	22	15	71	78	49	86	24	40	58	24	47	88	31	46	72	5	83	37	93	62	39	62	29	34	77	3	66	37	31	58	62	29	23	79	72	93	63	32	90	
On machine	2
62	40	18	77	59	69	81	88	93	16	64	13	11	76	22	25	35	80	8	48	41	55	100	30	57	86	97	34	10	17	34	43	91	21	96	59	29	68	62	38	
80	27	36	99	31	50	96	98	60	90	66	67	41	86	22	41	91	86	13	94	47	63	89	52	55	15	59	100	74	42	69	68	89	44	99	46	86	33	32	12	
60	28	79	29	71	33	33	98	65	57	14	71	54	10	30	90	74	3	96	93	13	81	30	5	91	26	7	43	72	80	84	46	20	83	81	59	77	18	72	45	
19	93	81	58	89	93	82	39	72	14	56	4	11	25	64	46	81	43	99	20	96	22	33	43	35	29	95	19	18	49	4	10	50	77	92	39	57	51	73	89	
40	93	48	42	63	47	41	76	100	70	55	24	84	96	68	91	80	3	61	73	67	63	92	89	92	21	28	87	100	65	5	42	96	10	38	21	78	91	94	79	
74	28	22	87	60	55	67	21	35	60	5	2	91	87	46	77	97	35	62	62	93	97	56	26	40	87	50	52	14	57	14	30	76	45	18	75	73	4	5	73	
62	39	36	31	21	35	18	88	45	53	53	84	70	15	56	49	72	8	69	78	54	84	79	75	49	85	90	4	40	52	77	80	34	96	76	41	34	26	11	37	
62	98	57	65	36	34	70	12	21	61	8	49	89	90	2	57	70	13	74	80	25	94	36	86	45	23	57	44	9	92	21	70	8	35	36	9	51	92	8	44	
38	54	49	22	8	40	71	41	71	7	62	96	55	61	12	63	72	91	56	51	87	7	45	73	27	43	65	67	6	34	17	39	33	56	58	87	61	72	80	62	
20	74	36	32	28	58	26	49	82	2	33	67	99	66	26	42	23	85	22	9	15	31	66	69	21	22	39	62	29	33	47	73	94	15	4	86	98	23	66	90	
1	67	34	43	58	37	25	50	72	49	62	73	30	49	9	12	41	51	28	20	94	40	7	28	15	6	50	32	41	54	86	58	82	7	28	32	12	55	7	14	
80	41	83	93	85	29	78	48	43	36	89	19	96	58	66	51	15	41	54	23	66	57	48	100	59	72	9	95	95	58	54	30	44	87	91	4	57	9	23	10	
73	86	95	15	45	59	19	24	39	65	40	81	87	91	21	45	69	80	34	38	97	79	95	11	41	12	89	61	26	74	91	49	63	22	36	75	15	28	76	2	
58	66	15	9	42	85	93	71	94	48	92	37	92	32	3	82	38	68	36	70	95	80	71	8	14	46	23	70	51	85	7	14	65	39	86	26	80	93	3	85	
27	48	28	46	57	92	96	8	32	51	1	23	80	4	64	52	62	1	92	23	85	56	73	18	55	24	71	9	12	9	25	3	8	81	63	43	95	48	44	28	
7	63	89	74	8	95	41	25	26	23	67	24	40	62	20	58	41	99	78	25	23	73	27	69	16	15	71	44	21	29	63	10	50	4	49	74	18	21	79	56	
91	54	18	21	81	23	24	86	81	11	71	57	42	74	61	30	32	16	45	55	92	91	50	42	7	55	59	10	70	70	83	64	21	95	19	53	14	29	55	39	
95	62	37	61	87	27	36	22	54	4	59	75	27	32	77	94	84	32	61	39	90	44	1	76	27	88	22	29	51	46	5	53	53	92	48	74	1	9	72	94	
36	75	3	72	95	23	30	20	20	81	29	51	41	20	20	71	10	11	9	33	93	28	21	63	40	18	20	48	51	7	91	1	37	65	95	74	54	55	87	11	
81	1	8	4	54	39	70	53	82	51	25	66	74	10	51	76	45	94	24	4	38	91	33	27	67	84	94	35	34	21	26	75	36	27	78	83	22	86	87	17	
29	32	64	30	26	22	41	99	5	88	8	59	55	1	1	9	60	31	81	18	28	37	67	89	78	76	87	19	42	76	99	34	14	6	19	25	63	37	79	55	
20	95	25	44	39	82	85	30	28	6	57	27	84	21	20	96	78	96	64	65	2	88	25	69	2	98	95	28	66	69	36	42	50	50	4	10	5	1	86	31	
59	3	34	27	37	27	1	63	88	71	33	35	50	86	26	73	56	41	65	28	51	38	77	34	27	99	80	56	9	24	49	58	15	34	45	50	46	63	88	89	
47	33	30	9	23	6	41	88	22	26	15	32	62	98	15	30	75	24	8	43	95	98	62	97	93	18	77	16	17	39	57	93	36	27	29	71	88	78	89	30	
82	56	74	56	69	54	98	13	51	64	22	84	10	94	65	16	91	67	19	25	16	66	44	10	1	13	52	37	2	25	24	6	36	17	76	42	21	82	68	5	
57	54	1	40	60	57	50	89	98	63	35	74	86	93	1	10	54	36	84	51	97	57	6	63	85	73	8	94	32	72	95	87	89	39	24	17	100	14	35	22	
15	54	84	59	48	63	97	6	85	62	100	91	67	57	53	20	63	72	46	41	16	60	94	56	62	58	57	65	69	26	38	13	76	7	52	13	4	24	45	96	
86	30	94	58	91	23	66	56	34	56	59	5	47	55	43	84	99	69	70	25	89	71	46	18	1	10	36	7	78	64	63	100	95	33	62	16	93	4	81	64	
83	12	83	51	12	39	87	100	87	12	71	48	79	85	15	43	5	17	66	76	100	2	98	33	13	37	45	37	37	82	99	98	49	98	36	96	15	73	94	27	
30	95	97	13	79	56	16	78	40	30	89	50	44	31	98	15	87	86	79	44	70	93	74	52	6	14	7	70	3	46	42	3	65	64	67	2	57	65	43	72	
44	23	92	70	9	95	69	28	45	64	66	87	47	79	6	36	85	66	79	11	6	62	50	74	36	46	97	88	36	11	87	88	75	29	99	60	61	4	49	6	
28	36	89	47	40	80	38	24	39	51	48	17	82	42	26	72	23	81	32	85	23	98	78	77	96	55	35	91	58	11	77	40	15	50	32	46	17	3	37	29	
5	78	31	41	30	96	58	4	100	84	77	39	25	58	39	95	51	19	9	98	65	65	60	96	88	27	19	39	14	58	11	60	22	68	86	76	20	37	68	75	
42	81	75	51	57	43	31	14	17	16	29	24	6	13	29	3	58	58	55	68	85	69	21	87	80	66	7	99	70	57	34	2	3	78	14	82	98	16	34	79	
7	65	67	96	85	73	30	14	26	46	28	63	28	46	76	40	17	55	13	71	90	72	89	72	19	8	79	24	84	26	2	63	97	2	31	71	43	99	87	24	
66	46	92	68	54	76	56	76	35	92	6	78	89	80	1	11	77	17	66	96	33	72	7	19	49	10	86	75	29	89	55	62	74	93	53	33	48	93	24	18	
25	7	58	47	81	52	23	37	19	51	45	73	40	60	50	58	100	69	76	29	41	56	30	26	56	17	26	59	6	68	53	75	64	16	26	71	44	97	23	23	
57	59	19	70	31	17	32	5	61	85	68	29	37	93	27	99	58	46	69	42	47	91	45	21	35	10	35	67	100	36	16	76	35	2	18	66	49	10	92	38	
4	21	31	70	6	19	98	34	66	6	25	71	45	13	54	39	18	78	2	9	28	80	13	29	64	6	8	77	98	94	19	63	81	99	89	85	6	14	17	93	
11	76	91	16	98	54	85	19	73	94	40	21	24	57	33	38	69	92	28	4	3	48	16	96	13	69	54	42	18	37	40	92	55	44	54	55	80	90	23	88	
On machine	3
71	69	65	76	41	34	55	72	76	82	23	84	17	20	21	26	88	38	57	56	1	22	5	15	100	31	51	5	93	84	54	73	87	22	63	82	43	19	71	52	
65	97	48	36	70	47	79	56	6	51	42	8	51	30	41	33	34	36	72	69	4	93	84	86	3	8	92	49	31	97	26	14	14	56	9	67	90	68	67	63	
93	63	52	35	85	49	27	46	76	33	72	72	49	26	78	58	49	45	93	83	89	26	7	44	85	28	87	41	41	41	54	18	1	45	93	10	69	66	45	75	
11	65	81	46	30	68	85	85	52	58	26	32	10	52	3	69	100	98	59	7	31	12	14	37	20	43	33	2	89	21	2	56	48	4	39	31	62	90	7	61	
87	66	62	22	9	100	8	71	69	28	98	97	24	39	48	15	46	64	27	18	57	56	48	51	64	78	39	60	52	28	36	86	22	52	78	77	9	46	29	43	
19	49	37	53	46	33	39	70	99	83	100	88	19	20	86	67	14	94	42	20	56	37	14	52	65	80	12	98	100	79	22	59	69	83	46	43	28	9	59	88	
54	15	45	55	62	96	33	72	55	99	85	55	87	76	47	60	52	47	10	46	72	33	65	56	68	39	76	41	74	14	38	83	11	51	93	7	23	92	34	33	
59	37	77	51	7	73	58	30	69	52	13	58	63	46	67	65	97	41	30	40	39	28	46	43	86	92	46	15	40	4	35	28	88	60	58	16	18	94	19	83	
70	85	83	56	25	38	46	8	33	19	86	59	2	28	13	53	29	60	41	77	62	19	65	47	5	87	14	46	23	70	16	81	74	50	79	76	70	94	45	88	
14	63	13	16	27	55	73	48	5	95	4	40	98	33	52	59	67	60	51	65	56	87	95	24	32	7	42	39	13	77	76	47	67	60	80	42	2	80	96	69	
37	49	51	25	7	18	94	40	40	58	13	33	83	29	62	56	49	56	87	19	89	24	74	39	11	59	15	65	47	13	37	83	69	64	37	40	56	45	46	37	
51	14	12	46	69	89	19	12	19	17	48	78	90	27	7	43	17	21	21	17	48	30	55	55	77	67	95	80	66	99	71	98	38	26	34	52	60	16	49	46	
65	87	19	34	19	72	41	2	77	26	40	53	5	1	64	40	87	79	38	29	78	32	71	62	40	78	59	61	17	98	72	42	79	70	100	44	72	70	1	27	
37	34	27	60	91	99	32	77	76	3	56	91	70	43	50	68	27	89	64	68	15	48	51	87	83	83	1	19	12	70	18	91	47	96	55	1	25	62	44	94	
87	25	44	40	8	85	1	53	85	27	66	20	5	11	24	66	6	9	68	22	66	30	9	93	97	79	59	2	46	32	100	63	95	28	14	58	81	38	39	7	
84	17	91	65	71	72	25	95	51	25	38	6	28	85	33	100	19	7	80	43	18	17	19	8	20	62	4	74	100	35	58	29	31	82	69	48	8	17	29	31	
60	56	39	95	75	42	42	83	29	3	39	83	97	57	43	39	12	80	37	9	64	27	26	8	20	34	16	74	54	69	30	61	94	4	53	67	48	57	44	80	
73	41	75	97	76	6	1	88	36	28	49	53	45	83	3	43	54	41	73	88	36	5	62	44	12	22	15	52	54	37	97	17	56	30	9	47	10	28	10	1	
6	48	33	47	84	96	34	52	72	62	33	63	53	55	92	47	55	45	66	47	51	51	13	25	76	86	52	80	53	96	9	14	42	58	87	28	43	55	51	64	
85	40	76	63	15	36	36	21	54	37	64	71	83	57	30	50	66	79	20	93	38	72	77	29	60	16	81	1	72	18	66	3	98	90	12	24	19	57	5	8	
98	100	49	52	71	27	98	2	97	60	83	8	11	12	79	80	55	63	16	72	92	77	40	97	72	2	40	62	63	57	59	68	48	96	58	51	80	24	9	53	
1	39	38	3	9	77	15	83	65	85	74	98	46	96	100	93	51	60	44	27	83	57	26	49	8	96	79	1	100	17	21	57	28	24	89	11	31	96	90	11	
67	55	83	77	99	6	60	1	54	67	40	28	35	7	19	79	64	9	92	88	77	77	88	34	31	90	96	29	64	67	33	40	79	62	38	52	4	60	34	31	
51	38	87	7	19	11	22	84	80	2	92	16	45	86	75	95	40	84	28	52	22	93	30	2	89	76	73	94	8	6	22	16	64	16	78	65	3	33	96	78	
15	67	41	20	99	49	7	78	64	75	45	8	17	48	25	36	51	11	99	75	31	11	73	24	73	70	87	28	37	51	6	69	11	33	71	11	84	22	84	65	
88	87	51	49	50	5	99	35	70	29	6	56	15	19	37	27	34	99	67	65	63	10	42	32	22	96	92	73	41	34	40	38	22	10	22	23	32	36	31	54	
11	45	24	90	46	75	61	52	97	32	63	45	6	72	58	51	96	59	58	95	24	9	90	21	70	30	39	36	12	2	95	94	93	60	71	51	58	99	35	38	
37	83	72	90	84	67	16	64	86	43	92	46	29	70	100	52	31	10	13	42	47	67	4	23	21	33	41	76	31	7	7	77	9	35	59	80	4	99	82	69	
9	32	10	34	8	65	47	82	10	88	77	88	44	22	73	13	66	35	40	49	90	17	32	15	4	6	68	43	84	55	87	62	6	91	95	84	53	33	81	9	
2	37	90	96	81	60	68	48	41	22	26	16	57	45	7	49	19	85	48	6	53	54	26	38	46	92	44	21	29	20	43	55	35	59	59	14	35	66	80	65	
20	13	34	68	16	15	25	4	30	80	98	70	43	71	39	38	78	53	14	35	1	57	49	32	33	99	65	21	21	2	29	14	24	13	36	7	5	42	72	77	
58	88	100	77	64	20	91	14	86	84	9	57	20	13	62	16	72	22	48	31	62	4	100	79	93	1	79	40	63	96	93	59	28	71	75	3	47	92	73	42	
34	5	83	15	74	9	73	22	15	63	33	35	34	66	16	6	29	73	98	7	27	32	88	21	98	82	75	67	86	36	80	82	17	52	36	82	73	87	84	81	
74	3	45	71	54	82	94	9	7	17	93	55	54	74	88	66	26	42	20	37	5	67	15	26	38	72	28	69	49	20	58	91	81	16	31	14	1	62	7	75	
67	72	21	86	89	92	41	58	38	84	39	74	69	27	40	15	18	46	76	65	36	10	73	18	89	83	76	77	41	59	48	45	38	19	30	29	41	57	81	52	
100	61	99	73	72	9	26	47	26	83	79	31	39	59	66	78	95	14	52	68	79	38	10	4	75	90	20	90	61	65	81	6	8	4	10	49	63	32	10	51	
32	86	38	84	3	51	22	92	6	28	19	6	45	67	78	74	62	30	53	33	8	67	37	56	49	63	67	82	67	60	31	40	62	74	67	93	72	1	3	73	
19	91	26	95	24	16	26	87	72	90	26	88	37	19	51	42	54	75	63	17	78	49	66	55	4	23	82	73	26	9	71	90	91	75	11	100	21	89	1	98	
6	91	37	1	55	77	33	54	30	8	14	91	57	85	89	34	5	83	38	19	10	13	13	28	13	94	76	7	16	94	62	5	88	66	81	85	50	70	22	89	
34	100	84	51	12	100	30	80	83	100	24	18	21	72	61	88	5	87	85	25	45	77	74	3	62	77	67	41	59	79	65	32	41	18	47	86	29	37	46	39	
On machine	4
57	63	71	32	65	42	86	72	14	41	96	96	13	60	61	47	28	96	45	44	50	91	70	92	96	31	54	93	38	20	50	44	58	5	24	73	59	48	43	45	
78	15	42	29	81	11	3	89	47	22	86	28	32	14	77	64	11	73	36	81	99	18	46	2	57	29	31	29	64	57	12	22	90	77	30	16	48	94	72	66	
65	47	41	22	36	58	50	12	13	93	62	82	69	70	31	91	95	40	65	3	43	59	38	72	10	23	8	28	67	65	23	7	60	73	50	15	74	8	5	61	
98	89	49	56	79	81	100	2	98	98	78	69	15	95	81	76	59	80	60	14	56	57	93	88	38	97	19	72	98	8	13	50	83	96	43	26	50	98	22	87	
18	17	26	65	13	8	28	66	63	9	94	100	60	91	2	31	95	98	16	4	76	52	54	58	50	47	35	6	92	14	49	88	23	25	21	66	69	87	100	66	
63	55	38	21	39	51	24	56	39	28	20	98	64	57	89	83	36	11	53	36	17	66	23	98	14	1	62	100	42	81	11	58	90	21	91	64	57	31	16	47	
56	52	76	69	97	16	42	35	33	65	5	25	67	57	51	67	41	58	41	29	99	50	80	93	56	89	8	24	39	98	10	28	68	29	20	9	99	24	76	56	
10	52	77	37	74	78	4	52	39	76	48	29	68	84	3	74	100	36	69	44	8	15	20	40	57	40	88	83	31	46	91	12	81	21	68	21	99	33	26	96	
64	68	86	27	79	22	87	19	61	70	14	56	21	17	34	89	2	2	49	94	23	70	56	43	62	15	92	25	35	77	2	34	89	23	32	46	42	45	41	11	
48	44	24	76	2	72	29	51	91	98	64	81	1	59	21	37	66	50	95	34	5	41	90	12	48	77	45	55	99	96	28	97	77	59	66	28	57	70	96	66	
59	20	50	93	71	48	52	91	35	45	20	57	59	87	94	68	67	51	42	1	18	16	70	6	20	66	46	60	44	17	13	16	42	68	9	8	9	97	37	100	
31	70	92	35	67	3	38	39	47	67	87	27	97	18	78	97	78	95	95	100	37	85	53	38	49	24	21	35	31	67	80	2	85	84	43	78	16	65	81	80	
28	41	90	4	58	20	10	86	27	25	16	56	22	5	75	79	73	33	82	52	54	4	39	6	15	27	79	26	31	92	50	29	19	46	22	96	65	82	40	72	
79	91	86	44	98	55	27	65	82	92	24	53	90	58	9	3	25	68	90	68	24	53	53	6	87	62	92	57	26	75	43	26	42	29	95	93	60	92	62	95	
16	57	35	20	48	14	37	14	48	80	17	24	76	12	92	25	65	49	67	46	13	18	15	96	37	8	77	66	85	79	94	85	36	23	36	75	96	62	70	56	
73	92	97	88	14	16	17	26	16	89	12	95	73	54	24	40	36	96	3	8	61	39	6	72	95	18	3	31	94	38	23	62	15	62	73	22	31	30	69	56	
58	74	94	35	37	60	66	91	27	47	61	90	51	85	96	45	5	63	40	80	48	97	91	10	84	95	59	62	93	79	18	11	91	19	15	72	30	1	78	55	
50	26	95	97	70	43	59	31	2	34	37	47	48	76	38	44	44	32	36	17	20	96	82	67	13	52	18	82	68	31	40	83	15	53	86	61	56	29	37	44	
98	48	32	87	13	84	45	64	10	98	14	94	48	92	94	41	70	35	5	11	55	26	30	57	36	46	54	75	99	17	96	52	45	2	88	67	64	28	98	57	
100	78	76	11	95	83	82	99	59	34	1	43	21	69	92	12	87	88	10	20	15	59	11	37	66	18	7	56	32	89	18	7	69	25	74	73	69	60	64	50	
87	33	35	80	87	16	81	20	99	62	64	52	87	77	93	79	2	92	66	7	29	18	95	41	31	30	36	86	23	13	46	56	57	91	89	62	71	47	74	57	
70	25	23	41	69	51	95	34	78	66	64	81	96	78	45	86	31	12	48	35	33	30	38	92	39	15	22	4	18	74	91	42	90	20	33	77	24	38	30	65	
33	42	5	3	49	72	2	8	39	13	89	11	35	79	93	64	92	87	99	50	43	56	61	70	33	49	69	25	64	41	32	67	70	30	81	75	47	37	5	13	
15	92	9	47	77	62	51	85	80	82	95	95	21	52	11	80	9	89	43	93	62	77	8	91	80	61	89	45	13	14	33	76	59	28	30	30	59	22	20	27	
79	38	41	83	41	43	51	19	71	26	30	3	32	92	2	77	20	31	72	4	87	31	87	18	17	47	52	13	85	48	20	87	42	28	11	67	41	53	62	73	
96	14	51	72	28	85	61	43	86	5	19	67	11	89	20	47	14	6	5	4	38	80	87	71	54	43	74	14	66	23	1	37	78	97	50	75	25	10	57	53	
45	93	77	71	63	51	70	64	57	89	47	12	54	70	49	73	55	53	1	72	66	36	87	19	64	68	69	81	42	73	13	72	18	3	80	32	13	40	98	55	
18	8	28	27	80	14	78	87	34	96	1	57	51	4	40	47	26	54	67	65	10	88	33	56	12	80	59	55	45	57	7	46	40	85	14	18	29	27	52	67	
78	73	33	70	4	82	60	67	2	80	11	96	30	68	70	35	51	84	67	76	70	87	95	75	28	71	80	85	62	82	62	98	79	94	15	9	83	27	20	5	
2	66	89	74	62	75	21	18	8	5	26	3	99	72	74	12	74	54	57	24	7	10	84	40	8	98	6	73	67	4	16	55	35	5	9	80	44	81	65	52	
42	19	17	89	21	98	39	11	60	91	56	3	8	16	2	33	73	17	65	87	20	31	41	93	98	49	44	35	90	32	32	51	69	87	46	42	80	68	28	81	
21	38	88	89	25	84	82	83	79	18	74	16	80	62	96	4	3	47	10	77	78	96	28	1	49	6	34	99	44	66	39	80	33	97	25	97	39	92	2	54	
23	13	77	1	59	3	70	8	53	82	90	78	60	18	77	2	16	45	25	12	16	55	89	92	89	19	33	31	51	26	66	62	91	10	72	28	14	81	7	22	
46	7	61	17	8	33	56	15	45	51	57	84	73	100	43	66	30	28	2	14	67	98	97	19	90	45	60	86	48	44	23	69	21	56	42	61	79	62	74	7	
68	42	83	54	63	90	25	93	10	82	88	5	44	76	55	56	61	98	5	97	34	45	54	56	25	24	35	69	91	93	92	27	11	26	70	37	72	43	2	68	
79	48	58	13	81	70	93	37	29	47	91	54	88	7	3	100	67	40	66	6	13	82	65	90	48	38	94	42	60	28	19	34	53	21	46	79	63	18	26	65	
33	53	99	23	21	95	65	65	9	20	7	96	73	39	45	50	4	100	3	41	45	31	71	85	20	81	56	47	23	51	91	31	26	23	5	95	45	86	9	45	
34	47	77	35	66	75	72	94	20	1	92	6	7	32	80	100	97	29	35	85	4	43	82	33	58	52	45	23	7	60	77	40	74	28	60	1	25	12	18	69	
22	81	95	4	92	15	40	83	86	64	91	58	12	70	17	27	16	5	83	23	89	59	88	27	91	18	71	78	59	76	90	28	19	51	16	79	24	10	29	85	
7	14	49	64	29	8	26	60	75	25	83	10	90	71	18	8	41	92	61	64	24	48	70	38	22	99	83	65	76	32	72	43	10	48	33	5	35	89	2	39	
On machine	5
5	12	3	76	81	15	1	67	6	11	7	91	74	37	94	81	75	12	44	57	90	50	59	65	86	35	51	97	61	55	68	3	50	78	12	25	17	5	57	33	
19	67	66	92	43	28	56	72	44	35	32	68	68	54	31	15	16	80	3	18	79	12	76	62	36	42	33	81	28	93	54	69	42	88	89	53	70	57	68	4	
8	1	90	48	66	6	72	36	8	30	16	18	33	23	10	19	42	9	6	42	91	59	49	11	10	25	96	70	39	91	34	72	100	65	82	6	82	25	8	20	
39	94	89	28	49	59	8	10	98	63	11	13	27	86	15	26	31	8	85	81	76	31	40	4	12	61	54	49	51	78	92	36	10	61	18	14	62	62	6	25	
11	21	5	46	97	76	85	13	94	60	98	57	28	45	60	61	26	44	24	36	75	62	93	1	22	13	91	35	1	85	38	6	23	70	87	58	60	83	59	94	
100	86	41	1	18	79	63	27	81	4	33	61	8	55	84	31	40	71	30	78	19	13	15	44	62	49	14	67	75	40	88	81	74	31	29	75	41	99	57	75	
42	83	73	6	8	89	95	99	8	60	21	84	73	54	78	5	85	9	36	68	89	9	27	90	52	24	25	25	12	1	86	50	29	24	80	22	40	3	37	18	
31	90	34	93	72	6	83	33	80	75	97	94	2	4	42	97	98	49	62	23	47	31	75	60	75	61	66	85	92	4	54	55	100	46	78	2	6	53	89	23	
71	21	96	99	42	34	81	9	43	93	78	40	55	11	74	17	27	54	61	61	19	22	68	24	67	98	88	38	43	35	95	11	12	4	17	31	42	100	75	21	
11	9	78	47	98	45	13	38	82	63	9	75	2	27	24	25	13	61	70	36	26	58	60	77	63	46	75	35	27	21	10	8	13	7	97	55	69	64	40	13	
52	33	90	43	8	36	63	54	1	21	100	1	74	59	2	84	46	41	25	29	45	52	22	63	22	96	69	13	29	74	88	96	39	26	91	88	33	79	33	3	
6	98	57	67	42	78	85	59	99	44	64	90	98	68	77	26	71	44	53	25	22	87	35	58	46	31	86	54	24	22	38	60	17	65	16	76	57	95	16	27	
53	88	41	57	13	1	27	95	18	27	89	95	71	10	59	15	98	3	77	2	25	39	30	72	20	84	3	52	61	62	15	34	72	13	84	22	35	78	27	99	
91	26	96	85	9	28	84	51	19	2	17	82	66	26	98	50	96	5	61	38	77	63	68	50	46	60	2	91	41	62	3	56	89	11	52	52	83	73	18	15	
68	53	40	93	46	70	100	32	47	68	71	45	53	35	96	73	67	30	38	49	76	87	87	56	39	74	3	37	77	64	70	94	17	97	36	15	71	61	76	74	
19	67	15	73	10	55	77	45	43	26	67	90	88	60	85	34	60	25	2	76	59	4	17	36	85	84	60	100	6	21	54	60	46	32	82	46	68	26	33	96	
68	12	12	13	6	45	78	10	64	17	21	33	6	3	98	58	1	6	65	15	49	57	70	36	56	32	59	59	14	36	12	8	85	94	67	29	96	8	26	70	
30	82	46	11	73	81	55	10	45	75	79	51	29	16	42	82	85	40	83	61	46	41	45	93	40	39	25	8	14	31	88	29	4	52	39	5	18	75	26	64	
83	85	60	50	15	97	33	86	12	73	51	84	33	14	82	11	98	64	60	54	12	19	32	55	27	34	27	12	84	100	91	61	70	34	50	96	63	28	96	19	
68	98	64	45	12	62	21	36	4	15	40	22	19	73	5	10	69	53	69	27	35	100	6	2	53	51	11	51	36	68	96	4	57	97	81	82	49	46	10	54	
26	2	33	9	30	60	44	63	28	99	93	36	60	74	62	4	62	1	57	100	22	13	42	7	69	54	81	52	52	30	36	91	93	4	10	62	24	46	19	86	
20	6	88	72	54	63	74	75	27	48	16	53	5	55	17	29	28	24	97	65	100	39	16	48	8	61	94	25	14	91	100	62	60	68	67	80	16	19	77	11	
31	77	92	23	65	21	12	25	11	65	55	13	22	9	65	59	64	80	64	11	39	84	68	93	49	33	46	36	61	56	10	49	66	32	97	55	19	22	9	46	
48	1	23	58	77	2	27	30	100	52	17	1	6	87	58	35	30	73	73	34	64	39	71	18	68	62	32	75	5	78	93	67	65	90	29	50	55	90	61	86	
53	70	32	87	35	20	92	38	92	30	37	90	57	35	46	80	18	20	55	48	33	99	95	100	100	77	39	75	2	49	24	86	88	68	12	46	32	65	5	56	
76	48	87	52	49	17	52	24	91	41	58	89	6	31	48	70	100	76	19	40	25	39	39	57	58	87	83	22	39	98	73	42	23	90	44	24	68	19	53	74	
19	36	31	57	78	27	76	53	77	25	73	90	70	13	99	94	39	90	76	71	63	87	8	76	6	11	77	54	19	48	5	65	76	85	94	76	32	24	85	35	
72	24	37	23	52	86	41	4	61	12	73	84	52	45	13	75	12	60	19	23	100	97	90	4	46	85	7	76	18	89	89	72	52	93	90	24	54	46	58	31	
4	7	96	24	64	67	31	95	29	5	72	82	81	8	41	56	42	79	72	39	27	36	15	85	76	30	92	26	66	91	21	97	46	27	33	80	4	7	34	8	
26	56	93	91	78	17	79	41	21	75	78	62	79	88	97	11	66	89	2	37	77	47	23	84	57	12	96	52	54	72	9	97	29	87	77	65	55	16	13	28	
37	63	23	43	26	13	25	98	52	63	3	53	85	92	80	97	78	83	78	64	46	87	47	34	30	86	50	8	23	66	86	52	52	85	3	76	24	51	45	8	
62	55	63	30	100	46	70	65	22	30	57	76	11	36	79	55	8	46	74	92	16	42	44	28	99	83	13	65	9	3	77	92	72	46	11	51	75	26	70	44	
77	77	85	34	83	81	14	82	21	98	5	9	7	75	87	89	48	86	5	20	79	99	93	34	66	64	65	78	14	54	80	86	53	99	47	96	80	95	77	62	
22	92	70	22	8	54	79	5	1	40	79	82	16	20	75	8	94	88	14	87	60	83	40	28	52	65	28	4	53	99	92	41	14	93	67	55	47	14	49	37	
56	4	9	6	64	66	86	64	98	57	32	87	84	22	85	84	81	45	79	17	59	21	100	8	13	3	93	39	31	16	10	58	47	57	64	69	37	80	98	49	
35	57	11	70	68	6	100	92	67	70	91	47	100	49	80	98	42	29	72	6	54	53	5	88	57	29	49	17	16	12	56	38	48	65	38	98	85	6	79	87	
53	45	83	65	5	33	37	39	58	76	47	38	57	21	99	77	57	3	71	54	31	30	83	66	7	63	41	18	32	79	71	47	13	88	58	36	62	86	5	71	
30	35	85	20	5	9	25	48	86	27	85	30	71	80	29	50	93	90	26	41	8	7	87	45	39	95	35	65	25	86	35	30	53	27	97	19	35	80	30	38	
50	6	72	93	77	32	88	18	17	31	17	40	74	66	3	34	40	18	31	49	92	26	86	98	10	92	45	91	44	15	49	74	32	71	23	46	33	63	11	58	
74	70	14	67	41	35	46	82	94	24	37	8	18	74	1	20	21	26	24	65	9	9	91	2	6	42	49	21	25	65	17	12	3	51	66	45	14	31	90	75	
On machine	6
35	1	64	65	6	20	71	36	71	40	82	52	11	48	26	19	46	32	67	68	24	41	25	73	48	54	38	88	62	61	91	38	20	43	50	89	47	64	67	14	
16	84	100	74	20	46	35	95	85	91	52	85	32	37	36	42	71	56	26	15	61	77	91	72	70	22	44	74	33	28	33	28	17	46	19	37	56	50	53	97	
47	33	35	11	61	60	25	76	72	69	75	26	33	99	44	44	31	26	34	56	40	1	65	86	15	56	45	29	29	81	80	14	12	48	35	43	33	11	9	27	
24	54	5	96	11	72	92	66	99	15	23	70	14	19	67	32	100	3	93	39	22	33	62	75	90	39	56	34	77	19	21	44	54	78	9	9	52	16	1	5	
40	59	26	23	16	94	92	30	12	49	1	94	99	76	37	47	10	81	90	45	45	30	90	46	66	75	34	77	51	28	67	65	97	22	11	47	78	45	62	78	
8	100	6	21	29	63	32	2	19	38	27	90	90	82	94	56	30	52	82	27	57	48	79	32	40	62	50	15	1	17	32	32	57	14	22	21	19	67	48	64	
80	27	18	99	92	84	16	18	97	23	19	12	51	85	98	84	59	71	18	70	7	70	32	57	81	42	62	71	54	64	77	13	48	100	93	26	27	32	62	98	
52	26	69	57	49	48	14	22	86	13	29	52	60	7	98	44	78	51	89	38	34	10	13	55	70	88	34	82	9	26	98	70	16	95	45	87	100	7	26	34	
9	10	22	64	4	48	1	81	78	9	63	45	88	88	91	88	99	82	97	49	86	18	51	40	2	90	42	21	72	25	89	34	6	81	11	56	33	31	31	83	
51	95	70	93	3	27	100	69	91	27	46	88	85	68	58	72	39	98	23	18	14	72	98	36	4	79	90	65	87	14	60	42	46	66	37	32	9	78	86	64	
94	5	86	54	42	35	41	24	15	64	18	85	68	29	74	76	43	41	38	86	34	78	46	27	97	67	26	49	32	80	5	60	4	70	5	4	98	81	54	45	
36	52	20	63	46	10	78	10	74	66	40	64	27	65	40	27	36	33	66	89	24	53	86	64	91	99	61	77	50	45	20	67	15	63	45	16	93	85	99	35	
39	95	37	55	43	46	33	29	7	48	16	14	8	3	53	17	69	35	21	73	60	81	83	17	55	31	20	42	68	15	10	65	54	56	53	85	25	15	83	7	
13	55	81	19	99	67	26	41	5	88	10	29	9	35	62	25	99	34	47	92	90	63	69	81	55	11	36	95	10	46	23	11	47	1	92	50	11	95	16	17	
98	2	81	35	4	85	14	70	31	77	84	78	2	70	86	45	24	10	87	27	63	27	55	39	86	60	60	86	32	26	32	8	88	87	22	18	36	28	70	56	
8	97	79	41	62	18	16	73	96	80	1	52	51	39	100	6	6	38	12	67	3	65	97	62	83	48	21	48	85	65	65	2	91	3	99	27	29	16	35	23	
33	47	36	72	67	58	5	65	11	82	2	43	56	14	1	51	44	88	90	58	100	60	91	87	20	39	79	98	62	93	95	79	87	76	29	63	73	95	79	18	
60	43	6	6	35	22	43	69	30	23	84	75	68	95	72	8	11	49	41	29	75	52	27	27	16	21	20	50	34	23	76	29	22	97	21	34	3	5	74	26	
29	3	67	44	7	87	58	89	87	48	25	35	61	86	70	22	60	9	83	53	92	12	22	58	59	82	36	94	4	20	29	72	81	85	50	23	49	61	81	94	
9	91	30	88	11	94	97	40	91	86	46	91	38	68	98	17	56	11	63	45	44	20	91	16	18	99	57	21	44	18	43	9	66	39	99	47	37	95	93	91	
17	100	51	37	51	56	82	55	18	24	27	38	60	87	34	79	29	100	14	82	100	40	11	6	33	52	33	52	70	30	17	20	79	18	42	82	86	75	44	73	
91	38	1	72	12	23	29	52	88	19	80	61	28	67	29	82	1	38	29	66	89	92	21	53	91	77	10	74	92	45	56	74	4	79	93	4	28	55	22	63	
18	31	43	94	27	18	29	35	72	62	88	97	59	66	32	45	16	6	64	22	9	82	72	38	82	81	27	20	55	29	93	99	27	76	85	75	32	37	82	58	
50	18	72	83	21	7	67	68	15	54	98	21	66	92	17	7	92	93	18	97	37	29	26	49	5	2	66	89	100	9	19	26	58	66	30	47	89	96	14	18	
10	78	34	85	30	32	14	74	93	55	27	12	90	68	75	90	65	9	57	49	57	34	84	64	90	29	72	23	62	25	27	57	48	80	88	90	91	81	58	21	
79	80	77	36	73	84	9	59	45	96	85	52	69	94	91	67	10	88	4	10	41	11	33	60	44	92	65	50	2	45	54	81	12	6	57	40	44	11	33	26	
53	51	21	52	72	35	37	51	80	73	55	35	36	61	14	51	9	14	8	6	53	14	37	9	44	32	71	19	91	92	20	20	59	100	19	95	35	68	24	62	
65	65	80	6	41	76	84	86	22	64	55	73	36	30	29	14	3	7	9	45	38	100	18	70	1	22	43	58	18	12	89	46	50	66	39	100	11	12	97	95	
4	38	65	53	19	65	83	40	76	76	47	50	71	71	85	34	16	7	84	1	79	15	29	21	10	32	71	84	14	93	98	22	60	43	40	57	93	56	55	65	
6	10	91	42	83	60	65	3	74	32	20	58	41	42	62	59	15	44	15	62	58	44	66	50	5	67	86	3	22	17	59	52	62	29	95	81	1	68	86	52	
42	79	73	23	20	80	36	16	14	40	98	6	40	90	35	46	37	45	98	31	26	69	43	98	28	45	82	97	90	32	48	72	16	58	17	35	55	15	9	37	
26	75	49	3	69	79	9	96	40	11	6	2	39	72	2	32	11	42	17	39	36	15	2	1	62	99	96	74	86	80	93	22	83	5	2	59	100	86	1	45	
35	47	66	80	43	46	35	73	71	56	5	18	73	40	97	22	12	83	19	99	42	92	21	44	97	76	51	81	7	86	28	9	45	40	5	87	6	39	79	37	
24	62	81	1	42	36	23	59	97	53	34	49	90	25	5	9	90	33	51	98	71	87	60	58	21	76	98	54	35	12	35	93	35	5	83	89	11	76	34	2	
87	65	1	78	75	19	66	5	25	97	58	10	37	73	21	61	91	12	1	47	4	94	67	98	95	80	81	38	7	92	26	34	75	40	65	82	66	22	46	76	
23	31	42	86	68	81	43	84	37	5	45	6	7	37	87	1	39	6	92	48	89	12	50	85	96	38	37	96	67	19	17	72	53	26	84	46	40	47	51	27	
74	63	29	90	66	78	14	23	31	55	58	12	84	43	65	6	39	79	78	72	48	60	27	24	34	96	52	84	78	6	100	55	75	20	75	5	45	86	67	60	
64	80	19	89	22	85	98	97	10	41	64	46	21	38	35	95	95	15	81	18	96	22	88	11	6	9	99	5	46	12	23	38	13	64	52	79	90	85	54	71	
67	50	92	66	54	47	8	100	95	24	24	68	44	70	69	4	83	80	6	24	6	23	13	76	69	4	84	71	74	55	50	68	87	51	1	81	13	30	33	9	
98	1	36	71	92	8	100	79	1	19	82	58	12	40	71	78	49	33	63	74	46	45	19	44	56	31	36	78	32	40	68	56	82	15	40	93	55	53	75	6	
On machine	7
41	61	99	98	72	83	91	21	39	10	27	72	80	34	67	37	21	28	78	77	54	13	72	68	57	96	29	34	43	69	69	72	6	95	36	22	83	18	39	39	
43	19	41	33	60	13	15	79	100	72	36	81	23	49	92	32	88	75	42	88	90	14	92	80	66	83	100	68	81	81	2	97	68	21	40	58	5	62	39	37	
35	89	90	40	51	74	39	72	12	41	98	49	1	34	88	24	63	15	43	37	77	95	92	78	21	19	22	22	14	93	92	21	43	54	90	86	10	25	16	88	
83	53	2	28	25	31	34	52	3	16	87	75	84	99	50	60	91	33	48	42	80	87	13	53	52	15	77	17	10	58	15	61	30	38	30	84	78	14	69	81	
88	63	72	73	15	4	24	62	91	62	33	24	99	27	27	27	86	91	22	25	77	79	78	64	48	20	100	94	12	81	55	98	79	13	95	80	63	56	43	19	
57	87	20	41	80	43	83	52	40	26	67	1	17	17	39	68	46	34	26	37	18	53	30	69	85	80	11	46	4	24	94	20	61	49	31	6	33	33	38	11	
83	48	98	67	81	97	64	25	19	17	25	41	40	94	90	80	33	64	22	46	8	72	53	75	86	74	23	56	25	57	94	42	96	92	89	90	37	35	46	33	
23	61	70	46	10	79	81	60	72	79	84	1	58	69	24	67	27	24	46	12	14	72	84	61	74	25	90	88	100	27	81	95	56	39	36	72	62	74	79	45	
41	99	85	9	44	57	57	98	52	12	8	49	84	38	44	26	75	34	65	58	65	82	26	77	100	54	28	81	35	9	24	59	49	67	61	42	95	45	58	68	
47	80	94	6	87	2	40	43	64	36	10	7	86	57	55	34	46	57	24	27	79	63	62	60	46	83	20	72	77	14	2	24	37	94	71	44	54	24	4	59	
96	41	17	11	48	34	13	14	67	87	16	12	43	85	8	77	33	92	49	58	39	5	19	70	87	2	40	13	10	81	7	65	44	84	80	96	76	85	91	36	
6	39	62	96	79	31	70	80	18	84	13	53	73	83	89	25	92	26	11	96	33	41	1	67	76	17	6	81	53	77	61	13	88	27	41	71	38	72	23	22	
20	31	95	35	19	77	36	86	32	33	17	83	73	33	99	13	40	33	40	6	14	44	52	11	90	69	98	72	96	18	68	99	3	94	90	43	20	66	45	19	
100	25	58	38	100	18	30	68	99	83	13	35	88	49	23	12	21	19	66	80	42	41	53	52	53	43	41	97	80	63	28	33	36	1	87	68	40	62	90	7	
96	81	16	3	1	5	58	85	15	65	53	15	70	84	62	4	44	47	32	37	64	26	10	49	20	73	74	64	52	6	71	99	97	40	60	72	86	74	40	21	
100	2	25	41	84	87	25	31	48	23	84	3	1	21	50	68	16	31	89	42	34	74	22	53	25	12	61	89	25	47	60	56	56	61	80	58	22	4	13	64	
78	61	55	23	48	9	75	32	59	72	6	3	68	55	22	83	38	4	5	90	27	25	12	32	44	11	57	74	21	57	33	20	49	76	20	6	36	12	66	19	
36	33	17	83	14	45	20	91	42	51	79	17	34	28	91	65	55	25	23	94	52	43	2	69	33	34	91	81	60	37	36	24	40	54	19	97	27	79	69	24	
44	35	68	66	34	45	25	84	85	16	35	82	63	21	63	1	31	75	95	55	49	92	83	58	37	18	23	67	55	55	54	94	59	74	72	74	22	50	42	72	
72	50	46	22	33	26	9	9	87	18	31	50	1	74	44	18	11	44	42	12	72	58	58	90	7	18	58	55	42	18	24	90	80	15	54	99	17	94	18	44	
25	21	63	18	8	74	5	89	3	69	90	9	15	61	91	30	53	14	40	75	51	85	64	34	10	93	76	12	47	49	44	97	82	82	49	97	97	90	52	81	
58	11	54	69	50	38	92	55	61	11	29	52	78	29	91	77	40	21	34	49	45	65	77	90	99	29	38	71	56	3	21	65	81	57	24	6	22	96	1	45	
20	73	39	46	28	44	38	13	38	100	32	25	63	48	2	30	64	35	21	9	55	89	75	36	2	66	100	59	50	100	86	93	89	61	91	50	36	7	82	91	
27	44	30	74	36	63	60	46	30	88	8	35	46	88	29	16	9	51	89	58	61	82	61	96	59	13	91	20	8	15	8	99	26	1	1	65	77	46	83	43	
2	80	89	25	96	98	13	89	92	37	18	100	99	100	41	73	54	15	44	91	46	6	40	87	70	58	73	66	4	13	11	53	21	63	19	95	95	36	7	36	
58	12	53	84	6	94	1	80	21	89	54	2	59	80	23	45	78	42	94	14	60	40	73	100	28	11	64	69	27	2	40	53	79	94	19	20	58	63	100	87	
54	84	44	99	69	89	41	3	90	47	38	27	26	71	79	51	4	49	94	87	24	97	96	65	46	93	24	94	63	69	12	13	47	28	96	6	73	87	100	33	
66	47	43	91	25	27	6	1	37	51	52	37	98	47	69	83	20	100	97	75	70	75	26	38	60	95	3	45	85	76	36	32	29	55	29	33	26	54	91	4	
56	54	85	33	39	93	46	70	87	89	81	54	2	60	55	12	47	81	37	64	53	8	10	76	13	25	9	19	26	5	55	34	37	5	69	23	17	36	57	53	
7	21	65	78	1	32	92	76	63	7	80	83	77	12	58	84	33	73	76	40	64	5	79	32	52	6	73	81	56	78	38	94	21	72	47	8	86	94	5	11	
6	98	42	100	44	6	45	18	34	5	69	27	94	77	97	51	74	91	73	24	38	41	62	87	87	40	99	69	47	59	34	66	55	91	25	47	55	50	54	9	
91	49	22	60	8	40	47	49	69	83	53	65	3	91	4	12	27	35	8	28	81	74	40	66	6	16	72	30	1	98	89	9	47	37	35	7	58	75	1	31	
57	57	38	8	94	8	69	22	2	25	35	8	3	78	4	57	52	13	18	7	80	8	63	5	43	100	26	53	31	83	85	39	59	77	85	38	81	95	13	9	
86	58	72	48	66	1	38	19	30	60	41	1	40	95	40	14	39	17	99	50	100	60	99	97	61	60	62	57	18	70	13	40	52	74	74	47	20	36	67	95	
81	86	4	82	29	12	58	52	95	51	27	76	26	55	24	54	81	94	72	91	64	70	84	42	80	38	55	72	41	38	57	93	94	12	11	81	57	85	58	37	
54	6	29	87	28	25	79	63	43	40	86	45	35	1	78	17	25	89	11	49	24	81	89	23	96	50	54	16	57	14	64	40	85	1	79	85	88	9	93	23	
5	69	77	38	74	95	67	15	95	53	29	74	79	93	69	73	94	25	33	80	18	20	69	21	17	67	37	55	43	77	47	98	19	62	5	53	36	48	50	23	
36	49	79	53	40	97	81	77	29	80	30	3	16	17	45	54	26	45	97	42	42	54	92	84	44	81	56	44	14	2	55	92	11	62	93	66	42	72	42	84	
54	58	77	29	66	36	21	72	83	68	43	44	6	18	19	69	100	8	15	67	47	40	47	93	36	44	84	39	45	49	33	24	96	28	78	12	37	4	15	45	
47	79	23	68	47	50	24	88	92	29	9	53	96	11	73	75	15	24	8	38	30	91	94	24	14	90	81	100	16	85	17	74	37	98	64	97	83	9	30	88	
On machine	8
61	25	24	4	62	2	37	94	84	7	33	29	58	4	37	40	96	12	5	15	38	23	67	36	70	57	62	58	20	80	41	57	97	21	60	57	48	47	43	63	
6	44	71	2	11	71	46	83	74	54	33	93	94	72	73	70	78	96	41	17	19	23	12	2	51	47	28	30	74	53	28	33	9	91	35	68	41	39	80	96	
63	49	48	77	75	52	43	65	97	87	44	82	6	34	37	52	50	39	81	99	72	92	52	84	10	57	53	64	22	80	78	92	1	99	44	49	63	57	91	49	
82	28	98	49	89	75	34	6	96	82	81	90	93	26	43	63	61	85	35	19	32	28	43	55	45	74	30	69	13	12	89	97	27	60	25	39	69	31	75	40	
51	89	9	68	22	40	77	13	33	37	75	1	52	7	91	28	50	22	42	19	1	94	40	71	43	5	41	7	6	84	48	6	28	2	13	77	43	32	72	51	
20	44	46	13	44	24	85	8	14	63	46	4	6	87	74	33	90	82	81	86	60	52	33	85	92	39	64	75	73	77	61	68	47	59	13	27	95	5	12	88	
8	86	26	99	24	88	47	77	99	74	46	29	18	47	93	70	19	32	8	34	69	77	40	76	90	77	28	24	72	2	96	33	7	56	8	3	74	57	24	16	
1	31	79	17	52	9	13	14	9	63	63	39	72	49	61	49	14	84	80	98	98	46	65	67	19	32	29	95	28	54	50	38	75	7	34	73	77	62	65	65	
27	40	17	61	31	20	88	46	25	66	64	93	97	57	37	15	46	91	51	82	63	2	16	68	12	32	12	73	36	93	100	30	95	34	94	13	80	33	22	31	
43	86	3	86	42	48	12	76	53	73	61	71	58	47	50	95	36	29	81	78	100	16	59	57	25	8	45	24	20	15	18	76	8	67	89	97	63	8	91	5	
49	14	99	90	6	17	53	98	5	92	95	22	58	75	67	21	4	32	70	48	2	11	74	39	8	39	6	57	21	53	43	61	40	98	70	29	29	27	25	85	
42	84	81	58	16	18	31	58	21	1	89	40	81	40	19	1	95	50	96	31	46	32	85	7	12	97	63	52	51	3	16	21	99	65	50	87	59	50	18	45	
47	100	53	78	21	18	64	93	3	44	43	48	45	99	5	36	61	68	87	66	43	95	15	46	75	1	68	82	77	7	77	55	65	45	45	52	32	21	83	19	
21	93	39	53	96	41	90	43	66	58	10	29	36	87	13	35	26	29	82	55	87	99	28	61	90	44	92	90	8	25	98	18	52	29	75	99	89	36	59	87	
21	32	84	96	7	52	31	24	77	68	25	99	69	75	57	3	18	95	97	3	46	80	71	49	8	23	7	83	63	47	13	62	94	41	96	72	70	14	87	70	
99	45	30	100	35	36	72	23	69	55	7	96	69	16	35	36	43	88	89	42	93	21	88	90	31	6	9	7	17	87	43	13	51	92	13	21	72	80	85	83	
12	5	2	50	56	73	39	44	50	5	59	24	58	44	54	7	18	56	57	37	82	98	23	8	60	7	73	59	13	29	90	10	45	78	52	2	98	67	48	47	
25	70	62	17	72	4	42	65	98	56	17	4	50	84	26	63	86	34	18	96	76	16	22	16	83	16	54	16	59	43	58	22	48	16	98	48	96	68	5	55	
28	85	90	82	7	68	66	100	67	52	6	17	93	95	21	45	55	88	88	3	26	39	60	73	98	14	60	74	86	17	26	65	70	54	34	59	16	2	65	89	
56	35	35	16	56	38	6	73	28	75	37	89	11	33	1	81	94	82	66	89	64	71	89	26	85	93	21	77	9	52	98	50	40	33	40	99	34	8	29	87	
69	96	78	82	40	83	11	26	17	4	48	44	60	68	43	36	71	65	81	69	42	97	97	100	24	89	92	52	84	36	72	67	26	17	17	18	82	14	39	44	
92	9	92	97	60	95	17	59	42	12	39	97	48	54	23	19	38	20	14	21	11	56	32	10	28	71	100	44	78	53	53	20	76	52	70	65	25	49	41	56	
15	5	47	98	68	69	92	95	32	6	78	94	87	22	42	41	93	28	29	27	63	65	94	91	89	39	48	77	10	94	32	93	27	6	45	5	47	62	14	75	
18	24	78	44	7	66	37	2	82	94	80	73	11	60	70	6	44	34	24	91	54	77	56	98	97	14	82	91	26	27	7	31	37	54	67	42	28	11	86	69	
94	56	60	71	99	95	37	32	23	88	77	46	44	58	88	29	32	53	69	3	98	82	28	70	69	35	4	16	14	71	2	44	56	30	1	76	31	93	51	57	
71	92	41	98	90	44	75	86	63	59	58	55	50	75	3	78	6	8	10	78	82	21	71	30	21	29	98	20	29	4	14	38	71	46	50	98	24	81	23	57	
33	43	45	87	79	73	20	69	82	78	90	28	25	40	90	63	56	85	56	2	54	29	3	41	6	83	37	89	86	16	7	84	50	29	45	42	99	11	96	68	
70	86	88	47	27	75	64	32	47	91	27	59	3	78	28	16	12	82	79	55	73	69	32	64	93	35	6	56	5	24	4	77	78	43	23	80	73	55	54	46	
50	18	26	19	75	41	68	42	22	88	43	3	34	26	5	3	4	21	51	22	13	25	79	2	78	94	71	62	37	83	99	73	94	83	100	23	46	18	33	87	
75	35	96	46	5	48	29	25	54	93	62	25	91	12	77	60	49	19	60	87	95	21	91	48	19	26	78	78	57	33	21	11	13	84	100	81	28	6	68	77	
62	32	11	31	75	9	58	79	60	44	70	84	68	2	12	85	39	31	64	19	22	83	1	25	22	23	17	78	37	51	62	6	83	76	41	74	52	96	59	53	
31	65	36	89	99	59	1	16	53	52	25	55	5	87	7	39	48	50	55	9	90	36	70	87	55	12	1	35	41	91	58	70	42	15	9	25	9	61	15	13	
1	88	16	46	58	3	37	99	76	23	54	78	54	33	53	67	21	71	83	39	89	53	7	77	2	43	2	88	96	24	68	51	33	48	13	46	58	66	88	43	
12	85	76	44	59	43	56	36	96	84	99	3	42	2	17	68	84	80	78	83	5	63	51	96	5	50	5	15	1	64	9	43	35	79	96	42	72	61	6	6	
12	27	10	9	95	48	85	61	47	27	39	40	90	100	35	83	20	78	40	47	39	9	10	76	22	60	77	62	26	29	91	38	19	34	42	31	89	65	66	91	
35	93	45	90	89	72	35	65	2	18	9	51	75	32	54	57	6	97	19	8	32	42	24	11	94	62	13	73	60	83	4	44	89	17	1	74	79	59	89	26	
32	74	59	22	23	40	73	75	46	21	40	10	99	29	80	68	91	50	62	88	80	1	36	1	98	12	83	28	59	48	95	17	90	9	39	51	65	17	89	7	
26	44	55	27	69	95	77	69	14	47	77	21	80	71	57	94	65	100	99	75	70	11	40	7	30	19	61	34	98	58	97	51	85	47	21	45	14	23	4	16	
29	18	21	15	79	45	74	16	61	58	97	4	21	2	25	56	30	67	6	58	64	98	90	69	97	43	61	83	44	3	46	36	20	56	51	26	11	63	51	78	
90	4	39	81	88	24	23	76	86	48	76	13	73	64	61	72	64	12	48	52	5	44	1	18	18	33	21	73	29	68	47	69	80	29	1	3	67	15	10	61	
On machine	9
75	5	55	5	21	19	61	50	51	67	56	63	71	76	53	73	9	85	3	69	30	31	10	26	94	83	65	5	25	42	11	73	71	29	71	75	58	2	69	28	
11	92	50	85	66	30	69	62	12	2	90	33	99	22	99	83	67	12	46	83	98	36	14	25	36	26	43	72	59	21	2	66	12	31	40	80	12	67	50	18	
17	13	10	76	49	41	97	38	33	16	62	43	57	41	35	93	90	92	53	1	97	57	100	31	75	11	57	87	17	14	64	94	76	29	19	35	78	15	78	77	
14	44	86	21	52	74	67	10	64	29	79	77	13	22	88	36	58	65	63	97	29	52	34	68	5	80	46	40	78	39	68	67	6	55	64	84	98	36	3	22	
9	80	67	10	81	54	54	35	32	33	23	46	67	27	60	10	14	62	14	75	40	96	7	31	38	14	83	65	80	90	43	65	3	70	35	34	13	43	94	37	
94	50	21	67	86	69	76	43	87	53	43	28	63	97	22	44	2	21	81	93	54	32	36	78	26	59	2	19	66	71	15	30	28	87	88	48	14	68	54	16	
64	76	31	55	28	76	81	87	65	89	22	99	23	7	84	64	33	65	96	51	37	78	53	91	32	12	55	93	83	18	80	78	97	19	56	35	97	61	63	46	
54	79	74	74	51	78	60	71	3	6	62	40	76	3	22	40	60	47	34	33	70	67	6	69	19	49	64	60	46	87	93	3	32	81	29	47	34	18	30	42	
29	23	74	2	44	72	59	27	44	29	44	9	35	26	100	50	57	38	32	19	60	54	89	37	37	50	52	50	29	55	1	21	38	38	81	71	36	71	60	61	
6	42	1	10	45	39	60	49	74	70	89	52	92	16	4	12	91	60	29	12	89	77	81	100	58	14	77	25	8	57	92	11	90	94	48	33	83	16	52	11	
57	29	14	92	36	87	72	40	61	33	86	22	72	94	66	42	19	87	80	1	54	99	13	84	97	94	80	58	98	91	67	57	60	44	52	55	94	23	75	63	
72	6	82	79	70	9	23	97	59	76	3	18	37	65	33	97	15	94	27	48	65	28	88	40	8	30	100	61	35	85	51	26	57	41	30	86	36	36	32	7	
79	25	83	64	82	18	37	7	45	50	46	55	28	23	96	87	76	51	14	12	25	31	32	22	20	55	57	60	18	41	39	78	40	88	22	70	52	68	21	17	
5	69	10	79	63	15	100	74	75	69	67	98	45	95	71	17	10	32	87	51	72	48	20	66	27	43	52	67	13	9	9	6	19	43	63	51	57	11	23	94	
53	25	40	73	74	76	50	51	66	100	9	24	94	79	26	59	94	41	45	49	87	70	52	95	23	89	74	35	34	90	6	54	6	70	79	4	48	5	86	90	
25	61	74	8	8	73	43	89	47	65	66	35	77	77	64	33	68	23	78	15	46	33	63	57	15	91	43	81	19	2	36	42	89	4	22	19	54	89	95	22	
62	71	57	97	64	79	1	85	81	53	67	54	30	67	62	6	37	58	35	1	75	89	55	32	8	75	37	50	9	2	94	9	15	2	40	55	13	25	82	12	
6	55	14	90	70	7	30	7	24	23	66	96	34	81	55	66	69	70	40	31	30	51	13	70	76	12	17	74	82	17	65	72	8	19	56	11	22	28	67	89	
2	33	17	16	20	8	48	7	93	35	25	54	57	99	45	80	17	34	70	81	59	63	56	67	71	98	5	20	59	31	11	26	86	54	3	90	53	80	83	72	
74	66	27	87	48	30	62	100	80	52	28	75	45	22	69	24	33	63	9	60	22	52	45	26	85	89	37	50	46	100	32	35	61	90	53	83	30	4	54	25	
35	58	35	68	5	45	87	80	33	93	84	59	51	33	61	45	88	55	5	7	95	84	75	46	73	67	66	64	95	18	33	34	13	99	83	53	90	65	95	82	
97	72	66	16	69	80	27	19	12	29	81	81	47	43	53	10	9	82	78	35	69	14	41	28	37	63	54	41	49	89	31	69	12	26	89	3	10	62	93	97	
67	40	94	61	9	66	67	60	65	26	83	10	52	71	27	67	62	64	56	39	49	99	91	35	100	74	83	64	44	59	72	95	16	20	42	92	21	33	64	22	
31	9	24	57	45	13	53	32	63	32	40	98	29	51	58	8	3	47	25	75	55	53	100	77	77	6	16	3	100	72	71	13	26	45	37	92	28	26	30	13	
39	17	69	5	14	93	81	71	78	12	75	26	61	7	82	6	18	90	51	21	23	10	49	91	23	4	4	58	1	75	91	99	10	35	13	94	38	84	18	74	
71	83	70	57	75	62	37	50	78	8	100	93	11	12	79	33	72	78	9	65	74	65	34	12	12	51	57	87	74	31	59	78	67	38	80	95	88	69	79	71	
7	61	66	2	68	61	72	100	81	23	46	26	56	48	92	23	77	84	74	15	40	97	31	34	58	35	15	62	63	71	62	10	53	44	54	52	11	13	68	43	
63	55	38	74	74	72	37	91	65	39	74	97	38	25	11	66	28	36	86	64	8	5	14	50	50	65	56	25	77	93	90	78	96	82	13	19	96	5	25	76	
51	82	50	96	7	98	23	33	52	76	78	83	16	8	28	70	55	87	91	30	8	23	58	73	34	64	77	89	87	20	9	71	82	88	88	29	64	43	8	33	
49	66	29	53	11	22	85	51	39	95	81	84	51	92	41	94	29	78	46	60	39	57	10	30	62	13	31	44	93	25	41	14	69	2	67	68	75	97	7	11	
9	44	80	23	99	95	30	18	28	2	15	72	80	56	18	94	7	75	9	25	7	6	25	22	56	60	28	91	16	85	11	3	100	28	9	78	21	23	18	34	
48	35	69	64	32	24	5	26	14	9	25	11	36	81	82	18	79	63	43	75	98	29	40	25	28	8	32	5	67	100	79	65	34	43	78	78	78	71	92	25	
89	37	78	41	54	36	80	28	87	16	21	83	96	37	46	44	33	16	53	51	56	77	65	98	3	16	87	71	5	99	15	92	37	17	55	14	90	93	4	2	
50	85	46	68	24	13	3	13	37	58	80	89	91	41	89	69	49	66	37	26	37	23	23	45	82	49	21	45	69	25	26	72	45	81	2	48	51	56	79	77	
35	76	53	62	25	56	19	28	92	26	3	77	11	73	75	9	30	62	96	29	60	46	93	83	30	12	67	63	8	35	24	81	40	7	14	33	60	22	16	43	
35	96	80	75	42	68	28	89	63	99	9	95	35	28	50	73	89	49	81	100	92	82	57	75	95	18	40	16	28	75	47	29	11	38	60	94	2	38	64	93	
1	44	11	79	1	89	82	38	19	66	82	94	48	8	52	52	41	77	42	78	50	53	49	61	49	40	13	73	16	13	86	47	18	17	84	66	5	72	9	5	
28	34	72	77	95	31	4	41	14	27	2	77	62	35	18	37	84	25	56	27	82	64	41	71	70	75	15	80	18	24	28	28	38	82	95	92	61	55	15	92	
91	72	79	6	97	28	9	87	16	59	5	20	49	60	69	51	46	92	32	59	71	100	7	71	64	57	20	31	70	71	89	8	57	70	13	32	6	56	69	26	
57	87	12	3	17	31	20	65	74	22	1	22	98	20	99	90	93	61	1	45	18	7	74	40	43	29	21	90	98	72	18	69	27	22	4	70	85	30	31	53	
On machine	10
8	42	12	87	41	13	91	59	16	6	59	56	46	71	45	69	84	82	81	41	17	67	86	62	98	39	61	3	73	62	99	32	88	45	43	54	32	66	52	78	
67	11	69	83	9	79	45	21	49	72	10	9	18	94	95	14	11	91	9	100	34	5	59	49	42	98	49	57	27	75	13	28	25	89	23	96	89	33	92	24	
69	47	32	19	8	6	41	8	8	13	19	23	74	31	84	97	62	56	66	73	84	5	64	66	79	78	47	45	81	89	48	47	65	89	6	69	73	42	3	41	
28	35	63	58	56	94	94	1	20	9	91	54	11	92	74	12	9	48	43	99	100	26	93	73	27	51	17	32	97	99	70	35	80	21	81	53	95	85	92	64	
97	57	13	12	2	61	15	15	17	68	44	56	43	57	90	33	12	33	59	45	43	50	50	95	79	43	92	38	69	59	72	28	58	12	33	46	43	29	7	48	
22	41	90	23	6	45	44	32	91	20	4	76	68	80	82	93	95	83	23	5	61	24	44	18	3	40	6	81	100	42	12	68	72	51	66	29	59	3	47	72	
54	68	19	96	98	69	72	37	87	79	51	64	7	88	63	54	95	75	70	96	23	50	16	63	37	69	33	19	24	43	80	95	94	1	26	83	75	62	10	44	
26	99	43	41	46	29	10	31	45	19	33	56	39	9	62	59	68	100	30	100	12	28	15	10	16	18	12	52	81	39	32	7	93	47	43	13	15	86	3	39	
67	21	96	78	66	1	53	99	28	100	55	9	39	36	18	71	10	18	43	57	41	68	96	59	41	19	77	49	48	93	42	38	29	58	13	84	42	2	75	27	
100	98	54	2	71	33	94	18	91	5	62	57	18	65	69	96	24	42	58	37	7	60	17	1	61	64	32	22	50	96	90	40	23	62	94	99	42	98	24	73	
82	65	44	69	18	22	36	90	55	47	47	94	48	62	37	14	21	78	53	40	43	9	70	49	100	56	55	49	99	14	97	13	62	43	96	31	32	41	14	82	
52	75	76	85	33	67	22	38	77	83	54	94	23	76	69	83	84	73	70	11	10	83	9	77	6	45	82	6	62	5	91	55	61	15	66	14	90	92	30	40	
66	27	78	35	84	6	87	40	71	36	69	73	72	73	31	68	96	19	12	33	33	40	26	17	67	11	34	58	91	1	80	33	40	90	55	41	61	36	99	60	
37	94	47	94	21	93	35	17	8	45	48	99	100	41	92	21	20	35	75	38	59	73	77	38	54	67	20	42	87	58	99	35	64	47	56	25	31	56	27	62	
27	17	49	8	20	99	9	38	2	6	94	28	55	26	50	33	44	29	11	49	97	81	36	52	12	99	98	15	61	19	20	2	39	33	84	34	79	84	35	74	
94	90	79	49	42	76	16	6	22	68	88	52	1	100	20	10	20	84	13	57	1	34	93	16	59	20	9	59	77	68	43	26	37	98	24	20	9	28	98	39	
92	61	88	33	33	86	31	24	89	100	1	35	37	83	47	39	35	62	5	15	23	84	27	89	13	17	67	21	68	6	54	71	5	42	71	14	64	59	96	45	
27	95	38	18	63	45	23	6	32	39	97	66	41	21	56	61	82	38	16	89	20	42	73	93	89	62	14	57	65	12	96	7	54	75	40	30	85	30	7	40	
15	14	63	32	99	11	32	49	57	11	47	96	34	72	25	22	79	23	46	94	59	71	15	77	65	96	56	68	71	73	73	97	21	13	58	58	67	76	63	41	
26	62	89	13	64	72	85	66	84	21	26	86	47	78	96	73	55	13	20	83	85	39	45	97	61	28	18	45	42	78	6	41	77	25	56	56	49	79	33	71	
76	27	96	89	50	67	40	29	16	85	45	5	28	48	5	62	37	25	34	77	94	87	92	78	96	100	79	99	74	31	98	36	9	33	18	86	46	9	55	11	
68	67	49	1	5	66	67	26	29	78	94	38	40	27	38	63	48	78	70	1	2	86	45	89	24	40	89	88	77	16	14	7	37	50	62	73	28	33	24	31	
84	13	98	87	63	72	12	73	27	91	17	28	81	12	45	32	14	67	49	55	85	61	92	31	90	26	98	25	14	80	37	66	100	24	50	70	63	71	20	34	
77	53	23	61	93	56	43	54	4	22	37	55	31	17	53	13	44	31	35	97	11	40	91	7	78	96	94	97	25	100	97	88	79	4	73	31	53	36	9	6	
68	4	100	84	45	23	33	84	43	78	64	83	79	45	5	4	7	25	5	70	50	63	67	45	5	80	16	63	25	27	51	8	19	87	63	37	86	11	40	35	
17	69	20	78	66	34	3	50	4	91	87	37	74	49	65	70	19	71	98	47	36	70	80	49	72	16	87	97	42	56	24	63	62	74	24	34	56	43	77	89	
61	7	14	38	93	47	16	100	37	11	56	39	63	34	98	48	44	80	24	68	12	49	54	46	57	87	79	3	18	97	34	32	96	66	42	39	69	24	30	34	
11	80	39	21	58	41	31	91	98	99	84	83	90	74	75	27	90	76	22	38	68	4	85	54	40	45	16	75	90	2	57	88	16	77	48	32	55	98	24	34	
90	66	3	79	62	10	55	58	27	50	13	57	43	77	56	86	18	17	34	32	2	80	15	49	48	2	74	8	96	14	68	21	27	36	95	58	51	66	32	69	
63	98	29	69	50	82	72	58	91	6	48	17	74	22	54	32	83	55	80	44	74	63	1	79	71	10	93	94	61	39	7	58	5	34	49	24	99	19	49	10	
91	78	53	89	98	94	88	30	68	87	87	88	11	76	78	34	80	76	56	91	26	59	39	33	1	70	2	6	91	34	33	95	44	35	58	64	59	91	15	69	
40	65	28	29	43	25	100	82	78	46	41	25	76	60	28	19	68	41	55	71	28	81	10	67	10	69	80	88	66	3	82	27	31	81	23	60	78	54	45	19	
5	58	23	78	85	42	28	76	98	19	64	28	62	42	66	47	94	32	49	57	95	34	20	97	43	33	67	90	43	16	92	52	72	69	90	5	92	49	30	16	
47	2	21	23	54	32	85	81	96	35	82	43	24	47	23	18	72	40	12	16	88	72	59	63	9	4	60	21	86	76	73	49	46	49	84	92	82	69	26	70	
54	45	94	92	23	92	25	36	78	55	96	11	17	92	12	66	79	87	22	84	24	80	71	36	20	67	79	53	95	39	42	47	55	79	87	23	20	64	73	40	
25	27	42	40	10	39	41	20	15	36	71	22	39	10	77	45	29	49	39	81	5	8	55	31	81	22	28	88	90	82	81	87	97	45	21	15	60	43	70	58	
19	28	27	81	49	23	15	33	68	86	57	24	45	17	25	10	72	24	25	72	65	78	4	12	13	88	11	11	63	2	13	47	77	9	87	14	88	6	9	42	
98	80	26	83	92	12	14	98	68	26	28	58	66	49	6	13	12	10	85	97	13	93	78	82	2	89	70	1	3	18	2	67	96	58	62	19	100	85	10	9	
92	10	36	78	5	54	30	52	13	83	95	90	32	16	45	13	10	45	94	1	50	16	35	89	70	92	46	52	16	59	70	4	70	52	93	21	40	74	60	56	
4	89	27	29	46	9	30	8	64	15	91	70	56	52	64	19	8	95	41	28	21	8	53	2	53	67	91	50	49	85	90	76	43	23	53	44	42	48	64	5	
