Families	20
Machines	10
MaxSetupTime	20

Number of Jobs in each Family
1	8	2	1	2	2	7	4	10	7	7	9	6	3	3	5	4	7	7	8	

Jobs in each Family
0	
1	2	3	4	5	6	7	8	
9	10	
11	
12	13	
14	15	
16	17	18	19	20	21	22	
23	24	25	26	
27	28	29	30	31	32	33	34	35	36	
37	38	39	40	41	42	43	
44	45	46	47	48	49	50	
51	52	53	54	55	56	57	58	59	
60	61	62	63	64	65	
66	67	68	
69	70	71	
72	73	74	75	76	
77	78	79	80	
81	82	83	84	85	86	87	
88	89	90	91	92	93	94	
95	96	97	98	99	100	101	102	

Total number of jobs
103

Processing times of jobs
8	9	9	4	1	2	5	5	10	1	
10	9	3	3	4	10	5	7	5	7	
1	7	5	7	4	5	7	6	9	2	
2	10	6	5	10	5	10	3	3	1	
2	2	5	9	6	8	7	3	8	1	
9	7	9	7	5	6	4	1	3	8	
1	4	3	5	7	9	4	7	6	4	
7	5	2	5	1	9	5	1	5	5	
10	7	7	4	6	7	4	10	4	10	
6	7	8	4	9	2	6	2	4	7	
3	8	8	6	2	6	4	6	6	7	
5	4	2	5	4	8	9	1	1	3	
2	7	6	9	4	1	4	8	6	9	
5	7	6	9	7	6	5	1	6	2	
6	7	2	2	3	6	6	3	9	8	
5	6	10	2	3	7	3	9	7	8	
7	6	3	6	3	5	6	7	1	4	
9	6	10	6	6	4	1	3	8	7	
4	4	3	3	3	8	6	10	9	10	
5	4	8	1	9	4	10	5	4	2	
5	1	3	3	2	7	3	9	5	2	
5	9	7	4	5	3	5	7	2	7	
4	10	7	6	3	6	3	3	5	3	
3	10	8	3	1	8	1	3	7	6	
10	8	2	4	1	9	4	1	10	2	
4	3	10	7	7	6	7	5	5	3	
5	4	5	1	5	4	3	6	7	6	
6	7	3	9	2	9	7	1	1	9	
6	4	1	2	1	3	8	10	6	2	
7	2	9	3	6	8	4	2	5	1	
6	7	7	1	4	3	10	10	3	9	
1	5	1	10	7	6	9	2	5	7	
8	10	5	8	4	5	7	2	7	5	
7	8	6	3	2	5	2	8	2	2	
5	2	3	2	9	6	8	7	9	1	
6	1	8	3	5	3	5	8	6	4	
9	6	4	5	1	3	9	4	9	5	
7	2	7	9	4	3	9	3	2	3	
10	2	7	8	7	2	9	6	4	1	
5	10	4	9	1	7	9	5	3	8	
5	5	6	3	4	4	3	9	1	8	
2	4	8	2	1	8	4	5	2	9	
7	1	5	8	9	4	8	6	10	6	
1	6	8	9	5	4	8	1	9	5	
2	10	1	9	3	3	3	2	6	1	
3	8	7	1	1	3	4	3	5	9	
4	1	4	7	2	8	8	9	2	9	
10	9	5	3	2	4	3	9	8	3	
2	5	2	2	5	6	7	10	2	1	
5	3	3	2	5	3	10	8	4	3	
4	8	7	4	7	1	1	4	3	10	
4	1	4	8	9	7	4	7	9	9	
9	8	6	5	6	1	9	10	3	8	
4	8	8	7	9	4	10	2	5	2	
3	8	7	7	6	5	6	4	2	5	
2	2	10	1	4	10	3	3	3	8	
2	5	8	9	2	2	6	8	3	9	
8	6	1	1	8	4	9	10	7	1	
10	10	6	2	6	2	1	1	4	8	
4	1	8	8	1	3	7	2	8	10	
5	4	2	5	8	2	2	10	3	4	
9	6	2	2	2	7	9	1	1	8	
9	4	4	8	3	2	8	7	2	2	
8	9	3	9	7	8	1	8	4	1	
4	3	9	6	2	1	4	6	1	3	
10	3	4	7	10	7	2	3	10	3	
10	8	6	9	2	8	8	1	5	10	
2	10	8	8	7	3	10	3	6	6	
1	2	4	10	5	6	8	4	6	7	
1	7	1	5	9	10	8	7	8	6	
5	10	4	4	1	1	5	7	2	2	
9	1	9	5	6	2	4	4	2	7	
4	2	9	5	4	3	3	8	3	7	
8	2	7	5	6	7	5	5	4	1	
2	8	7	8	2	8	6	2	7	7	
7	9	9	7	9	6	5	8	10	6	
4	4	10	5	3	6	4	7	1	2	
2	8	6	1	10	6	5	2	8	1	
9	4	3	5	4	6	3	4	5	7	
2	2	1	9	2	4	1	10	3	2	
6	9	7	1	4	10	9	8	6	1	
6	8	2	7	2	3	6	3	2	4	
10	2	7	6	1	4	9	1	9	2	
7	5	6	5	10	7	4	7	6	6	
2	4	6	8	5	3	8	7	7	1	
9	7	1	5	6	3	8	6	6	3	
5	10	4	4	8	1	9	3	8	7	
5	4	5	3	6	1	10	7	2	4	
8	3	1	8	6	2	3	5	8	5	
1	1	9	8	7	5	9	8	10	2	
5	3	1	8	6	1	2	9	3	3	
1	5	8	8	2	6	1	6	1	3	
7	4	8	6	6	7	8	5	6	3	
4	7	4	8	6	3	7	6	9	10	
3	2	4	8	1	6	7	5	6	2	
6	6	3	5	9	3	5	9	3	5	
8	8	8	1	5	4	1	6	10	9	
8	6	9	9	9	3	5	8	7	10	
7	10	4	10	9	6	8	8	7	8	
6	9	8	7	7	7	8	4	7	7	
6	6	3	2	3	6	7	3	6	8	
9	6	7	1	3	8	2	2	2	10	
4	8	4	8	2	6	7	5	8	10	

Stepup times between family, where [f][f] represents initial setup time
On machine	1
9	9	4	14	3	14	6	7	10	12	13	10	6	5	8	4	4	10	11	1	
2	4	15	3	14	9	3	10	10	13	3	7	1	3	7	12	1	4	3	6	
16	3	11	12	1	5	14	19	5	18	16	12	11	14	16	19	15	6	3	7	
15	12	3	14	16	3	12	18	17	14	9	5	5	1	18	3	1	20	4	19	
7	18	19	3	12	15	1	20	9	13	6	11	20	1	6	13	18	5	18	6	
1	3	16	18	13	10	5	20	17	11	20	18	8	10	7	18	12	19	15	16	
3	20	9	7	7	12	4	3	1	18	17	8	14	2	16	13	6	17	18	8	
1	10	17	9	3	19	4	18	13	10	8	7	12	18	8	5	10	5	17	16	
5	15	16	6	14	19	17	20	3	11	8	13	18	8	7	8	1	6	4	15	
7	3	14	5	6	4	19	10	2	2	2	12	15	9	8	7	17	19	7	12	
9	2	14	1	5	19	3	16	2	2	10	13	7	20	2	19	7	8	12	2	
3	10	5	8	3	7	2	20	16	6	18	1	18	20	3	10	6	16	6	9	
19	4	8	10	7	4	8	11	4	9	15	6	3	13	13	12	9	12	12	1	
8	9	11	13	5	11	18	17	14	7	8	9	17	4	20	16	11	16	20	20	
15	18	16	17	15	8	11	12	14	5	7	4	16	11	9	17	1	14	6	10	
9	10	19	19	17	10	7	18	2	9	18	2	1	11	3	7	9	10	20	17	
15	5	16	7	18	14	19	13	9	2	1	2	2	6	20	2	12	9	3	8	
9	14	7	17	6	18	11	17	2	15	12	18	11	2	2	8	11	5	1	13	
6	19	19	7	9	14	17	1	14	8	10	7	18	3	19	5	18	13	8	5	
10	1	13	7	11	2	13	9	4	8	19	7	8	17	14	10	5	15	9	8	
On machine	2
5	4	13	17	2	5	7	3	9	14	5	4	2	7	9	10	18	7	6	2	
19	16	18	16	14	12	4	1	8	1	16	10	8	17	7	20	7	2	7	16	
17	10	9	3	8	4	18	15	19	12	14	11	16	16	5	10	19	3	16	12	
11	5	12	18	18	12	16	5	16	14	19	10	20	19	13	13	11	12	19	4	
6	15	15	6	13	5	15	9	7	11	10	10	8	7	7	6	16	8	4	9	
1	19	14	13	5	2	18	19	5	6	4	4	14	19	12	1	5	15	8	7	
1	7	7	18	9	7	13	20	7	3	9	15	5	8	2	1	18	10	3	1	
4	8	15	14	17	3	3	19	8	3	10	6	8	16	7	6	11	9	10	9	
15	18	10	18	18	20	4	7	18	6	15	2	11	2	10	2	11	12	2	17	
10	19	3	1	12	8	6	18	19	3	15	3	14	15	11	11	2	14	13	16	
10	5	7	11	15	3	14	2	9	4	2	16	11	18	12	1	18	12	6	16	
2	15	19	9	18	12	8	8	9	17	8	11	13	4	16	2	3	3	4	11	
8	4	14	3	15	10	18	2	18	20	16	10	3	14	3	17	19	20	9	2	
12	17	7	5	17	1	17	5	8	19	15	2	10	10	8	16	7	5	1	10	
11	16	15	16	11	14	1	3	8	14	20	6	1	15	6	14	11	12	11	6	
13	20	20	6	1	5	3	10	20	7	3	11	15	6	9	2	3	4	18	11	
9	2	2	11	14	2	5	10	19	4	16	11	18	10	4	10	6	20	7	9	
8	9	10	3	1	15	13	20	2	16	5	11	13	15	4	10	19	20	20	20	
4	7	3	14	1	3	20	8	9	18	16	19	4	8	19	6	6	16	7	20	
14	8	7	12	11	15	4	5	11	7	11	18	6	10	10	19	15	14	16	10	
On machine	3
3	19	16	16	13	15	12	13	11	17	10	18	12	17	2	11	14	16	17	4	
18	5	14	1	9	10	10	20	19	6	20	1	11	4	7	18	14	6	6	12	
10	20	17	11	7	3	8	17	12	11	14	8	19	12	7	12	20	15	12	6	
9	17	11	5	14	20	15	3	18	6	13	7	2	3	9	8	5	7	17	19	
20	11	8	18	19	2	13	11	18	4	12	20	15	19	2	7	12	15	8	18	
8	1	2	14	19	14	3	18	8	16	3	5	7	9	19	20	13	18	3	9	
9	6	16	5	10	11	2	9	15	14	5	8	19	1	7	19	9	17	2	17	
7	4	10	4	19	14	10	14	11	2	15	16	6	2	5	13	1	18	18	13	
1	20	13	11	6	3	17	3	13	1	2	1	9	11	14	5	10	8	16	8	
14	2	19	20	12	1	3	18	17	4	19	14	8	1	20	11	12	6	11	20	
17	7	9	16	2	6	14	4	15	6	7	1	1	18	11	14	3	18	1	11	
9	11	16	7	2	1	10	6	14	1	10	4	16	4	12	19	16	6	18	17	
7	10	5	13	3	1	7	7	2	1	20	18	9	1	3	7	2	5	18	7	
16	6	1	10	15	2	19	1	12	11	9	15	1	17	10	14	19	7	2	13	
11	6	9	3	11	5	1	12	1	5	4	4	20	18	10	20	7	8	13	3	
5	13	12	4	12	8	6	12	17	17	5	17	14	13	16	5	9	5	6	16	
15	2	3	7	13	14	1	17	1	9	12	10	18	8	2	17	16	2	5	15	
11	12	10	17	10	9	20	9	12	17	17	13	13	5	10	16	3	19	2	18	
6	4	3	12	9	15	10	3	19	4	7	8	16	19	12	4	18	7	17	7	
5	11	13	7	19	5	13	19	9	20	1	10	2	7	4	11	20	19	9	5	
On machine	4
11	10	12	9	4	7	4	19	3	4	11	7	1	1	18	13	13	13	3	12	
15	3	17	13	14	8	17	20	15	5	17	18	8	1	1	3	2	11	3	13	
1	17	5	6	20	13	13	15	13	14	9	17	8	9	17	20	15	12	5	3	
4	6	3	7	15	2	11	8	3	5	3	18	12	9	11	1	12	6	7	17	
19	14	7	20	7	7	12	18	7	7	4	1	12	17	5	13	17	20	8	20	
19	7	13	4	19	9	3	1	6	9	16	1	6	11	8	10	9	16	8	2	
11	11	14	18	14	16	16	20	16	16	1	15	18	11	10	5	9	13	5	7	
14	2	8	2	3	3	5	19	1	10	15	17	14	5	8	12	4	16	2	15	
2	11	3	18	18	12	16	19	1	12	17	4	12	10	8	12	1	20	16	5	
13	6	3	7	18	20	17	14	8	15	14	16	10	3	14	8	15	20	13	5	
20	4	8	6	15	10	5	3	15	9	10	3	14	8	14	13	7	6	10	12	
20	14	10	18	12	6	12	19	13	14	3	13	20	15	10	14	17	3	7	6	
15	18	16	17	8	2	17	5	19	8	19	1	10	1	3	5	11	18	15	7	
10	4	17	6	5	10	12	4	14	11	1	7	1	18	9	17	6	3	10	7	
13	19	19	11	15	6	12	16	18	10	3	12	7	10	2	1	18	15	17	10	
5	19	5	13	2	8	3	14	8	10	11	14	5	6	3	7	18	13	14	13	
17	15	8	8	17	12	4	11	13	14	3	9	14	19	19	15	15	20	16	7	
16	12	9	16	12	5	5	2	16	11	2	19	2	18	17	7	11	17	18	19	
5	14	17	18	5	12	11	8	4	1	17	17	17	11	11	6	16	19	15	16	
8	18	16	6	7	18	9	11	17	3	16	7	18	20	4	18	12	6	4	11	
On machine	5
13	8	17	4	15	1	11	4	1	18	19	11	17	8	19	9	19	16	8	6	
12	13	20	17	12	9	6	9	13	17	5	6	20	18	11	15	2	14	3	19	
11	11	3	9	12	16	7	1	1	15	3	9	12	14	11	15	5	9	9	5	
3	1	1	7	12	19	4	15	13	3	18	2	19	9	19	16	4	8	17	19	
10	4	7	12	14	20	5	12	12	18	13	18	20	18	12	4	3	8	20	11	
11	13	6	14	6	14	8	20	16	3	18	5	5	2	13	18	7	14	12	16	
5	13	2	4	14	1	19	2	2	16	4	8	13	15	6	15	19	20	12	16	
11	14	4	19	9	1	13	4	9	5	11	4	1	3	12	11	9	6	19	10	
7	7	7	20	7	18	2	12	19	11	1	14	17	7	15	2	8	15	8	4	
3	17	12	15	11	12	13	1	12	6	6	16	5	17	6	16	16	19	10	8	
14	1	5	13	19	5	8	14	7	20	4	16	17	19	2	15	16	13	13	6	
10	20	12	6	20	9	13	12	7	12	4	18	8	10	2	4	12	5	11	15	
14	2	17	13	5	13	4	2	3	14	2	5	9	1	3	18	5	12	5	2	
15	15	7	12	17	2	5	6	15	16	17	10	9	18	1	14	17	5	15	19	
18	20	10	10	8	8	15	7	18	15	9	6	4	19	12	15	1	7	11	11	
7	8	9	1	19	8	15	9	6	11	1	14	12	15	2	6	7	11	12	9	
7	17	17	3	5	1	4	3	17	14	3	8	15	1	14	14	2	10	3	9	
13	10	17	14	3	15	14	10	2	16	3	7	6	10	2	9	13	15	16	7	
7	18	10	5	14	8	19	17	16	3	4	7	4	4	7	15	10	4	6	2	
2	6	20	4	9	3	5	11	14	5	3	9	14	10	3	8	2	14	12	4	
On machine	6
15	5	5	16	20	14	10	2	3	15	16	20	11	7	11	5	7	11	4	6	
18	4	20	10	8	8	6	14	18	2	19	5	3	3	5	7	3	17	12	3	
18	16	15	14	14	17	6	19	5	15	15	4	19	18	6	10	1	4	14	13	
6	19	12	8	10	11	18	16	8	17	4	7	20	13	8	15	3	11	12	5	
12	20	1	4	18	19	7	20	8	3	7	15	2	20	1	10	17	17	14	2	
1	12	20	14	14	13	17	14	16	7	12	4	13	8	5	16	15	9	14	11	
1	6	19	14	2	3	6	1	8	18	14	14	19	1	4	19	13	18	9	7	
12	18	4	20	9	14	9	4	7	6	11	10	20	7	17	6	12	14	8	15	
3	15	6	10	15	19	10	10	12	20	13	18	12	4	5	11	13	1	17	4	
9	2	3	8	15	2	14	15	19	8	9	5	14	19	7	7	12	10	1	20	
4	11	2	16	8	11	13	1	6	18	7	17	18	18	19	16	18	15	7	15	
10	16	5	15	20	1	16	4	20	4	14	16	20	1	15	6	2	17	20	7	
2	12	20	16	7	1	8	6	7	3	19	11	11	18	12	19	19	5	3	16	
12	20	17	12	6	3	14	9	14	2	1	20	16	14	1	6	6	2	18	16	
4	2	4	19	15	18	11	2	19	18	5	6	19	6	12	8	17	12	13	16	
2	7	13	13	18	9	5	8	4	5	17	9	9	13	15	19	11	15	19	6	
5	7	19	12	10	20	16	17	13	10	7	10	12	15	20	4	11	6	7	8	
16	20	1	12	5	11	1	2	20	6	3	19	11	1	11	1	19	8	11	13	
18	19	20	15	1	8	3	11	18	1	18	12	4	11	3	1	19	20	1	10	
9	9	6	5	13	10	11	15	20	18	9	8	13	6	20	10	11	13	7	15	
On machine	7
10	13	17	3	3	19	9	6	19	8	17	5	16	16	6	10	6	13	2	16	
14	16	18	5	3	15	8	18	1	9	3	3	6	2	1	15	10	19	5	6	
4	5	2	17	12	17	16	7	13	10	3	12	1	15	2	10	6	10	4	7	
14	5	11	9	2	14	2	13	19	7	13	6	4	11	8	5	13	8	3	6	
7	12	18	15	11	12	4	12	17	14	4	14	11	4	17	8	7	17	5	19	
11	7	9	19	4	11	7	10	14	8	10	19	1	3	8	4	13	14	5	1	
5	10	14	8	16	10	11	16	4	3	1	6	11	7	2	12	11	17	3	8	
9	16	11	7	1	18	19	11	20	16	9	5	18	17	5	5	5	5	16	19	
2	3	7	11	4	14	12	3	10	4	14	12	11	4	15	20	17	9	14	2	
12	13	10	6	20	17	2	20	9	6	12	13	16	17	2	4	20	6	18	4	
1	7	4	19	19	1	19	3	8	7	5	13	15	8	8	8	13	4	5	11	
14	1	3	1	1	10	9	5	1	1	9	17	17	20	12	11	5	13	13	1	
20	2	15	17	19	20	1	10	1	8	5	16	12	4	12	16	6	2	5	13	
12	13	10	13	6	5	7	1	18	11	15	2	12	3	7	5	17	14	19	14	
10	18	13	1	12	6	15	7	14	16	16	10	11	12	10	3	16	2	6	14	
13	3	15	7	12	13	8	6	20	13	13	20	12	18	13	2	14	6	19	13	
11	13	8	13	2	18	12	15	17	11	10	4	4	12	5	20	5	2	19	17	
14	8	14	13	6	17	19	14	4	4	9	12	13	10	15	17	14	20	20	5	
18	2	20	4	7	11	11	6	13	3	3	17	13	1	6	10	20	16	8	14	
15	13	15	5	9	9	15	8	20	10	19	10	19	5	6	19	18	15	15	18	
On machine	8
16	12	5	13	1	15	4	1	16	16	6	16	3	3	16	18	12	17	2	6	
19	6	17	6	2	3	12	13	3	5	6	9	2	15	7	19	17	7	6	10	
15	5	17	12	3	5	13	19	2	19	20	9	13	13	16	4	15	12	5	17	
5	19	17	7	19	13	9	3	13	3	10	5	10	16	13	14	17	13	13	4	
7	16	16	6	9	16	12	18	18	11	11	9	10	14	1	10	18	3	20	9	
19	17	6	6	15	2	19	9	16	19	9	16	20	5	20	17	4	14	7	14	
2	4	18	10	12	11	5	12	17	1	10	6	16	4	2	8	13	4	17	18	
17	3	16	7	20	3	16	9	2	14	20	11	18	2	3	5	7	17	9	17	
18	14	8	5	20	2	9	4	14	13	16	14	15	14	19	5	6	17	2	1	
2	17	17	12	1	1	15	17	20	6	16	12	15	7	12	16	19	15	4	18	
2	9	7	13	4	8	6	12	5	19	2	17	7	13	11	14	4	2	7	16	
12	7	5	20	14	11	6	12	5	12	10	10	9	5	10	4	5	8	5	4	
2	5	14	13	14	6	10	11	1	2	16	9	14	15	3	14	20	18	1	19	
1	3	12	14	5	3	3	2	18	13	2	12	11	5	3	6	10	10	1	17	
7	14	15	9	4	7	12	13	8	11	7	12	15	13	16	17	11	9	2	10	
2	20	1	11	1	1	10	17	3	14	11	20	19	10	17	18	12	18	8	9	
12	11	15	11	9	14	13	11	15	4	4	13	1	1	16	19	8	6	19	2	
2	8	5	5	2	20	19	3	6	12	16	16	4	8	15	4	1	4	4	16	
9	4	7	6	20	14	1	6	5	7	15	8	6	13	9	19	19	13	1	12	
17	18	13	20	7	4	16	14	8	20	3	5	7	5	12	12	1	4	7	3	
On machine	9
9	10	18	13	12	16	4	5	14	15	8	1	9	19	6	12	1	17	13	19	
14	20	10	20	18	10	12	18	6	5	20	2	4	5	10	12	16	8	16	9	
15	16	3	7	15	2	4	20	15	13	2	3	16	14	6	16	13	3	18	16	
13	14	11	3	14	5	14	10	7	15	1	5	2	2	6	8	4	13	12	18	
19	3	5	14	13	4	4	7	9	19	6	19	10	8	2	11	6	3	6	10	
3	9	14	8	15	2	8	6	20	5	18	6	16	19	1	19	4	7	6	13	
3	1	14	18	12	9	19	3	3	2	16	4	4	9	19	8	10	8	9	4	
6	16	1	14	13	6	1	1	19	9	6	15	13	17	20	12	13	15	6	4	
11	5	18	10	5	13	4	2	5	8	6	9	6	6	10	6	14	11	4	10	
18	3	9	16	9	8	6	15	12	9	5	11	14	3	6	9	8	6	18	16	
19	5	2	16	7	7	14	19	15	2	20	10	15	2	6	6	1	20	8	5	
18	7	10	15	4	15	19	3	2	14	8	20	3	5	15	15	17	4	10	12	
15	3	6	16	20	17	7	1	8	16	3	3	7	16	18	10	4	1	9	2	
19	10	13	11	16	19	13	4	13	5	1	10	6	14	20	6	7	14	10	12	
8	10	6	12	7	11	14	15	10	1	2	13	10	18	2	18	14	14	12	15	
11	13	3	13	18	9	19	5	6	19	20	2	5	19	10	13	4	7	3	19	
12	16	10	14	9	8	4	9	12	19	15	17	18	7	13	8	14	5	8	15	
14	1	1	1	1	3	5	10	10	11	17	19	17	14	14	18	19	10	5	20	
5	18	16	2	20	11	7	3	10	13	12	4	7	9	13	6	14	3	1	15	
14	12	9	2	10	20	2	2	14	14	2	16	9	17	17	11	1	16	10	9	
On machine	10
8	14	10	5	5	10	5	9	7	5	8	4	3	4	2	1	2	14	20	16	
10	13	7	3	2	17	5	6	15	5	20	11	16	10	19	2	4	9	12	2	
4	4	17	5	19	14	7	11	8	6	9	8	2	3	12	11	1	20	16	10	
6	9	12	13	9	1	4	11	20	9	8	11	13	17	18	17	7	20	7	2	
15	12	11	4	16	7	7	11	9	18	20	3	3	9	2	8	17	18	2	7	
16	10	14	18	17	16	8	1	17	10	6	1	16	5	8	12	5	4	12	12	
9	11	13	11	18	8	18	2	5	2	8	10	20	17	9	18	2	5	16	20	
2	17	14	1	15	5	10	1	2	6	4	19	20	3	14	8	5	9	6	17	
7	20	6	10	4	9	18	10	10	17	19	13	2	8	18	5	6	7	10	7	
12	9	5	8	2	5	3	3	14	8	19	6	18	16	12	19	15	10	5	8	
8	17	12	18	19	20	7	1	8	16	20	10	5	16	17	16	14	20	18	9	
13	13	1	18	17	9	13	8	8	2	13	20	11	15	15	11	10	10	3	10	
19	5	13	11	3	9	11	12	13	3	13	11	8	10	3	9	7	14	2	12	
6	8	15	20	11	11	20	14	8	14	1	8	14	6	16	13	15	2	1	20	
9	3	4	20	4	7	4	7	14	9	12	20	9	17	4	14	10	4	8	10	
11	10	20	9	7	2	8	17	19	13	9	3	4	17	19	12	13	1	7	10	
20	13	6	20	7	13	14	10	19	2	17	2	2	10	14	18	18	8	5	5	
4	2	15	14	9	6	4	6	15	2	20	13	13	16	10	14	7	20	14	3	
8	5	3	17	16	16	11	6	3	1	19	14	2	18	16	11	14	6	20	5	
10	5	19	13	8	17	13	10	3	16	10	8	8	14	16	5	14	19	11	5	
Reldue
-1	586	-1	-1
-1	1058	-1	-1
-1	882	-1	-1
-1	678	-1	-1
-1	1246	-1	-1
-1	929	-1	-1
-1	909	-1	-1
-1	1081	-1	-1
-1	968	-1	-1
-1	952	-1	-1
-1	1175	-1	-1
-1	907	-1	-1
-1	840	-1	-1
-1	1025	-1	-1
-1	672	-1	-1
-1	1201	-1	-1
-1	1016	-1	-1
-1	952	-1	-1
-1	1166	-1	-1
-1	835	-1	-1
