Families	20
Machines	10
MaxSetupTime	50

Number of Jobs in each Family
2	3	5	5	4	3	5	5	7	7	4	2	3	3	1	6	2	5	10	8	

Jobs in each Family
0	1	
2	3	4	
5	6	7	8	9	
10	11	12	13	14	
15	16	17	18	
19	20	21	
22	23	24	25	26	
27	28	29	30	31	
32	33	34	35	36	37	38	
39	40	41	42	43	44	45	
46	47	48	49	
50	51	
52	53	54	
55	56	57	
58	
59	60	61	62	63	64	
65	66	
67	68	69	70	71	
72	73	74	75	76	77	78	79	80	81	
82	83	84	85	86	87	88	89	

Total number of jobs
90

Processing times of jobs
10	7	10	7	9	9	7	9	4	4	
8	7	1	5	7	8	1	6	8	1	
3	5	6	8	2	1	7	6	10	8	
2	3	4	7	7	9	10	2	6	10	
7	10	6	2	7	7	3	4	7	7	
2	2	3	4	8	9	4	10	2	4	
7	9	1	7	10	6	3	7	4	9	
7	5	8	10	4	8	4	10	10	3	
1	6	6	5	2	5	3	7	8	6	
2	8	8	5	5	5	3	1	10	2	
6	6	4	6	2	4	5	8	2	8	
1	5	3	8	4	3	2	3	9	9	
6	3	4	9	7	4	5	5	4	5	
6	6	9	5	3	9	6	8	3	6	
6	4	4	8	4	4	9	6	5	10	
5	6	6	1	4	9	6	8	9	8	
5	3	3	9	4	8	3	2	10	2	
7	9	9	7	8	3	9	3	1	5	
3	7	4	4	9	10	7	8	10	8	
9	8	3	3	4	7	2	1	6	5	
9	7	6	4	1	5	10	2	7	4	
3	5	10	5	4	6	9	6	4	7	
1	9	6	6	2	1	4	9	1	8	
4	2	10	7	1	4	3	3	8	9	
9	1	5	4	4	5	7	3	9	3	
10	5	3	7	5	8	9	8	4	5	
10	4	1	6	8	9	8	4	3	5	
1	7	9	6	7	10	9	4	7	5	
5	10	10	4	9	5	1	8	1	5	
7	3	1	10	8	8	5	4	6	3	
8	3	7	7	7	7	2	3	4	6	
5	1	3	3	4	7	1	2	2	2	
7	7	4	2	9	4	1	8	7	10	
3	6	1	5	2	7	3	5	4	5	
4	4	3	10	7	3	1	8	9	2	
8	3	4	7	10	10	2	7	9	7	
3	6	6	2	10	6	6	7	5	2	
6	2	8	7	1	5	10	7	10	1	
3	8	9	6	7	2	1	10	1	2	
9	9	5	2	3	10	4	5	3	4	
9	2	5	5	8	3	4	4	1	3	
7	10	7	1	1	2	4	3	10	5	
3	9	7	6	2	1	6	3	2	1	
2	5	4	2	10	6	8	1	3	2	
5	5	5	1	1	10	2	5	6	10	
7	2	9	3	9	1	4	7	9	9	
2	9	8	5	8	3	8	4	7	5	
8	7	2	1	3	7	7	7	2	5	
10	1	7	3	10	5	10	4	4	5	
9	5	7	2	1	6	5	2	4	5	
9	4	9	3	4	10	7	7	10	3	
6	2	4	5	2	7	9	1	2	9	
7	4	4	2	3	6	9	6	1	9	
1	8	7	6	6	1	2	9	1	6	
3	6	10	10	7	4	1	9	3	2	
1	9	10	1	4	3	2	7	10	6	
7	2	5	3	3	3	1	1	4	2	
9	1	2	6	6	8	7	10	5	1	
10	4	8	10	5	4	8	8	3	8	
10	5	8	9	7	5	2	1	10	4	
3	4	3	7	2	1	9	6	4	5	
1	9	5	8	3	3	7	2	1	3	
6	6	8	3	2	6	9	3	6	8	
9	7	2	10	2	2	8	1	8	2	
8	6	10	8	6	3	8	2	3	2	
8	5	8	1	10	4	1	1	6	2	
3	4	10	10	3	3	1	4	4	4	
7	2	10	8	7	7	7	7	5	3	
8	10	7	8	4	1	2	7	9	6	
10	2	3	6	10	6	6	6	5	7	
7	1	5	5	5	1	1	4	8	4	
3	10	1	9	5	10	7	10	2	6	
7	3	4	8	5	1	7	2	3	8	
9	2	8	6	5	7	1	6	9	4	
2	3	6	9	9	5	3	2	8	3	
7	8	3	2	4	2	2	2	2	7	
1	10	6	1	1	9	2	9	8	4	
3	3	3	2	1	10	8	7	8	6	
4	9	5	4	8	1	6	6	2	1	
10	5	1	7	1	3	1	2	8	1	
6	9	7	6	10	1	6	1	7	8	
3	6	9	9	3	8	8	2	7	8	
8	7	3	5	7	8	8	10	8	6	
5	4	8	10	9	10	5	5	7	5	
1	2	7	10	3	10	2	3	4	2	
10	4	3	9	10	7	7	6	7	8	
1	6	5	5	5	9	9	5	6	8	
3	5	8	9	4	3	2	1	8	9	
9	10	7	8	5	2	9	3	8	10	
9	6	7	4	6	7	8	7	8	6	

Stepup times between family, where [f][f] represents initial setup time
On machine	1
20	9	6	41	37	33	16	48	32	9	12	30	6	35	1	16	13	31	9	28	
45	16	31	27	43	32	21	44	37	23	7	13	3	13	35	26	12	23	38	43	
21	36	46	8	14	28	19	21	15	18	31	5	35	10	3	22	26	38	30	6	
41	30	3	43	27	17	29	9	7	45	38	4	1	37	45	25	22	1	11	23	
2	18	4	2	32	30	21	15	31	20	37	39	28	1	15	29	40	21	9	44	
24	2	1	14	5	14	40	8	33	26	9	24	10	10	5	3	7	8	36	40	
9	6	17	6	16	19	7	3	17	41	37	16	44	5	13	1	27	18	17	9	
17	14	6	50	25	14	41	37	2	1	7	46	48	13	6	25	15	31	24	43	
31	33	35	22	43	17	28	39	42	6	6	7	18	16	9	17	27	44	48	28	
13	38	25	40	29	49	16	37	3	38	40	5	47	33	30	49	19	6	27	12	
23	50	46	32	24	47	44	20	22	25	38	9	16	13	44	41	1	49	39	49	
39	46	10	49	27	29	18	49	36	11	29	10	33	11	7	18	7	34	35	37	
1	22	38	5	11	47	45	10	28	11	5	5	39	5	14	29	21	31	18	28	
18	26	37	16	29	23	25	18	32	50	11	47	31	37	35	15	37	28	22	22	
22	2	45	25	42	35	32	23	28	33	6	34	26	5	15	44	30	24	19	35	
26	12	2	24	19	14	42	20	9	3	47	4	28	49	4	36	37	5	10	30	
37	13	33	38	17	22	43	26	9	14	36	25	41	42	34	25	18	32	1	50	
31	45	31	32	49	10	26	10	43	12	40	5	39	46	2	21	46	43	47	44	
22	14	26	42	9	7	42	22	48	5	18	41	39	40	28	25	35	5	9	38	
16	15	40	14	41	33	2	6	29	46	1	32	19	18	13	5	16	7	7	3	
On machine	2
48	9	2	47	14	2	23	10	3	17	5	12	22	34	24	19	19	23	11	9	
31	49	37	38	11	45	46	2	40	19	5	38	23	47	20	30	36	1	10	32	
1	22	35	29	47	24	49	49	44	49	19	10	36	30	35	12	13	43	18	46	
16	31	14	47	43	15	47	4	41	19	7	24	50	11	1	1	41	4	16	21	
10	30	39	21	35	9	49	17	49	40	17	42	10	28	33	4	12	4	47	34	
44	8	40	45	35	23	18	9	38	8	48	10	27	46	13	14	13	8	32	3	
49	30	19	43	40	11	19	20	42	12	40	8	41	50	39	16	1	50	11	1	
44	12	31	26	41	19	22	21	32	32	13	46	38	29	28	23	48	4	44	34	
13	13	50	1	10	28	32	16	30	31	18	23	20	18	21	32	43	11	20	37	
49	21	39	21	7	27	6	9	10	19	33	40	26	40	31	3	42	9	28	7	
18	33	26	5	38	34	12	31	27	4	18	9	20	2	1	37	34	6	16	35	
27	12	12	45	27	25	14	14	30	42	31	32	34	45	12	33	27	47	38	2	
38	23	13	27	46	10	25	48	15	27	37	49	41	43	37	41	24	27	25	6	
21	16	31	8	21	33	4	7	34	36	41	34	13	1	35	16	5	26	45	42	
27	38	8	29	13	17	48	26	32	37	34	13	18	43	24	42	15	16	33	4	
21	27	30	1	41	38	33	46	2	29	29	31	4	21	12	12	15	38	5	36	
47	48	13	25	17	14	26	13	40	31	23	24	1	15	25	35	40	15	31	36	
6	5	42	23	33	19	16	30	12	42	5	47	18	8	10	35	47	16	22	48	
26	22	3	29	5	21	6	27	43	10	45	19	15	32	45	46	49	18	4	27	
36	30	1	5	24	21	22	25	30	13	32	49	44	10	2	25	23	45	10	6	
On machine	3
38	33	41	47	39	4	3	42	26	46	39	34	42	17	24	8	40	21	46	10	
23	49	36	24	30	45	43	1	50	14	43	50	30	38	1	30	43	50	1	50	
48	4	37	6	38	37	28	30	15	28	42	43	29	39	49	18	11	45	13	4	
35	33	11	48	6	26	36	5	44	9	23	46	1	13	9	8	25	19	12	32	
45	27	37	3	17	6	49	26	15	29	28	17	24	37	25	37	15	11	35	1	
19	49	47	22	8	25	41	10	18	3	28	38	37	36	42	36	30	38	4	27	
34	47	13	13	17	20	29	42	35	22	47	19	19	35	7	20	49	19	4	2	
35	36	47	1	42	16	35	3	8	3	5	24	18	40	38	36	27	39	12	22	
35	11	41	30	49	28	21	43	11	46	34	42	16	9	25	23	12	33	22	23	
18	44	37	21	32	48	28	22	50	50	14	41	5	7	43	2	13	7	23	36	
22	39	49	1	40	19	29	41	45	47	4	27	25	1	31	12	41	23	35	50	
15	49	3	5	26	48	11	1	17	20	14	17	19	38	38	17	12	22	4	44	
42	14	14	9	46	23	13	39	3	33	31	48	15	38	3	7	13	50	9	2	
14	4	44	45	47	4	10	41	42	19	44	26	38	34	50	48	39	24	21	38	
32	34	9	18	36	26	49	10	4	34	30	21	12	15	32	45	34	24	26	27	
33	21	38	44	44	4	39	37	10	38	6	25	15	32	26	27	42	14	30	18	
12	37	32	37	5	7	28	17	27	10	25	8	4	17	34	24	12	45	8	44	
30	20	6	44	27	32	40	15	13	30	42	3	5	34	23	38	2	8	23	8	
23	42	29	44	22	29	20	8	20	46	41	29	14	40	22	6	29	41	16	39	
48	5	42	23	21	25	39	45	24	21	22	14	43	11	28	22	22	3	15	7	
On machine	4
12	23	26	35	39	20	14	27	40	39	20	1	36	36	49	49	22	11	44	50	
14	35	12	8	19	25	15	48	21	21	15	49	50	32	40	42	13	20	23	15	
5	32	18	17	15	4	42	24	23	25	40	37	44	29	10	45	18	50	27	1	
44	33	2	28	31	47	17	38	31	38	50	31	13	41	5	2	10	4	28	17	
31	17	35	25	1	6	30	30	9	7	43	26	32	7	3	40	26	50	10	29	
50	34	41	50	47	27	12	47	41	26	47	9	36	49	46	10	42	35	39	48	
35	4	16	49	17	38	3	13	45	33	31	42	33	3	43	9	36	47	23	9	
8	29	35	42	10	35	50	44	34	47	19	32	24	7	39	13	39	34	12	18	
4	37	44	8	32	45	12	47	30	4	11	24	33	14	40	25	24	27	35	9	
47	41	42	30	20	44	8	47	24	28	14	47	22	48	6	4	43	31	25	22	
10	6	19	21	28	28	6	28	26	7	19	13	41	3	13	18	27	4	28	32	
8	30	29	3	19	44	27	23	41	12	2	17	28	44	29	26	24	29	3	36	
10	33	31	43	39	6	25	34	7	24	25	12	23	35	23	49	35	20	2	10	
7	6	43	29	38	30	31	37	18	24	8	27	49	22	4	42	42	12	9	43	
2	44	8	24	36	34	18	17	30	23	2	32	6	32	33	32	5	13	5	48	
47	40	2	6	15	40	32	4	32	31	33	7	33	22	49	8	1	13	41	39	
29	12	9	24	22	34	29	49	5	2	23	19	33	28	21	2	5	33	30	34	
33	21	18	25	48	32	9	10	18	4	49	18	4	4	14	27	14	7	36	28	
33	24	5	45	22	21	12	1	30	41	38	10	5	9	4	44	25	40	2	46	
45	22	42	38	33	43	45	10	33	16	20	41	33	10	1	1	3	38	32	32	
On machine	5
17	28	5	19	47	3	43	12	41	35	40	5	40	16	42	16	21	16	46	7	
20	27	5	19	29	12	40	43	27	9	43	7	43	13	6	23	25	14	4	43	
44	1	18	3	11	7	30	20	25	10	38	20	34	22	18	34	13	12	35	8	
9	38	19	7	27	31	30	13	49	45	24	16	36	50	21	32	31	40	30	10	
3	14	44	32	45	42	36	46	16	39	38	41	1	29	8	15	7	6	9	8	
3	27	33	42	36	13	48	6	13	14	18	33	12	49	26	11	49	24	1	34	
15	40	41	37	13	42	42	22	47	45	23	33	48	7	2	39	29	25	5	34	
8	27	26	28	41	21	11	13	25	11	2	31	38	29	1	3	1	39	18	36	
36	42	20	27	46	35	11	15	6	49	11	41	37	33	28	45	1	6	41	46	
3	2	12	45	25	44	31	26	17	26	22	39	25	22	2	35	32	17	44	50	
6	10	38	11	32	9	47	18	2	34	48	44	18	37	25	42	11	44	20	45	
33	36	7	33	27	28	22	48	1	20	39	25	17	17	2	33	39	15	38	49	
39	46	30	27	19	45	1	14	9	10	28	45	46	4	11	23	20	41	47	8	
25	43	31	25	19	3	28	2	15	5	9	46	24	26	31	30	37	43	21	28	
16	37	2	47	17	15	35	3	9	1	13	18	11	28	5	8	6	31	42	2	
10	34	11	38	6	2	40	12	21	6	7	24	48	21	6	12	35	15	2	26	
9	32	44	21	14	28	22	31	31	10	20	27	34	42	22	20	42	44	35	27	
32	19	34	22	28	28	15	9	2	36	11	29	8	41	28	49	13	22	5	44	
17	16	20	47	4	3	33	41	49	25	8	8	26	28	3	6	3	26	34	34	
24	42	45	12	14	17	39	5	44	13	47	7	7	15	24	30	47	44	42	1	
On machine	6
21	31	9	19	28	37	24	14	34	42	7	31	16	14	18	23	25	14	16	42	
48	14	25	12	20	14	30	34	33	13	46	17	7	3	48	15	43	35	20	16	
33	33	1	41	40	35	33	28	37	43	40	19	5	11	25	7	11	27	13	17	
1	38	45	21	47	6	20	10	19	14	7	2	39	37	41	25	22	4	9	45	
34	32	33	45	32	34	40	6	20	24	24	5	13	25	36	37	29	48	15	1	
34	1	2	4	19	8	16	45	24	4	27	18	42	38	50	21	20	30	50	2	
1	1	2	4	49	31	20	11	45	42	50	22	42	29	22	21	11	1	23	24	
47	40	31	37	44	20	2	9	48	46	48	23	43	48	43	49	43	44	2	17	
4	31	7	22	5	41	14	22	40	8	35	46	3	24	1	46	46	4	4	1	
47	38	44	35	47	16	3	3	33	40	39	38	19	37	15	4	28	44	25	48	
15	41	10	16	11	14	49	16	22	15	19	17	38	34	19	4	34	7	40	9	
48	3	16	10	12	8	5	2	32	8	6	25	17	47	19	8	35	49	38	38	
11	32	50	43	16	12	27	48	16	35	3	3	43	15	7	46	27	9	43	14	
48	4	34	11	6	9	49	2	19	49	20	46	1	35	45	42	39	32	30	27	
39	8	42	23	34	14	45	45	19	36	50	25	49	12	13	34	11	7	23	5	
23	9	42	13	20	41	29	42	21	45	22	16	48	24	28	20	13	5	14	36	
28	25	25	29	25	10	6	14	22	5	11	26	21	22	49	15	5	23	23	19	
17	3	7	41	11	16	20	14	41	44	18	27	50	48	30	24	45	38	38	1	
20	46	23	22	3	38	38	36	3	17	4	30	37	26	49	4	3	43	32	50	
7	15	12	50	22	46	10	36	16	27	4	49	15	49	30	13	3	34	41	46	
On machine	7
31	39	6	34	44	21	20	30	42	34	25	9	49	22	29	16	24	49	15	16	
5	49	42	7	8	42	43	43	32	25	21	13	30	43	12	38	17	46	50	46	
26	22	37	26	48	4	47	13	7	9	21	27	10	32	10	35	43	37	30	43	
48	3	24	30	29	26	16	50	34	25	23	40	4	20	33	16	11	49	31	19	
42	3	44	9	30	5	23	10	31	45	10	15	21	46	38	28	9	6	13	44	
44	44	10	36	49	15	12	45	44	7	13	30	25	50	49	7	2	1	40	1	
36	30	6	33	6	38	42	21	18	2	26	16	23	39	20	34	29	30	3	43	
43	13	33	10	10	48	5	17	5	28	50	9	3	34	39	40	33	40	2	7	
40	33	48	8	17	7	4	20	9	47	34	13	39	44	29	4	42	2	44	13	
3	13	12	44	19	2	34	19	39	47	44	35	5	6	17	25	32	37	30	1	
42	24	35	39	2	27	21	24	28	14	42	21	10	11	1	48	28	42	15	43	
44	12	46	31	21	17	33	47	26	2	30	20	21	11	36	40	4	40	30	12	
47	35	17	16	32	17	13	17	11	4	48	27	46	27	46	21	49	37	33	4	
49	13	17	10	12	7	24	35	7	49	50	17	34	1	37	16	28	46	37	1	
6	3	32	46	46	15	23	48	23	39	29	15	47	1	8	14	38	33	15	13	
40	24	30	19	43	47	21	18	9	50	4	32	48	14	49	35	31	40	10	19	
28	45	9	38	6	49	50	29	2	44	38	23	21	20	32	36	30	38	23	38	
16	10	22	23	48	34	38	1	28	45	12	18	5	30	2	19	36	4	38	42	
7	30	44	12	32	27	46	43	12	42	7	41	46	50	7	42	5	22	4	19	
20	27	41	49	14	27	14	6	33	42	33	19	32	10	1	17	36	2	42	36	
On machine	8
7	50	22	17	33	42	50	48	17	36	31	35	47	4	50	44	18	42	36	11	
20	21	32	37	29	32	35	49	36	33	43	19	49	7	14	47	11	6	6	15	
50	30	21	35	8	30	38	28	45	29	21	12	15	23	28	16	40	19	46	28	
48	12	39	16	1	5	49	20	35	24	10	45	24	43	43	35	38	5	41	36	
48	22	37	1	40	17	44	24	13	35	21	38	23	45	12	50	47	20	6	32	
22	22	20	44	43	9	1	49	39	10	32	46	37	37	23	31	2	12	22	14	
32	37	22	16	12	50	34	32	27	23	30	4	37	26	25	42	43	1	41	7	
25	7	46	27	44	13	38	28	32	27	2	30	15	1	40	30	23	8	40	37	
23	43	23	27	22	6	19	10	19	38	38	50	19	44	46	6	37	10	34	40	
43	5	16	42	14	37	44	29	26	7	33	25	24	4	49	44	44	35	13	50	
2	46	11	38	29	17	36	5	37	1	35	24	6	9	26	25	42	6	4	48	
26	33	30	49	27	15	5	13	26	25	44	47	39	19	22	35	45	4	33	3	
15	28	18	44	20	25	3	40	13	34	10	8	45	28	38	44	24	45	20	9	
18	11	16	35	39	38	33	20	28	15	41	27	27	14	45	50	13	45	34	17	
7	28	50	24	12	29	35	18	32	44	25	36	15	33	43	13	9	48	7	16	
22	41	31	39	25	4	33	11	19	47	1	36	13	40	15	50	21	34	1	49	
34	4	38	42	36	25	32	16	23	3	10	17	34	49	15	23	34	14	49	12	
32	40	37	30	13	5	27	20	12	44	15	28	49	1	44	14	22	43	3	26	
25	50	9	36	10	18	41	43	31	17	12	40	46	1	45	38	12	10	7	4	
27	19	48	25	49	39	9	15	41	42	47	41	2	39	18	50	15	11	10	14	
On machine	9
44	26	43	19	45	42	6	10	45	12	17	12	6	6	20	8	5	27	20	15	
21	28	31	7	11	30	30	14	41	11	39	32	23	44	39	47	33	33	14	45	
31	29	44	49	35	40	46	37	15	44	11	14	14	50	43	4	49	6	38	38	
6	13	24	28	18	2	30	41	36	44	8	47	23	25	43	10	7	17	38	32	
10	21	13	32	49	43	37	12	31	37	33	14	12	43	14	20	23	33	26	43	
2	38	26	1	30	47	49	39	7	1	13	28	27	48	28	14	48	5	48	34	
32	13	14	6	7	29	46	48	15	34	8	24	45	13	12	2	8	30	34	16	
48	33	2	8	7	5	5	17	32	27	25	8	15	41	7	31	30	28	35	32	
27	47	16	6	23	23	49	47	27	31	48	22	10	8	4	38	12	30	32	18	
17	19	22	29	38	41	30	38	6	30	30	5	47	32	22	4	33	32	41	35	
48	6	25	33	40	1	48	29	38	27	8	45	24	38	41	39	22	3	42	8	
46	6	15	49	34	44	17	36	42	36	17	4	42	12	22	41	18	1	23	12	
7	36	23	13	42	12	26	40	24	12	46	41	38	36	6	20	1	43	14	17	
11	37	47	20	4	32	32	15	45	49	16	1	10	23	23	26	10	42	38	36	
12	13	22	39	46	13	14	36	17	8	48	4	1	24	37	17	4	2	47	21	
22	21	8	2	12	45	43	12	17	45	2	19	37	8	48	48	16	33	17	43	
26	5	35	10	32	3	27	8	50	19	17	2	3	7	22	4	35	46	48	6	
40	41	26	50	48	29	4	13	22	10	26	46	11	34	29	46	10	41	32	24	
7	6	39	24	20	21	28	6	44	7	46	5	48	14	13	50	17	16	49	36	
16	22	7	4	22	33	4	37	23	30	19	48	28	29	22	42	40	44	42	46	
On machine	10
2	38	45	49	7	27	26	15	47	19	41	35	41	38	24	25	8	13	15	8	
42	32	20	7	14	28	46	9	48	11	13	42	6	45	50	11	49	37	46	17	
32	8	39	47	40	34	40	7	37	11	40	31	14	29	21	25	50	8	49	28	
38	4	9	43	16	41	8	10	41	28	17	50	42	37	17	38	10	35	16	2	
19	40	22	34	39	29	5	7	9	8	1	26	34	49	42	2	46	28	23	4	
5	20	16	19	25	6	38	39	35	16	47	34	26	20	38	35	9	49	36	7	
3	40	48	7	21	15	41	33	19	13	48	35	3	21	11	31	4	37	3	46	
5	43	32	10	2	5	9	34	33	16	31	41	44	45	31	14	23	12	40	43	
36	42	41	23	41	22	43	19	9	41	10	11	2	23	30	27	12	47	44	46	
18	18	29	48	30	3	9	3	27	47	29	7	30	32	13	31	49	28	23	1	
44	7	48	3	47	13	48	14	3	29	30	35	16	21	6	22	49	23	43	42	
34	8	26	4	8	15	47	5	10	15	25	4	45	31	5	1	19	17	5	17	
28	12	38	25	33	49	16	44	32	15	43	10	21	40	43	45	13	21	46	26	
2	22	13	29	21	33	30	25	10	16	40	25	3	20	10	24	44	17	20	45	
16	40	13	12	8	39	45	24	36	38	21	43	12	13	2	50	46	22	41	11	
37	46	4	8	7	39	25	25	18	1	3	16	15	43	32	20	28	46	42	38	
28	27	28	48	2	45	10	5	50	36	31	32	44	30	42	35	1	2	38	47	
27	30	42	35	3	21	9	37	12	38	42	12	42	29	36	15	47	20	46	27	
3	25	31	32	18	3	29	28	17	42	10	31	20	13	1	6	32	14	24	16	
12	7	16	9	1	11	20	11	24	38	15	39	19	31	10	40	30	44	40	8	
Reldue
-1	1408	-1	-1
-1	816	-1	-1
-1	1276	-1	-1
-1	1215	-1	-1
-1	970	-1	-1
-1	1513	-1	-1
-1	878	-1	-1
-1	1556	-1	-1
-1	932	-1	-1
-1	1352	-1	-1
-1	1231	-1	-1
-1	1521	-1	-1
-1	1170	-1	-1
-1	1457	-1	-1
-1	1594	-1	-1
-1	751	-1	-1
-1	1561	-1	-1
-1	744	-1	-1
-1	1070	-1	-1
-1	1028	-1	-1
