Families	20
Machines	70
MaxSetupTime	50

Number of Jobs in each Family
4	7	3	4	8	7	10	4	5	4	6	8	4	8	6	5	1	9	2	1	

Jobs in each Family
0	1	2	3	
4	5	6	7	8	9	10	
11	12	13	
14	15	16	17	
18	19	20	21	22	23	24	25	
26	27	28	29	30	31	32	
33	34	35	36	37	38	39	40	41	42	
43	44	45	46	
47	48	49	50	51	
52	53	54	55	
56	57	58	59	60	61	
62	63	64	65	66	67	68	69	
70	71	72	73	
74	75	76	77	78	79	80	81	
82	83	84	85	86	87	
88	89	90	91	92	
93	
94	95	96	97	98	99	100	101	102	
103	104	
105	

Total number of jobs
106

Processing times of jobs
2	5	6	1	8	6	7	10	3	3	7	6	2	4	5	3	4	1	8	5	8	2	4	7	7	6	9	5	3	3	4	10	1	10	5	2	2	1	10	1	3	4	1	2	10	2	8	2	7	10	6	3	5	7	8	10	6	2	8	10	1	9	3	10	4	5	4	2	1	4	
4	2	4	7	1	4	1	8	8	9	7	2	3	2	4	9	1	1	7	4	7	9	10	1	5	9	9	3	9	6	8	4	5	1	4	1	2	9	10	7	5	3	1	2	9	10	6	6	6	8	5	1	10	9	10	4	3	6	5	7	4	9	10	1	1	3	2	5	6	5	
5	7	3	5	6	5	8	10	5	2	1	1	6	4	7	6	5	4	10	8	10	8	8	8	5	7	4	1	6	2	3	1	8	8	8	4	8	2	5	5	3	2	6	8	7	5	9	2	5	7	2	6	4	10	3	4	5	6	1	1	9	3	3	3	10	10	9	2	7	7	
2	4	10	2	10	3	10	5	4	7	6	9	4	4	3	4	8	5	1	9	5	1	10	7	6	10	8	10	1	8	8	6	4	9	5	6	9	4	8	7	8	1	9	2	6	9	5	8	8	6	4	5	1	7	9	7	9	7	2	1	9	8	8	2	10	2	1	3	6	6	
8	7	6	9	1	7	3	5	1	5	8	6	5	8	7	3	4	9	1	9	6	3	2	2	10	5	9	5	9	5	3	3	3	10	8	10	6	2	2	5	1	6	6	9	5	7	4	5	2	3	4	1	8	7	2	2	8	3	5	7	3	5	7	9	2	3	6	3	7	4	
4	5	4	1	10	7	5	10	2	2	7	5	3	8	8	6	9	3	8	6	10	7	2	6	4	7	1	8	4	7	5	5	9	9	6	5	6	3	10	7	8	10	10	5	1	1	5	8	10	4	6	10	10	1	7	5	3	7	5	1	4	7	9	8	10	4	3	5	9	1	
1	9	7	4	5	9	4	6	8	3	2	9	1	5	8	10	7	2	8	10	8	2	6	8	7	7	2	6	6	8	2	10	10	5	6	6	8	3	1	9	2	5	5	8	4	9	9	4	10	10	7	7	1	3	9	3	3	9	3	6	6	9	9	2	5	3	2	6	3	5	
4	9	5	9	2	3	9	8	2	5	8	9	4	9	5	2	7	2	10	5	10	1	5	8	6	9	6	5	9	2	5	4	7	3	4	2	7	7	10	3	2	1	1	10	6	4	8	10	7	4	8	5	7	1	2	5	8	2	6	5	5	3	4	6	5	10	10	9	7	9	
2	8	1	7	1	8	8	2	10	1	2	10	2	4	8	4	4	5	6	8	4	2	9	8	8	3	3	7	9	8	10	9	4	4	6	1	10	3	9	8	8	10	8	10	6	2	6	4	7	5	2	2	2	6	5	8	1	7	6	9	4	9	7	7	8	4	7	9	3	6	
10	2	9	8	4	7	10	5	3	4	8	3	3	8	5	1	10	5	4	1	5	3	1	9	10	2	2	3	7	1	3	8	2	7	8	10	1	5	4	5	1	3	1	5	5	3	9	6	10	2	7	9	3	6	3	9	2	9	4	5	2	6	9	2	7	1	6	7	5	10	
3	1	9	2	10	4	6	4	1	2	5	1	6	1	3	5	9	9	6	4	10	5	8	5	4	2	1	3	5	10	5	1	3	4	5	4	7	8	8	3	9	2	4	7	9	9	4	6	4	1	5	4	6	1	2	6	5	1	10	4	10	7	10	4	4	3	5	6	9	2	
3	8	9	2	1	10	9	5	8	7	3	1	10	9	4	5	2	4	5	6	7	2	5	5	4	10	10	1	3	5	2	6	4	10	2	5	9	10	1	6	7	7	3	6	6	1	10	1	3	1	1	5	2	3	10	5	1	4	8	8	4	7	1	9	8	5	7	3	4	1	
5	7	6	6	10	6	5	1	5	3	9	3	5	9	4	9	1	7	7	7	5	8	6	2	7	6	7	5	5	2	4	3	1	10	9	9	6	8	3	10	9	6	6	4	4	2	7	7	10	1	8	5	9	3	3	7	5	9	10	1	7	3	9	4	1	7	2	6	1	7	
8	10	6	8	8	2	1	2	10	6	1	4	7	5	10	9	6	7	7	10	4	8	4	3	6	8	3	6	5	5	7	6	5	9	7	8	2	4	3	9	1	1	2	5	8	3	8	10	7	1	10	6	7	10	5	8	1	5	3	4	8	9	3	3	2	7	9	8	1	2	
3	7	3	1	3	9	10	10	1	1	4	5	6	5	7	2	3	8	6	3	4	5	8	3	7	1	5	6	5	3	10	5	6	1	8	1	2	1	8	5	7	3	2	1	7	5	10	7	2	3	4	6	6	4	1	6	5	10	4	8	1	7	6	2	7	10	6	9	5	5	
9	1	1	2	6	7	1	6	3	7	2	9	1	1	7	5	10	4	7	2	9	7	3	5	7	2	7	9	6	3	6	9	6	1	1	4	4	8	6	9	7	8	4	5	8	3	7	8	7	6	3	6	10	8	8	8	5	6	6	3	3	9	10	2	8	1	9	6	4	2	
1	4	4	8	2	3	10	1	4	9	10	4	4	9	4	8	4	7	9	5	9	9	2	3	5	8	5	1	8	5	2	6	6	5	3	3	7	7	5	2	1	6	4	2	1	9	6	1	2	10	9	8	9	6	1	10	10	9	8	9	8	1	2	1	8	7	10	5	1	9	
3	3	8	2	5	7	8	7	7	7	6	9	4	6	2	2	4	3	3	5	2	8	9	6	8	6	4	7	6	6	3	1	6	1	3	3	10	6	6	3	7	10	5	4	6	2	2	10	6	3	7	8	8	7	3	3	10	5	7	2	9	8	5	6	2	4	3	7	9	10	
8	9	10	4	7	6	3	5	4	10	5	7	2	6	7	2	1	2	2	6	8	7	9	1	4	6	7	4	7	8	3	6	4	3	1	6	9	2	6	9	4	4	3	3	8	6	9	8	4	9	2	4	3	7	7	8	2	7	8	4	9	7	7	3	4	8	5	2	7	8	
2	10	9	8	4	8	1	3	10	7	7	7	10	10	5	8	9	9	7	5	2	5	6	8	3	6	1	8	5	6	9	9	7	6	2	7	7	8	3	4	6	4	4	5	8	9	1	3	10	7	3	6	1	4	4	1	6	6	3	10	5	9	2	5	10	10	10	4	9	2	
3	9	6	4	2	4	8	1	7	3	4	2	7	3	4	5	5	1	9	8	9	5	1	8	6	9	9	7	5	3	5	10	10	7	5	4	6	4	9	4	1	2	9	6	8	8	10	5	7	2	5	4	2	1	6	7	10	8	9	8	3	9	1	1	2	9	6	6	9	6	
5	5	4	8	8	7	9	7	7	9	2	5	3	3	8	2	2	3	1	10	5	9	10	9	6	7	7	10	1	3	6	7	10	2	8	3	7	7	1	10	5	7	8	5	1	2	3	2	8	9	8	2	4	3	2	2	8	8	4	9	5	2	2	7	5	9	7	1	7	5	
2	7	1	6	9	5	10	5	1	7	7	4	3	8	3	5	10	7	5	7	1	5	4	9	9	6	8	4	9	9	6	4	9	5	8	4	8	8	1	3	6	8	10	5	3	5	4	10	5	2	6	7	2	9	6	7	3	2	9	1	7	10	4	9	2	6	9	1	1	5	
9	1	1	3	7	9	6	3	5	10	7	9	8	1	7	2	8	6	4	6	5	2	4	10	10	5	10	5	9	2	8	1	4	5	10	10	9	9	4	9	4	2	5	2	2	6	3	7	8	10	4	10	9	1	1	9	5	3	1	9	7	1	9	3	5	10	8	3	1	4	
3	10	6	7	10	9	5	5	2	7	7	6	8	1	2	1	5	8	7	4	1	7	6	4	10	3	9	6	4	8	1	9	7	6	1	5	3	1	6	2	7	1	4	6	8	2	2	8	2	9	3	9	9	2	6	7	6	8	9	4	6	6	1	9	5	5	4	3	9	2	
9	7	9	8	4	3	8	9	7	3	10	4	3	7	6	4	6	4	9	2	2	9	6	1	4	4	9	2	6	10	7	8	1	5	2	2	9	9	5	4	4	2	10	2	8	9	6	2	10	6	1	1	7	1	4	6	3	7	1	4	2	4	5	4	6	7	2	2	4	7	
7	5	3	8	6	7	3	5	10	2	3	8	4	8	2	3	6	8	6	6	10	1	6	5	9	2	1	1	2	8	9	7	3	3	4	3	7	2	8	5	8	5	3	9	8	1	3	1	3	8	6	1	1	3	5	8	2	7	5	3	6	8	6	10	2	7	1	3	10	9	
9	1	1	4	10	5	8	9	6	7	3	7	1	4	5	3	2	4	8	6	7	2	10	8	5	5	8	7	4	1	2	4	2	4	9	3	3	5	7	6	10	7	3	4	2	2	5	10	7	4	10	7	3	4	9	7	4	5	6	8	4	3	4	7	5	6	5	7	10	5	
7	3	8	4	5	5	1	4	1	10	3	10	2	5	1	1	2	9	4	7	10	2	8	6	10	9	2	5	3	3	8	5	2	9	8	5	3	6	6	9	8	5	5	3	3	5	3	7	2	1	4	3	6	1	5	8	1	8	1	6	3	5	1	10	5	5	7	10	6	7	
3	8	10	6	8	9	6	9	6	10	10	3	5	9	8	5	3	7	1	6	7	3	5	6	6	6	10	7	9	4	7	10	6	3	8	5	5	4	9	6	5	7	8	4	4	6	4	1	5	6	10	8	9	7	6	4	9	5	7	10	10	6	5	8	1	10	4	9	6	1	
5	9	8	6	7	7	3	10	8	1	4	9	7	10	10	3	7	2	3	1	8	6	8	2	9	7	1	2	9	7	2	7	2	10	9	8	1	3	8	1	3	1	7	4	1	6	3	1	1	6	9	9	6	5	9	5	2	3	3	5	2	7	6	6	10	2	3	8	2	1	
8	4	10	7	10	4	8	7	10	9	7	8	8	3	5	10	9	5	3	6	5	3	7	6	1	1	10	3	6	4	7	5	10	8	3	10	10	1	2	4	8	1	1	7	4	3	9	9	3	6	3	5	10	2	3	10	6	1	10	7	9	2	2	1	4	3	10	6	4	4	
5	6	1	3	2	5	2	8	9	1	2	4	9	1	5	7	6	4	6	5	3	7	5	9	10	7	8	10	5	7	10	6	4	4	1	3	5	3	7	7	10	5	8	10	10	9	1	4	6	3	6	9	4	8	6	5	6	4	4	9	5	8	7	1	10	1	2	5	7	6	
2	4	3	4	8	5	4	10	6	2	5	6	7	9	8	8	4	5	1	6	3	8	10	3	6	1	4	3	5	3	6	10	1	1	4	8	1	10	1	5	9	9	10	6	3	7	8	1	3	4	7	3	8	2	2	6	3	1	6	9	1	9	5	10	6	3	4	10	8	9	
3	8	6	6	1	8	6	9	6	7	4	10	1	9	5	7	2	3	10	1	10	1	2	1	1	4	4	2	1	3	4	7	5	4	6	2	5	6	9	6	4	1	3	10	2	4	6	7	7	8	10	4	10	1	8	4	5	7	1	2	6	8	10	3	7	3	1	8	6	4	
4	3	5	9	10	8	4	4	4	7	4	7	4	3	5	6	4	3	9	5	5	2	4	5	8	7	2	1	5	6	8	7	6	3	7	8	2	4	7	10	2	3	5	4	5	1	9	1	4	8	9	5	3	9	7	10	8	8	3	7	8	2	5	8	4	9	3	4	2	5	
6	1	3	4	4	1	4	4	2	8	3	6	1	2	9	7	7	7	8	10	4	8	10	9	10	5	6	10	4	10	8	4	4	5	5	7	7	10	1	2	9	4	8	8	8	1	6	10	3	6	3	5	8	9	3	4	6	1	8	3	10	4	10	2	8	6	2	8	2	4	
5	4	3	6	2	7	7	4	7	2	10	9	9	2	2	8	9	1	8	8	3	3	5	1	1	5	4	7	4	2	2	10	4	6	6	9	1	8	4	1	7	1	3	6	5	1	1	3	5	7	4	4	4	1	9	2	10	2	4	9	9	4	7	10	3	7	7	4	6	3	
6	10	3	10	4	4	6	5	10	2	1	7	1	3	3	1	1	3	2	9	3	4	3	5	3	4	7	8	7	9	7	3	9	10	10	9	7	1	9	9	1	1	2	8	9	7	1	2	5	7	3	6	4	1	9	8	10	6	7	4	9	2	2	6	10	3	2	2	6	3	
2	3	9	6	6	1	1	1	5	7	4	8	9	9	3	9	4	10	6	1	8	3	5	7	6	7	3	5	9	10	6	4	2	1	1	5	7	4	5	4	5	5	10	5	3	10	2	4	5	1	4	6	9	9	7	8	4	6	10	3	6	1	6	5	2	3	2	2	9	9	
6	5	2	7	5	9	3	5	2	4	9	9	2	6	1	4	6	6	8	5	2	6	2	7	2	9	3	10	8	9	4	4	7	6	4	3	8	9	5	2	6	10	6	6	2	1	3	2	2	1	10	1	7	9	5	6	10	6	3	2	6	2	2	10	9	9	5	5	2	5	
6	9	3	5	10	4	5	1	1	8	1	8	6	1	4	3	4	4	1	3	8	2	6	3	6	8	6	4	10	6	9	1	1	9	9	4	4	4	8	2	7	9	2	8	7	4	6	4	7	8	7	6	9	1	2	5	9	5	6	4	1	7	1	8	10	9	2	8	5	4	
10	7	2	1	8	4	1	6	8	10	8	1	5	6	7	2	6	1	10	1	5	5	6	10	2	7	7	7	8	1	1	7	9	5	8	4	10	4	9	4	2	9	8	5	9	1	7	5	9	1	6	2	7	2	7	7	8	4	8	1	8	4	10	5	2	9	2	5	1	5	
3	7	2	6	8	9	5	3	5	3	1	6	8	9	8	1	1	10	5	9	4	6	2	8	5	10	3	3	2	7	8	6	3	7	1	9	6	7	5	8	6	6	3	2	4	5	6	1	1	5	10	1	4	10	8	3	10	5	10	1	4	8	9	7	9	8	6	2	9	1	
7	2	2	6	4	10	7	9	2	10	5	10	5	4	3	6	3	4	10	2	4	9	6	9	3	4	5	9	5	1	5	5	9	9	10	2	8	1	1	3	1	5	1	4	2	3	10	2	9	9	9	3	8	4	3	8	2	10	9	5	5	8	4	4	3	6	7	7	4	5	
7	5	3	7	8	4	4	4	5	3	5	4	3	9	5	7	1	9	7	2	1	7	10	1	9	5	10	3	1	2	8	4	1	1	6	8	3	7	4	7	1	7	9	1	2	8	10	9	7	7	10	7	5	1	8	7	9	8	8	7	3	8	2	4	7	6	1	2	6	10	
9	7	2	6	9	3	2	10	5	7	7	10	7	10	5	2	10	4	6	7	1	2	10	9	6	1	9	9	8	2	6	7	5	8	9	1	4	2	9	10	7	3	6	9	8	5	8	3	10	5	7	6	3	5	3	8	8	1	2	7	7	4	1	3	1	6	10	8	7	4	
3	5	2	10	4	6	2	1	4	2	6	8	4	1	7	7	2	1	6	8	2	8	5	9	10	7	3	6	2	6	10	1	9	3	8	1	7	5	2	6	1	6	8	9	2	6	10	6	3	6	2	9	4	6	1	8	2	9	6	10	2	8	8	1	7	2	7	2	10	1	
6	1	1	3	9	9	1	9	9	8	10	8	3	9	10	1	7	7	6	4	5	3	10	10	3	3	4	8	2	2	1	10	3	10	1	4	8	1	5	1	10	4	5	9	8	10	6	10	1	5	5	2	3	5	2	1	8	10	8	7	6	9	8	5	6	2	10	3	10	1	
2	9	10	10	8	3	6	2	9	6	10	10	8	7	4	5	9	6	5	5	3	7	9	9	6	4	5	10	3	5	6	8	2	8	1	5	10	4	1	2	3	7	6	1	1	1	6	9	7	10	2	4	1	6	9	10	7	8	4	10	3	10	9	3	6	9	5	5	5	10	
4	5	2	4	10	9	8	5	4	2	5	3	8	9	3	5	7	9	2	2	7	7	1	8	3	3	1	6	10	6	1	4	5	10	2	4	9	9	3	2	3	10	3	10	7	5	9	8	3	2	7	1	4	6	7	4	8	6	2	1	9	2	2	2	1	2	6	5	9	6	
1	7	10	2	1	2	8	6	8	4	9	3	7	2	2	7	3	4	6	4	2	4	9	5	1	9	5	5	9	5	3	2	6	6	10	8	5	6	3	6	2	5	7	8	6	5	3	5	9	7	5	7	1	9	1	5	4	5	1	2	8	10	3	6	5	1	4	7	6	1	
2	6	7	4	5	8	5	1	10	2	6	6	1	1	3	3	7	6	5	4	9	10	2	5	6	8	8	5	3	6	3	2	3	7	6	1	4	9	6	10	3	7	7	5	10	8	6	8	1	1	7	7	9	9	3	3	6	8	8	9	7	2	6	10	4	10	9	3	3	5	
7	10	3	10	10	10	4	6	4	4	5	2	1	4	5	6	6	9	9	2	8	3	5	5	9	6	9	10	1	5	10	2	2	8	6	5	7	6	6	4	6	8	5	8	7	3	3	10	1	2	9	4	10	3	9	2	10	4	10	7	9	3	8	3	7	3	3	1	6	5	
8	1	5	3	5	7	3	8	2	4	2	7	4	5	2	8	2	2	5	5	3	5	7	2	8	3	3	9	4	3	4	9	2	7	1	5	3	3	5	4	7	5	9	9	9	9	4	9	7	9	5	10	5	7	10	8	3	9	6	6	7	3	8	3	4	4	7	1	7	8	
4	9	7	7	2	4	7	6	3	2	3	6	6	10	4	10	9	9	3	7	1	2	8	9	9	5	8	5	9	9	3	7	1	1	3	4	9	6	7	8	1	8	4	1	9	1	9	6	3	5	3	6	7	5	5	1	2	7	1	8	10	4	9	2	3	3	7	4	8	9	
10	10	4	3	1	9	8	9	10	10	5	4	7	5	1	9	6	8	2	3	8	4	4	5	10	10	7	7	3	3	2	10	8	1	2	9	8	6	7	10	3	8	1	5	1	3	10	8	7	7	4	9	3	10	9	7	10	8	9	2	7	9	4	2	10	9	5	4	7	9	
7	5	4	9	6	6	7	9	10	9	9	6	4	4	7	8	6	7	7	8	8	2	4	8	5	4	8	2	3	7	1	2	9	10	1	10	2	6	9	5	7	8	10	9	9	2	7	1	2	9	4	2	1	9	9	3	3	1	4	8	8	5	2	10	2	8	9	2	6	10	
9	2	6	7	1	4	9	4	8	5	7	8	10	10	3	10	4	3	3	4	8	9	2	4	9	1	8	6	10	8	5	4	9	2	4	10	3	4	1	3	1	2	4	1	3	7	7	10	3	7	6	3	9	9	4	9	8	8	3	7	4	9	9	6	10	4	2	7	1	2	
4	6	2	5	3	4	8	1	9	3	10	3	9	3	4	5	5	4	3	1	5	10	5	6	1	7	2	6	10	5	2	6	1	7	10	10	6	7	4	10	8	7	7	8	1	2	5	2	4	2	7	7	4	7	6	6	7	6	10	2	5	3	7	7	7	3	4	9	2	10	
3	7	3	5	1	6	7	4	8	10	4	1	3	9	4	5	3	2	1	8	10	5	3	4	1	6	5	7	5	5	9	5	6	9	6	5	3	8	1	2	6	2	10	4	4	3	2	2	4	8	5	7	4	5	6	7	2	6	4	1	4	1	1	5	3	3	3	5	9	1	
4	6	4	5	7	8	10	8	7	2	8	3	8	6	2	9	1	3	8	6	2	5	7	10	7	8	8	5	1	1	9	5	7	5	1	7	6	4	1	10	6	1	6	2	3	2	2	7	10	6	4	3	4	10	9	3	4	1	7	1	3	1	6	5	4	7	8	9	7	6	
9	4	1	2	2	3	7	6	3	8	1	4	3	4	9	5	9	6	1	2	8	6	2	5	3	8	1	4	10	9	1	6	3	2	2	6	3	3	5	8	7	4	8	2	4	9	1	5	6	1	2	3	2	5	9	7	7	8	5	2	4	4	3	6	3	6	9	3	6	1	
2	7	6	7	8	4	10	8	4	4	5	7	4	7	9	10	4	6	4	3	8	3	10	8	5	8	8	10	7	9	6	6	1	4	8	5	4	2	4	3	1	7	9	6	8	7	2	2	8	2	9	3	3	2	9	1	1	4	4	5	3	8	4	5	3	10	8	9	3	6	
3	7	3	6	3	5	9	4	8	5	10	8	4	6	6	5	6	2	5	8	6	10	8	10	4	10	8	9	7	5	4	10	2	6	7	6	4	5	6	4	10	6	5	7	1	2	1	6	9	8	1	6	10	4	10	6	10	6	2	7	5	6	7	9	2	6	7	2	6	4	
5	7	5	6	10	8	9	5	8	3	6	1	2	2	7	4	4	6	9	4	1	8	2	4	2	2	1	6	4	7	8	10	7	8	1	10	8	10	1	6	6	2	1	8	8	3	9	6	6	4	7	5	1	3	6	6	3	2	2	6	4	3	5	3	5	4	7	9	2	4	
1	4	4	7	7	3	4	8	6	5	10	1	3	1	7	10	7	7	10	9	8	5	4	5	2	1	6	6	3	8	8	9	3	5	9	10	3	6	9	8	1	10	8	2	4	5	8	5	8	9	9	5	1	6	6	1	5	1	5	6	3	5	8	10	9	10	5	10	8	9	
1	3	9	5	7	3	8	9	7	3	4	8	9	7	4	2	9	9	10	6	7	2	7	5	1	5	5	8	3	4	3	6	3	4	1	4	10	6	9	1	8	6	2	7	2	5	8	4	4	2	1	1	1	9	8	10	9	7	3	8	6	3	10	4	9	8	10	3	1	6	
1	10	4	9	4	5	4	4	6	9	8	2	1	3	6	2	2	5	5	7	8	6	8	4	5	4	3	9	3	9	7	8	3	8	4	2	3	10	10	6	8	10	7	10	5	3	5	10	1	5	10	10	6	10	9	3	7	4	10	9	1	9	6	9	10	2	6	4	8	10	
8	7	6	5	8	5	1	4	4	5	3	2	7	4	7	6	2	7	10	4	10	3	4	3	1	5	1	2	1	3	6	7	1	4	7	8	4	6	4	5	6	1	10	1	10	9	10	4	6	3	1	7	10	5	3	8	10	10	10	3	2	3	6	1	6	8	5	8	9	2	
9	1	9	8	1	6	5	1	7	10	8	1	5	10	9	6	1	6	8	5	4	3	3	6	3	10	9	3	3	6	3	8	8	9	2	10	8	9	6	10	5	4	6	9	4	6	9	5	10	9	2	9	5	9	5	5	7	10	4	1	6	6	8	10	8	10	9	8	10	3	
6	9	10	1	5	5	7	2	4	9	1	2	7	8	4	4	9	9	8	9	2	5	1	5	7	6	9	5	5	8	1	6	9	7	10	8	1	9	7	2	4	1	10	8	1	10	1	9	1	9	4	1	8	6	2	7	2	2	8	4	5	2	8	5	3	1	1	4	4	9	
2	10	7	1	6	4	6	4	2	10	5	10	2	3	10	9	2	5	1	9	10	4	3	9	8	1	5	4	9	9	10	7	4	5	5	4	3	2	6	3	9	9	3	6	1	3	7	10	1	3	3	6	8	6	9	1	1	1	5	3	7	3	4	2	9	4	4	2	9	4	
1	2	3	5	1	4	10	5	7	3	6	7	3	3	4	5	9	2	3	4	3	1	8	7	1	4	7	10	9	3	1	7	10	8	5	9	7	1	1	10	9	3	5	8	4	1	6	8	1	5	6	9	9	4	3	8	9	6	9	6	4	2	9	9	6	6	3	10	4	7	
6	5	9	9	10	1	7	3	7	3	1	10	3	7	1	3	2	5	7	3	9	4	5	8	8	2	1	5	9	3	9	9	1	8	10	4	10	10	7	3	2	5	8	10	3	10	4	2	4	10	10	7	3	2	6	5	7	6	5	4	10	1	5	4	9	7	8	1	2	5	
7	5	10	8	7	6	1	10	9	8	5	5	10	7	8	7	6	2	10	1	8	10	9	5	3	7	1	9	3	4	3	2	5	7	1	6	1	6	1	10	9	8	2	8	2	5	6	7	5	8	6	2	9	6	4	2	3	1	3	10	7	7	2	9	8	1	5	5	8	8	
2	9	3	10	4	6	10	6	8	6	5	3	5	4	1	3	7	5	10	5	6	1	6	3	4	6	6	7	10	3	1	6	4	4	3	7	6	7	7	6	1	6	1	7	10	5	8	8	1	1	5	3	7	3	6	9	4	4	5	9	8	5	6	3	3	10	9	9	7	3	
3	9	8	10	7	1	3	4	8	10	1	8	6	8	9	7	6	6	8	7	10	3	9	5	8	2	3	9	6	1	7	5	2	3	3	10	3	8	10	3	1	4	10	2	8	9	10	1	8	7	10	6	4	5	6	4	3	2	5	9	8	4	6	9	3	2	5	5	8	5	
5	9	8	4	10	2	8	2	9	9	6	7	9	3	7	6	6	3	5	4	2	7	4	3	8	8	1	10	5	5	4	2	4	9	7	9	3	3	7	6	6	4	6	1	9	7	7	3	10	5	3	9	2	6	8	6	1	5	5	5	4	7	10	5	5	10	7	6	2	6	
7	9	5	10	1	3	6	5	8	4	10	5	3	10	6	8	7	9	6	3	4	9	9	3	7	7	2	3	9	6	9	2	1	10	7	1	10	10	3	8	5	4	4	7	5	9	8	6	7	10	4	4	9	2	3	1	5	4	1	4	4	1	6	2	2	9	5	9	10	2	
6	7	10	7	9	3	10	2	1	4	6	8	3	2	6	4	8	9	10	8	10	7	5	8	10	9	2	7	6	7	3	4	9	8	3	3	7	4	1	4	6	5	2	2	7	5	10	5	8	9	6	1	10	4	7	4	5	5	8	6	2	7	8	5	3	8	6	10	6	6	
4	2	5	2	6	9	9	8	8	1	10	3	2	6	8	8	3	8	3	3	6	5	8	8	6	10	6	8	6	7	2	9	6	9	3	6	5	8	4	10	6	6	10	2	6	10	8	6	10	4	4	8	10	9	7	2	8	2	5	9	9	5	1	9	4	3	1	9	1	1	
10	4	3	1	5	9	4	3	5	10	1	7	5	8	10	6	4	7	7	6	6	9	6	9	7	1	6	9	6	5	9	3	8	1	5	9	3	9	5	3	6	10	2	2	2	3	5	2	7	3	4	9	5	10	9	10	3	4	4	10	2	1	9	3	7	10	3	10	7	7	
8	7	5	6	9	9	4	9	6	8	5	8	1	7	10	2	5	3	9	10	1	8	1	1	7	4	4	10	2	9	8	10	5	10	9	6	7	8	10	10	7	7	4	6	7	4	6	1	5	9	9	3	6	10	10	1	7	2	3	1	10	5	7	6	5	8	1	7	8	4	
7	10	2	4	5	8	4	9	8	9	6	6	4	7	7	9	9	8	6	6	10	10	2	9	5	8	7	2	1	8	3	8	5	3	7	6	8	7	1	3	10	8	1	1	3	5	9	4	5	9	2	7	10	4	6	7	6	7	6	7	2	3	2	6	9	7	1	9	10	2	
1	5	1	3	10	2	1	9	2	5	2	7	5	9	8	3	9	8	4	8	4	8	9	9	2	4	7	6	3	8	8	6	10	10	9	5	8	3	7	7	6	2	7	3	7	2	2	10	1	3	6	5	7	8	5	4	2	9	9	4	6	7	2	3	9	4	8	7	6	9	
2	3	5	7	10	6	7	8	5	3	7	9	8	6	10	7	2	5	5	10	10	6	8	9	5	5	2	2	5	9	8	4	10	1	10	10	3	5	7	3	5	6	2	6	3	4	4	6	10	6	2	6	4	10	10	7	4	4	7	7	10	9	6	7	9	7	7	3	7	1	
1	10	8	8	4	8	6	1	9	8	8	2	5	2	9	7	9	3	1	7	6	8	3	9	5	4	5	5	9	9	9	9	6	7	8	9	7	2	7	8	4	7	8	4	10	10	1	5	4	8	3	8	3	2	6	5	10	1	6	6	8	4	4	4	6	1	3	4	5	4	
6	10	2	4	3	3	10	10	8	9	5	10	10	1	1	7	8	9	3	9	2	5	6	7	8	6	1	5	10	2	6	4	1	8	2	6	9	3	8	6	3	5	4	10	7	8	10	9	6	9	7	4	4	10	3	9	8	6	2	9	9	5	3	9	5	5	7	2	5	1	
1	9	6	9	3	7	5	8	7	10	7	10	2	9	8	5	3	9	6	7	1	9	9	5	2	4	2	10	5	7	6	6	5	9	9	1	8	7	9	2	9	9	8	5	3	6	7	3	9	5	6	6	6	5	10	2	9	5	7	8	8	9	10	7	8	3	2	8	8	9	
4	10	2	9	9	9	7	6	2	8	1	3	1	9	5	6	10	1	8	9	8	4	8	9	3	10	4	10	2	7	10	7	9	1	2	5	1	1	6	8	9	6	2	10	4	7	7	8	4	1	4	1	9	4	8	5	9	7	1	7	9	2	2	9	1	4	10	9	9	7	
7	6	1	5	4	9	2	9	6	9	2	7	7	6	3	10	3	1	4	5	3	3	6	1	9	2	3	1	7	4	6	4	5	10	10	9	6	9	4	1	4	4	5	9	4	8	5	1	9	9	2	4	4	3	2	1	7	7	1	10	7	1	10	7	7	9	1	7	10	5	
3	2	6	7	1	9	2	3	3	7	3	2	10	1	1	7	5	9	3	6	2	4	6	1	10	6	5	10	8	8	6	7	8	3	8	8	7	1	5	1	7	1	1	6	1	7	7	1	6	9	5	6	6	7	8	9	6	6	6	4	7	4	7	1	6	6	2	2	10	1	
2	4	8	5	2	4	6	2	9	6	3	2	6	8	9	6	5	8	1	2	1	5	8	5	1	3	10	5	6	5	8	9	8	2	9	2	8	10	3	4	8	6	3	10	6	3	1	4	4	6	2	1	3	4	9	9	7	3	5	9	6	3	3	7	10	3	7	1	3	10	
2	1	7	8	9	4	9	1	7	10	3	3	2	7	9	9	5	9	2	6	7	10	4	2	3	5	5	7	5	10	2	7	6	5	3	5	1	5	4	2	10	10	4	9	9	10	3	4	1	3	7	5	10	6	7	9	2	6	10	8	5	9	9	10	1	8	4	10	4	5	
10	1	4	6	4	7	3	4	1	2	7	8	2	9	6	7	8	6	3	9	10	8	3	7	6	8	5	8	7	2	10	8	3	4	8	3	10	7	6	3	2	6	10	9	2	8	4	5	5	7	3	9	5	6	10	3	4	9	3	5	2	10	9	4	1	1	1	2	6	9	
7	7	9	7	1	1	8	2	10	8	10	4	4	2	5	2	8	9	9	4	3	9	6	2	7	4	1	1	9	9	4	5	6	9	8	8	4	9	10	8	7	9	5	7	10	9	5	2	8	10	3	6	10	4	5	2	2	7	5	6	6	2	1	1	9	3	8	9	9	1	
8	6	3	4	3	3	9	9	8	8	8	9	9	1	6	4	8	6	2	4	3	4	8	6	5	5	8	7	7	9	5	8	10	1	5	7	6	1	3	7	10	5	5	2	1	7	2	9	1	3	9	4	7	9	10	6	7	5	1	8	1	4	10	3	9	2	7	6	10	5	
3	3	10	3	10	4	9	9	4	9	2	8	6	1	8	1	5	6	1	9	7	7	6	7	6	9	5	7	10	4	3	5	3	6	8	6	8	4	1	5	4	8	4	3	8	9	7	5	4	4	2	4	9	6	3	2	8	1	5	4	2	3	5	3	2	9	9	5	5	2	
1	3	2	7	4	8	8	1	9	7	9	6	6	7	1	8	10	1	5	8	8	8	7	4	7	2	10	8	9	10	5	3	6	6	3	6	5	5	10	10	9	9	5	2	10	3	10	5	10	3	5	2	2	6	9	9	9	7	8	9	9	7	7	2	3	7	5	5	2	9	
7	1	6	9	9	1	6	7	8	4	3	1	9	10	1	9	1	1	7	8	3	7	5	4	9	2	5	3	5	4	9	8	6	10	9	6	7	6	3	2	9	1	4	6	5	1	2	1	6	2	9	5	6	7	3	8	6	2	8	9	3	7	7	6	9	5	5	10	1	1	
7	7	10	9	8	9	3	8	8	2	8	5	6	3	7	3	8	6	10	6	8	5	7	4	5	9	5	4	1	5	5	5	5	3	8	5	4	4	9	7	10	5	6	4	10	10	8	4	8	2	1	6	1	4	3	9	9	7	9	2	4	5	8	4	2	4	2	2	5	3	
1	1	9	7	5	4	3	5	9	2	7	4	7	2	3	7	7	8	8	9	4	3	10	4	8	8	7	8	9	1	7	2	9	2	4	7	9	8	6	2	5	5	8	6	5	1	10	6	4	7	10	8	7	1	4	2	3	9	10	10	1	10	1	7	2	8	5	4	5	3	
2	4	3	2	10	1	4	3	7	2	2	3	6	1	9	9	10	8	6	10	5	6	10	5	10	10	2	8	7	10	3	1	10	8	8	2	9	9	3	2	6	8	1	4	7	5	7	3	5	3	4	1	1	2	7	7	5	7	2	4	8	7	9	6	2	1	10	5	5	9	
5	4	9	5	10	7	2	4	10	2	4	8	10	7	8	2	9	3	8	2	4	5	6	6	2	1	2	2	2	3	3	2	7	5	3	1	8	1	3	7	2	6	10	8	3	8	9	9	1	4	3	5	2	10	7	10	5	3	6	4	3	7	8	4	10	6	9	1	3	9	
8	5	2	2	3	6	5	3	7	8	2	1	6	2	9	3	4	7	7	2	8	4	6	1	5	8	1	7	9	3	7	5	3	8	2	5	8	1	4	3	4	8	2	9	8	4	4	6	4	2	6	2	2	3	6	3	7	6	1	8	10	6	3	6	4	6	5	4	5	7	

Stepup times between family, where [f][f] represents initial setup time
On machine	1
45	8	24	18	16	18	9	48	19	41	3	32	42	7	36	33	41	27	23	19	
45	9	40	13	31	16	18	37	16	41	37	23	36	45	15	47	43	23	37	6	
32	27	46	43	46	12	44	22	34	40	31	18	39	43	7	16	35	47	8	15	
26	47	34	11	7	13	19	21	43	39	39	31	17	31	41	36	34	35	29	26	
49	19	38	16	44	31	50	31	28	12	23	27	33	16	6	22	25	49	19	6	
33	30	34	44	2	47	2	11	23	45	15	18	36	40	30	36	45	5	17	3	
7	38	34	26	23	9	50	35	42	32	6	3	35	11	40	21	21	3	39	47	
43	3	4	27	48	3	12	14	41	4	6	19	18	44	19	43	33	32	34	38	
4	21	47	18	11	47	26	9	25	6	38	42	49	34	15	13	9	13	34	12	
46	23	5	4	2	7	46	32	43	23	38	16	42	16	31	41	8	36	5	36	
22	40	25	35	6	39	20	15	5	23	35	19	4	38	27	3	26	28	43	28	
40	6	23	47	17	44	1	11	27	28	21	10	5	36	23	19	31	39	26	25	
31	44	31	14	35	48	12	7	41	46	49	18	23	16	43	3	22	32	38	37	
41	24	47	39	3	28	9	28	30	21	38	22	2	7	6	8	3	36	50	11	
4	28	16	12	19	50	17	9	27	15	48	43	22	39	7	34	4	30	16	16	
3	50	28	19	46	16	30	35	17	9	25	11	13	14	3	12	48	16	19	1	
13	36	47	7	3	35	39	4	40	27	8	19	23	5	37	29	3	23	21	17	
34	12	46	42	21	19	13	46	42	24	17	29	48	19	15	39	21	43	24	14	
48	14	11	1	50	28	20	16	14	17	20	3	47	15	37	37	23	6	26	48	
33	34	21	37	14	23	44	37	49	31	41	27	45	32	31	45	28	9	6	28	
On machine	2
42	22	20	8	12	34	47	33	50	50	34	41	21	28	20	2	8	48	18	33	
10	45	36	47	8	22	48	1	39	46	22	18	19	25	39	41	11	35	37	23	
9	36	45	10	47	47	1	46	5	34	24	3	2	13	6	24	30	9	40	8	
23	45	22	49	44	34	28	8	7	22	33	41	11	3	36	26	5	26	18	46	
38	5	11	48	11	40	3	23	47	15	40	39	20	14	6	5	49	11	10	49	
40	25	39	25	26	40	17	16	31	2	41	44	20	20	43	29	24	13	8	23	
24	8	2	5	39	16	29	15	21	5	26	25	21	16	2	40	40	23	18	49	
3	35	30	3	36	30	24	11	50	9	37	48	30	37	1	21	30	47	9	45	
6	13	44	38	27	15	2	50	38	27	4	32	39	6	50	14	29	20	29	47	
9	11	28	25	14	37	6	31	4	1	41	9	32	23	18	50	8	48	32	19	
32	42	33	12	16	2	41	24	23	14	10	5	18	29	27	7	35	11	48	11	
32	14	7	7	31	40	35	37	24	33	28	4	33	45	45	48	8	24	29	29	
40	23	37	25	41	26	45	49	11	43	29	17	26	17	48	44	14	25	25	50	
43	7	10	6	40	39	35	14	46	30	1	38	22	16	28	1	24	29	30	46	
47	2	24	17	48	13	12	22	47	12	44	8	36	36	21	45	6	5	9	12	
41	22	7	28	17	2	7	18	29	26	11	47	7	13	6	24	38	9	49	43	
29	22	37	25	4	14	2	27	41	43	28	28	14	36	7	44	42	5	13	7	
15	50	32	6	50	4	47	17	8	31	45	48	12	22	35	1	23	28	27	6	
11	3	12	38	50	16	10	34	27	16	20	30	19	11	46	40	22	4	22	47	
2	13	25	10	50	49	31	21	22	20	42	18	22	20	14	10	38	8	26	31	
On machine	3
21	27	18	18	30	36	33	15	19	28	48	41	49	11	12	36	1	29	30	4	
40	14	7	1	18	40	44	14	29	45	23	34	10	31	21	7	2	38	16	6	
16	1	40	20	15	46	1	37	10	31	32	49	32	27	41	8	46	27	3	50	
35	26	7	4	47	13	29	8	50	23	24	24	24	10	49	9	48	38	24	2	
16	41	6	10	16	25	37	21	40	21	29	5	14	35	25	1	7	15	17	47	
1	6	24	4	35	2	21	26	6	38	26	22	30	8	34	17	23	44	47	44	
50	27	26	40	20	17	25	31	50	37	20	24	30	19	15	23	26	43	37	44	
23	25	32	1	16	6	47	48	8	43	42	29	35	36	14	39	36	20	13	50	
45	31	22	29	26	6	19	26	50	46	3	45	8	13	33	12	4	5	23	35	
4	31	43	3	37	29	44	3	31	35	48	30	48	43	11	37	41	30	24	28	
27	46	48	31	35	8	34	6	49	13	31	1	10	49	24	29	22	14	32	12	
22	29	29	46	33	39	20	15	10	44	29	13	42	7	47	1	26	6	2	28	
14	24	28	35	30	28	12	5	33	38	32	17	12	29	24	30	11	44	10	9	
15	2	22	7	3	12	26	49	29	25	50	48	7	45	42	40	4	30	34	10	
1	17	45	41	16	20	40	12	11	40	26	39	36	1	30	13	41	27	30	38	
46	45	11	16	6	49	48	44	38	34	28	50	35	19	10	19	32	24	31	50	
43	38	6	9	14	47	36	23	45	47	16	40	47	45	2	38	27	13	42	35	
28	17	47	28	43	47	40	12	18	8	7	27	48	16	25	27	25	44	40	7	
18	42	44	50	6	15	41	30	40	8	24	1	29	47	42	42	44	18	25	1	
29	49	15	9	26	35	38	30	30	5	41	8	19	45	16	23	38	27	25	23	
On machine	4
22	12	33	35	37	36	18	21	25	45	21	41	24	27	13	7	47	45	49	44	
42	48	11	31	23	24	33	40	36	47	30	3	20	22	30	31	14	2	25	34	
4	11	47	11	19	12	39	30	46	24	35	47	9	45	27	26	37	3	15	47	
23	6	11	4	23	18	10	21	44	3	12	37	36	18	24	18	21	31	40	23	
32	45	4	12	5	33	10	37	3	40	15	39	39	35	42	6	20	10	11	33	
12	1	7	9	31	32	42	50	47	39	18	30	33	24	9	42	33	36	23	9	
35	24	31	36	7	35	12	36	10	18	46	36	47	28	29	27	1	39	33	18	
44	30	40	15	42	41	23	50	12	20	17	33	31	28	29	17	46	18	2	24	
4	16	15	1	25	34	38	12	1	19	1	40	26	36	28	42	9	46	14	10	
46	48	43	23	34	2	34	42	5	14	13	3	37	32	40	25	18	3	7	8	
49	28	49	3	11	38	2	8	44	50	38	3	39	35	35	7	21	10	50	15	
43	7	27	19	26	36	12	26	16	46	37	26	9	48	30	42	13	19	24	21	
14	25	42	24	15	31	40	40	12	15	27	17	22	26	18	22	32	21	32	37	
5	9	10	36	29	4	14	32	50	40	9	6	22	12	38	3	19	17	26	39	
5	20	44	40	16	3	30	26	28	24	23	37	19	9	36	43	28	31	14	5	
43	21	29	47	12	30	34	43	8	18	8	4	31	11	44	20	50	11	33	37	
18	19	23	28	20	20	27	49	3	32	5	50	43	19	46	26	27	30	23	49	
8	40	8	26	12	41	40	45	7	14	27	14	49	33	47	37	11	40	26	8	
41	32	31	45	49	16	15	46	35	41	1	32	4	39	23	5	42	7	18	29	
36	26	7	44	43	47	45	41	12	26	29	46	37	33	40	36	12	12	2	32	
On machine	5
23	49	8	13	2	16	18	2	17	10	38	44	28	27	8	41	20	31	47	28	
24	8	41	47	44	49	21	43	3	37	20	40	13	47	18	27	34	25	26	44	
15	44	49	22	10	44	43	36	41	33	17	10	21	7	45	18	40	29	48	46	
38	7	16	40	34	23	13	18	12	49	18	19	44	31	27	37	23	2	15	1	
18	39	9	1	20	46	15	39	25	15	31	45	31	50	45	49	38	15	16	27	
27	29	25	8	50	22	21	40	32	29	39	4	13	21	28	13	49	30	41	37	
31	5	23	20	14	30	27	34	21	25	30	10	45	33	12	1	34	5	42	45	
24	44	50	34	45	4	45	49	36	10	11	2	17	43	32	35	5	49	40	8	
9	21	36	11	11	33	16	36	35	12	9	30	38	11	44	4	16	44	1	33	
39	38	2	29	48	33	7	15	11	29	7	40	49	16	23	40	10	42	27	6	
28	10	48	4	14	15	28	9	11	18	6	33	46	44	22	4	49	24	12	33	
38	28	20	9	45	23	3	13	2	10	16	37	8	37	1	6	26	48	33	29	
12	20	46	33	29	25	38	10	16	40	6	19	21	5	50	7	7	40	33	44	
12	35	44	11	12	25	35	40	18	32	1	14	45	4	29	38	31	42	18	24	
40	21	13	14	34	31	37	43	33	24	30	47	18	39	7	50	37	45	29	27	
19	36	44	46	5	6	42	10	1	2	33	21	42	34	40	6	36	1	14	39	
41	37	8	38	3	35	25	16	50	29	41	46	7	16	20	41	18	13	24	23	
22	7	27	7	33	46	50	22	36	47	7	13	27	39	32	48	11	44	40	10	
23	43	17	7	49	28	8	38	36	15	31	21	35	42	15	22	41	10	6	21	
23	6	3	5	8	48	42	47	36	25	18	27	19	41	49	31	3	48	14	19	
On machine	6
35	48	6	32	47	13	21	46	33	16	15	29	39	9	6	32	42	4	28	33	
27	30	35	38	42	22	32	31	7	32	43	22	18	8	10	37	45	11	11	36	
30	8	49	6	4	39	50	31	50	11	30	39	24	22	5	9	45	48	31	28	
7	28	6	45	42	10	32	22	27	15	41	43	28	48	16	45	9	18	27	2	
18	32	28	48	18	19	8	4	8	39	24	31	39	49	24	29	1	32	46	12	
20	31	4	39	43	31	3	8	14	4	29	14	42	29	49	4	39	21	43	30	
10	22	15	45	44	30	27	9	27	31	9	49	9	20	24	44	50	15	9	11	
15	31	22	15	41	38	25	47	17	22	4	18	28	29	9	20	29	41	11	24	
28	25	34	33	10	23	49	9	22	31	34	36	14	9	39	50	46	19	12	35	
31	21	8	35	49	15	9	20	46	49	2	38	5	21	1	36	20	23	44	47	
40	35	45	5	44	17	43	33	14	14	30	35	8	45	33	41	42	22	5	4	
20	28	26	43	9	33	18	34	17	45	5	50	27	8	25	50	31	25	33	5	
21	23	20	6	23	47	7	3	34	25	38	14	37	10	32	30	5	49	32	43	
2	27	20	18	25	16	13	37	10	47	12	9	3	50	22	42	27	31	50	4	
22	44	21	32	17	40	22	24	5	47	8	9	20	12	24	34	19	19	19	3	
10	24	29	43	32	16	49	38	6	45	14	7	11	19	10	34	10	2	11	33	
34	39	48	21	38	40	27	42	31	5	43	37	50	47	4	43	37	49	18	46	
44	41	50	33	5	27	8	50	14	42	21	11	3	45	25	32	17	44	27	47	
27	29	37	17	3	9	10	36	49	44	35	6	14	35	33	39	49	31	39	1	
45	13	15	31	39	50	30	11	1	45	18	43	13	14	43	40	26	46	30	48	
On machine	7
26	16	41	34	27	19	23	29	10	23	38	12	8	10	14	25	2	13	37	42	
33	35	18	42	16	41	41	6	29	21	49	24	27	42	8	6	47	46	9	29	
21	5	4	5	21	5	37	38	13	2	28	15	5	28	49	44	50	43	48	28	
41	45	11	4	13	43	30	36	4	19	35	39	35	31	28	41	19	45	3	48	
41	24	37	50	35	26	10	6	48	26	27	19	33	16	33	31	16	28	2	9	
36	37	44	20	4	18	24	39	50	32	35	4	47	50	36	46	13	40	48	39	
10	46	39	43	19	24	42	17	25	11	3	16	25	25	23	43	5	9	48	20	
19	30	50	9	6	27	28	50	11	18	48	33	15	13	40	38	27	24	6	30	
13	25	41	10	20	6	22	28	14	15	41	20	34	49	37	22	32	28	11	29	
23	40	25	11	48	31	13	47	34	7	3	34	14	42	39	25	44	2	36	41	
38	32	32	46	17	29	33	22	26	35	39	41	13	40	9	40	45	18	13	35	
45	11	21	30	42	33	35	32	23	21	48	37	35	31	6	46	12	29	13	47	
35	33	27	15	12	11	19	44	47	35	29	25	7	29	42	5	6	19	38	2	
33	8	4	14	23	29	10	18	4	33	32	39	5	16	32	13	30	20	25	47	
11	33	7	8	5	50	25	11	10	17	41	33	11	15	41	23	2	12	47	9	
28	43	6	15	43	35	47	30	29	7	20	16	26	18	30	16	8	30	27	25	
9	24	30	10	49	37	47	12	24	21	2	20	23	46	2	24	2	39	16	25	
9	14	37	17	27	33	28	28	36	1	22	4	25	20	4	41	1	22	41	50	
36	47	32	3	33	6	25	37	10	18	38	19	10	44	32	48	38	24	41	37	
35	25	15	5	1	38	42	43	15	5	23	14	10	5	18	45	11	11	12	27	
On machine	8
28	12	15	9	50	33	49	4	24	48	50	15	17	9	18	41	47	45	23	32	
48	28	20	36	7	37	7	34	44	39	7	47	13	38	24	19	3	35	33	41	
47	46	37	46	25	46	34	13	29	18	21	47	36	42	35	30	48	26	20	37	
25	14	42	2	29	29	9	19	13	17	46	33	7	40	35	36	47	28	17	12	
27	25	38	33	39	41	5	19	21	14	32	46	48	24	36	19	13	40	1	6	
28	16	47	7	13	8	14	25	24	4	42	16	50	41	36	48	24	1	40	2	
44	47	34	50	44	20	15	26	32	40	36	7	9	38	11	37	50	10	13	29	
8	32	9	18	4	50	39	14	31	28	36	10	34	9	14	32	7	42	8	6	
24	10	25	13	26	29	12	47	29	25	30	29	30	48	19	32	32	6	13	40	
23	34	31	19	50	24	4	1	41	9	15	18	17	45	14	23	5	42	25	49	
40	12	19	47	8	43	4	24	15	42	32	41	13	27	12	28	42	2	32	18	
43	25	42	15	28	32	20	49	46	16	44	25	23	41	45	10	34	12	6	29	
23	28	48	16	23	39	16	36	17	45	27	38	5	11	35	13	13	42	17	37	
21	21	29	31	12	14	33	41	3	2	44	46	23	7	43	36	44	5	12	33	
14	45	43	34	36	27	29	49	10	27	15	4	7	19	2	44	11	42	26	26	
26	2	10	16	29	31	43	41	25	46	44	18	31	39	17	3	33	7	37	44	
33	44	39	31	19	49	27	47	14	26	19	28	34	37	44	35	4	7	36	12	
47	25	18	42	37	48	3	41	30	43	21	31	28	14	9	50	29	29	37	48	
35	36	5	10	6	32	24	28	6	25	26	12	37	16	26	8	11	10	11	36	
36	40	22	44	42	23	48	32	4	32	3	34	12	31	37	6	26	41	29	3	
On machine	9
47	45	29	3	47	11	17	38	47	25	35	33	7	11	12	14	19	5	18	46	
49	42	42	17	42	17	20	25	19	47	9	3	14	37	42	18	5	17	22	25	
43	13	49	12	8	5	12	18	23	18	17	38	25	47	16	47	37	25	49	12	
22	39	17	20	42	18	44	15	45	50	32	13	34	46	42	4	5	32	39	34	
13	33	4	33	14	48	47	3	26	21	32	48	21	1	42	30	13	40	10	37	
47	45	31	8	43	35	46	50	35	48	30	12	50	15	11	17	49	41	38	49	
26	31	3	44	33	29	9	48	10	4	31	16	4	46	3	28	30	29	38	24	
5	9	33	43	35	37	4	8	32	18	1	6	17	26	10	20	9	50	46	46	
36	2	5	40	7	48	10	26	12	34	48	40	12	11	19	40	17	16	39	41	
32	50	5	47	7	19	34	46	10	11	3	30	47	27	13	2	43	16	33	43	
21	26	25	19	27	48	28	26	47	19	21	15	4	21	22	7	30	16	47	32	
35	20	12	6	16	37	31	1	38	39	8	6	12	8	21	11	21	16	29	30	
12	9	33	50	20	32	46	49	12	23	17	36	24	41	39	28	12	26	46	5	
31	48	46	1	27	10	2	27	30	28	5	8	22	4	28	28	28	44	12	34	
28	38	35	22	15	39	34	1	16	7	4	37	21	23	10	1	45	1	41	40	
36	34	22	41	3	3	49	36	46	1	29	50	48	30	8	48	16	17	33	16	
28	12	42	28	35	23	14	21	33	10	43	2	12	12	45	37	50	50	20	41	
41	37	15	5	22	35	29	18	29	43	31	17	5	13	41	6	48	25	9	34	
14	5	42	35	15	18	41	22	18	33	12	8	46	14	42	24	8	5	48	29	
6	25	37	10	13	9	48	4	31	3	31	48	25	40	48	49	29	12	16	19	
On machine	10
2	47	12	17	27	17	36	45	5	23	50	8	23	2	50	32	26	35	49	25	
16	15	27	19	46	35	37	20	6	13	40	1	2	1	3	46	48	31	20	43	
32	3	29	1	12	23	47	6	8	30	27	25	20	24	40	34	7	25	21	3	
8	31	45	43	19	1	22	1	34	44	25	16	25	4	22	25	23	10	5	10	
27	14	30	25	32	33	32	17	11	29	18	48	26	18	33	31	14	46	24	5	
31	19	17	37	34	49	11	19	43	33	17	1	22	50	13	10	6	31	21	26	
11	6	4	21	23	39	49	41	27	37	50	9	23	10	41	24	49	28	4	16	
19	6	33	40	7	14	19	20	23	36	19	41	15	5	1	49	26	44	41	24	
5	13	44	49	39	37	19	50	47	12	46	44	33	24	1	20	45	47	25	20	
12	18	42	36	16	44	26	18	45	25	10	16	15	48	37	11	33	25	5	27	
1	41	28	45	17	19	2	2	46	18	2	32	16	35	46	36	38	6	30	22	
14	37	9	34	26	32	14	22	40	40	21	46	19	49	46	4	12	45	43	48	
37	11	4	46	37	3	7	30	1	14	4	24	49	43	28	14	32	22	21	22	
39	38	10	21	43	37	1	9	40	32	18	32	30	8	18	4	42	25	45	48	
19	49	11	4	38	4	23	19	36	10	24	11	5	36	48	23	43	45	34	8	
2	33	37	42	38	6	22	50	47	12	10	27	14	7	34	20	31	45	41	7	
11	12	46	16	5	50	48	4	5	26	23	3	43	14	41	35	35	38	46	14	
13	5	9	4	33	12	15	43	26	28	18	43	26	22	12	23	50	45	39	24	
33	47	30	50	37	27	40	10	43	20	46	14	27	30	2	32	3	36	17	22	
44	26	5	20	36	21	47	12	10	1	8	2	43	12	30	36	36	12	13	47	
On machine	11
45	29	38	2	46	49	5	27	35	38	35	47	4	15	31	28	22	6	10	38	
1	24	46	39	49	7	17	37	18	4	35	38	28	45	1	48	30	8	19	49	
50	48	16	3	25	48	1	12	18	9	37	39	39	6	3	25	28	31	8	17	
39	14	4	19	43	23	32	5	19	26	50	47	33	32	46	36	40	44	26	5	
47	49	10	41	19	36	30	33	9	16	31	23	6	7	13	27	5	49	27	20	
42	46	31	43	16	23	7	29	10	47	36	50	33	45	15	5	38	44	31	2	
14	35	30	2	46	36	3	38	38	37	33	21	30	25	32	8	41	30	20	41	
35	27	9	8	2	24	9	20	34	22	5	7	33	48	39	29	14	5	43	38	
37	25	31	15	36	19	1	24	45	4	29	15	25	17	30	47	21	32	38	14	
3	18	48	32	24	30	10	42	17	16	8	16	27	30	12	16	10	39	13	22	
33	6	25	2	42	41	15	23	1	5	36	47	40	41	15	21	33	9	8	43	
13	37	6	26	46	44	5	7	34	6	45	19	36	3	20	40	36	36	49	38	
15	12	4	32	9	5	17	25	18	13	35	9	3	28	33	24	1	40	34	1	
22	5	28	10	34	21	35	13	49	18	43	49	40	16	36	30	11	13	22	34	
44	22	42	47	2	26	42	6	6	2	42	38	16	5	6	12	24	3	11	20	
26	14	42	19	11	35	19	36	23	43	16	7	21	38	11	34	15	1	22	14	
12	48	16	6	19	44	40	22	7	48	37	2	14	1	2	13	8	7	11	49	
8	40	2	20	42	18	14	11	12	10	29	45	29	14	13	4	25	47	9	24	
26	2	50	7	2	42	50	34	3	21	47	44	38	9	19	37	6	15	39	22	
26	50	36	37	41	42	36	37	50	44	11	23	6	22	28	11	50	24	49	10	
On machine	12
25	32	9	7	12	32	14	22	1	11	34	43	12	44	2	21	31	31	40	48	
18	21	14	17	6	39	20	33	36	30	23	36	39	43	24	43	25	30	22	18	
8	21	40	36	34	19	11	49	47	43	4	10	49	35	47	40	41	40	36	21	
10	38	16	15	4	43	26	23	9	8	41	11	12	16	7	35	4	39	16	44	
32	2	13	5	31	14	8	32	41	32	40	10	46	34	11	35	23	35	9	3	
42	28	23	14	4	48	7	29	26	39	24	11	2	36	12	38	32	16	26	50	
29	25	33	37	14	4	7	35	21	1	3	2	50	48	48	49	38	32	2	44	
48	26	49	37	24	23	45	48	5	12	29	43	22	17	50	12	43	7	10	4	
35	24	30	46	34	35	28	36	17	9	5	44	11	3	42	46	30	25	14	6	
50	4	29	6	13	36	21	9	9	43	19	14	29	38	8	38	14	43	38	27	
9	15	18	4	4	38	48	11	28	42	9	42	40	47	7	31	20	34	18	9	
10	37	21	40	49	17	17	42	31	36	28	14	36	7	11	38	18	31	37	47	
43	4	47	12	24	43	22	11	29	50	18	8	11	39	46	3	22	36	16	24	
33	6	40	9	30	49	1	42	8	48	45	4	43	13	25	6	28	13	32	23	
33	43	38	15	46	15	25	42	21	42	8	33	26	23	12	33	5	24	48	17	
40	38	22	30	36	11	48	12	14	23	26	28	30	29	50	36	9	23	37	1	
21	10	7	41	30	21	6	20	5	13	15	19	32	2	3	18	46	43	5	33	
19	6	41	46	24	41	38	34	42	42	14	20	29	28	45	4	38	46	37	28	
39	30	30	34	19	35	11	39	12	16	3	24	28	31	33	9	46	20	10	8	
44	48	16	47	37	11	20	41	15	46	43	35	50	11	45	41	5	30	21	15	
On machine	13
23	1	45	30	20	43	46	18	38	2	13	28	5	47	38	12	2	16	13	50	
22	8	15	30	35	26	43	19	36	17	7	16	34	47	2	45	19	38	21	5	
43	6	43	25	41	18	7	43	29	20	22	48	5	50	22	21	35	37	16	47	
24	34	19	2	11	48	43	18	12	19	38	19	19	6	19	18	40	21	8	17	
27	23	29	8	10	1	14	24	50	12	38	40	17	33	18	45	2	46	33	13	
44	5	6	27	2	23	41	42	43	44	40	8	12	29	12	49	12	48	43	23	
18	34	18	2	6	34	22	7	22	11	11	2	16	20	33	29	20	3	26	8	
35	6	46	36	12	23	30	4	30	41	13	23	35	39	17	18	10	18	28	18	
43	24	35	25	17	47	4	24	22	33	8	44	39	42	11	50	41	40	38	47	
26	11	22	6	26	35	23	7	29	50	21	5	45	8	28	21	30	13	6	20	
33	10	13	24	11	41	36	48	50	44	18	5	10	37	14	13	15	46	10	11	
21	19	31	32	5	4	23	35	35	34	37	31	37	28	23	31	29	35	3	50	
29	18	33	6	15	34	14	37	43	48	1	20	42	48	46	38	12	9	10	11	
3	15	37	29	25	18	20	2	29	22	35	40	47	12	5	33	6	43	26	6	
15	23	49	48	22	28	6	35	25	24	6	19	12	44	41	8	19	41	21	22	
3	48	11	29	24	33	36	37	2	25	30	45	16	14	10	26	35	32	3	32	
22	5	41	16	17	36	18	32	15	7	42	33	38	4	3	34	45	40	33	29	
8	12	12	38	24	33	22	25	32	27	42	48	40	2	13	15	50	46	17	37	
27	7	23	13	29	18	43	12	8	9	46	41	50	45	1	32	12	28	28	17	
35	17	49	46	11	44	35	50	27	29	45	34	31	16	29	5	22	41	22	7	
On machine	14
48	45	36	31	37	1	8	15	19	12	34	50	19	38	17	4	16	45	41	35	
19	5	16	12	3	6	33	45	45	7	45	49	40	49	5	41	9	36	38	10	
28	14	15	25	37	11	31	34	43	28	40	47	42	6	3	11	18	30	7	5	
17	32	46	23	4	6	2	49	5	16	48	32	30	37	43	36	12	22	13	39	
37	21	22	49	2	18	35	27	42	47	50	16	47	2	34	34	23	2	5	19	
33	11	17	25	12	22	7	15	21	36	14	5	19	21	38	16	25	19	40	15	
30	31	38	50	30	31	36	6	25	27	24	8	36	19	48	20	4	9	49	28	
22	24	17	7	35	26	7	45	6	40	27	36	10	40	23	47	12	17	50	16	
35	36	27	5	46	18	34	18	12	8	34	24	41	4	11	26	25	7	40	3	
20	31	48	1	42	12	36	23	7	13	36	27	31	42	42	28	34	31	48	18	
25	36	21	5	10	39	3	40	6	28	26	24	47	32	2	12	25	36	5	39	
18	32	46	40	35	34	25	34	29	14	14	7	50	12	44	39	5	21	50	13	
50	9	32	46	31	11	23	33	19	2	48	10	19	2	23	49	15	3	10	15	
24	11	14	29	23	20	35	9	35	23	21	43	8	8	41	7	32	12	14	33	
36	34	25	44	47	25	44	31	2	43	20	40	4	15	19	19	15	36	35	30	
21	7	25	8	4	24	16	13	38	23	17	23	3	9	42	1	22	4	16	50	
35	10	43	9	27	22	17	39	30	7	5	24	44	30	3	26	43	19	47	10	
5	46	27	30	16	13	41	35	33	32	4	30	38	27	36	25	30	13	37	2	
4	33	16	41	6	44	39	30	9	50	47	41	44	28	33	42	41	33	13	29	
48	17	22	49	41	45	46	18	21	8	4	4	4	36	4	36	50	18	28	11	
On machine	15
10	25	12	21	12	27	38	25	15	46	21	17	34	36	25	5	27	49	25	31	
42	32	41	26	50	36	12	45	24	25	34	16	50	36	38	11	2	6	1	7	
2	22	24	11	21	21	2	23	27	5	18	47	2	27	30	1	40	18	25	47	
40	24	26	35	7	48	17	35	40	49	3	10	9	39	35	27	45	9	3	10	
9	14	50	38	40	43	24	33	42	18	19	5	41	13	17	23	30	47	18	45	
13	19	26	6	24	33	19	26	28	25	4	28	20	50	42	37	29	19	34	46	
49	31	30	2	1	46	27	3	27	17	19	6	37	33	47	2	28	29	36	32	
43	7	32	10	9	7	30	38	14	7	15	8	43	30	49	37	50	32	45	32	
48	10	21	16	30	9	27	45	22	12	12	2	32	10	27	3	35	9	12	6	
37	22	18	15	2	15	16	24	30	24	17	4	6	37	1	12	9	37	30	32	
26	24	15	42	21	47	2	11	20	30	1	46	40	33	44	6	48	44	40	10	
49	43	39	16	16	26	31	42	8	2	3	44	43	42	47	37	1	16	32	18	
36	21	42	2	32	6	24	7	12	13	42	36	11	18	26	21	45	42	38	26	
36	28	34	29	15	2	18	32	46	44	32	4	17	9	1	35	12	34	45	48	
45	44	36	24	30	13	26	40	45	28	44	15	19	46	1	10	20	12	14	25	
50	48	29	9	40	9	31	25	4	48	38	20	21	48	26	47	6	11	15	46	
46	5	48	25	8	29	5	20	42	41	43	2	5	32	5	43	36	39	31	7	
31	3	43	16	22	44	26	17	44	45	4	5	9	23	50	32	42	24	46	10	
46	12	21	29	39	45	6	20	48	49	50	42	48	21	36	37	12	32	43	28	
3	43	3	45	23	47	48	15	38	11	35	19	45	3	11	18	30	38	26	9	
On machine	16
48	37	38	17	18	26	2	11	4	34	46	10	34	21	35	33	47	19	16	29	
38	17	31	33	29	18	11	12	20	39	27	27	47	47	38	43	27	23	34	36	
20	7	45	13	3	33	7	30	33	5	3	2	36	18	19	47	37	37	9	18	
22	42	17	45	1	8	33	8	29	49	25	41	37	18	32	6	14	28	13	49	
30	23	50	37	36	42	36	39	20	36	17	12	44	29	46	11	43	19	50	24	
30	20	44	41	8	29	43	15	19	16	45	29	17	36	50	26	36	27	7	50	
47	49	48	26	10	9	3	12	21	7	10	4	13	38	39	48	17	2	11	5	
41	20	24	26	43	34	39	25	7	37	46	1	42	26	23	14	24	35	37	43	
33	34	49	10	41	6	38	41	26	8	33	3	44	43	44	38	26	41	41	5	
16	23	19	5	38	8	3	34	7	12	40	31	29	8	5	17	36	24	19	50	
10	7	26	23	31	2	1	33	26	11	40	34	28	22	47	35	30	26	37	37	
37	11	24	40	28	11	13	43	26	26	33	41	12	23	38	7	48	40	42	25	
19	39	9	17	38	39	35	37	28	10	18	3	14	20	6	46	3	6	50	21	
48	2	29	9	1	29	23	6	42	19	28	22	37	17	23	22	9	11	44	26	
25	2	41	23	49	20	39	20	48	11	43	42	32	25	13	4	45	43	15	16	
1	14	16	32	5	42	10	50	42	38	12	25	22	25	28	48	10	39	4	9	
39	47	47	21	11	5	22	26	38	11	30	2	32	21	9	9	33	24	23	34	
33	33	28	39	50	45	35	27	3	46	21	8	15	29	41	46	16	37	40	30	
40	21	45	26	29	15	38	5	13	32	21	50	3	10	21	2	1	30	3	40	
12	15	43	14	37	35	11	50	47	29	27	12	47	24	24	35	45	2	1	18	
On machine	17
4	34	16	25	15	39	48	42	11	19	44	48	36	8	20	18	22	15	18	20	
13	12	36	46	43	39	24	2	10	7	9	31	2	29	14	7	25	15	1	19	
43	46	43	10	36	37	34	24	49	8	40	27	11	38	34	50	16	40	22	37	
26	29	23	29	40	1	34	27	42	40	46	34	28	27	28	46	8	48	4	20	
9	21	21	36	46	18	42	49	31	47	50	19	25	28	21	8	41	44	5	22	
30	1	45	37	19	29	39	39	36	8	36	22	25	23	47	50	9	24	14	41	
46	17	22	45	23	40	34	43	30	22	33	35	11	9	14	49	12	16	39	50	
27	20	17	5	48	18	6	50	15	39	23	26	37	41	27	13	22	37	4	35	
50	18	49	17	5	8	19	41	44	48	26	25	41	22	50	47	30	29	37	22	
2	45	44	19	16	41	21	23	45	3	9	40	34	18	38	31	32	47	15	15	
43	40	27	18	26	30	29	16	4	1	8	14	50	49	8	7	4	42	45	26	
4	5	34	22	8	2	19	32	37	33	41	50	34	7	43	2	49	27	16	14	
7	22	36	46	24	17	1	46	6	7	41	44	9	21	34	30	8	1	38	35	
23	35	6	29	46	37	34	38	38	33	1	4	25	27	3	45	12	3	39	19	
26	9	19	49	49	2	17	9	39	5	15	26	47	7	49	19	36	28	5	43	
16	8	21	6	30	13	29	40	44	14	49	4	2	21	47	20	30	12	48	1	
35	44	37	1	48	1	26	40	14	12	44	6	25	24	20	27	5	37	42	38	
1	14	32	34	23	15	50	37	33	31	43	6	11	18	16	14	16	43	29	18	
49	4	44	49	21	31	9	34	18	41	12	26	49	13	40	28	3	2	41	19	
31	11	20	22	8	26	32	42	13	38	29	20	27	25	39	12	30	45	2	44	
On machine	18
20	12	48	30	16	35	10	49	25	10	2	17	40	26	30	4	50	18	14	26	
10	25	31	21	41	44	8	23	39	4	7	33	19	31	28	12	18	21	3	2	
20	1	19	16	39	13	35	27	24	5	14	46	22	30	39	32	2	1	14	4	
26	35	44	32	27	2	15	49	50	22	7	26	7	19	22	32	39	29	12	33	
49	49	26	38	2	41	3	6	34	27	42	45	5	40	33	30	4	14	31	15	
18	50	31	12	7	38	7	22	39	34	24	8	31	37	49	50	18	26	16	41	
18	38	27	35	13	50	27	13	5	4	50	19	31	20	3	48	30	18	50	19	
6	25	36	33	36	33	17	23	34	1	36	41	39	47	39	35	41	28	16	49	
28	3	39	21	17	13	29	26	21	10	30	13	32	33	40	17	20	24	25	30	
22	44	28	9	25	48	18	1	21	30	38	46	26	24	18	31	7	29	31	49	
25	48	45	36	17	14	28	29	27	24	28	23	35	14	26	31	14	47	21	12	
15	12	7	30	4	40	25	8	15	34	20	12	1	21	8	36	21	8	10	42	
48	15	11	6	39	17	27	45	39	43	19	21	22	46	15	9	21	49	44	38	
16	4	49	49	16	32	30	46	2	5	50	10	33	12	9	16	7	42	43	44	
40	38	39	20	26	42	47	8	35	39	49	4	22	39	9	18	24	10	12	12	
31	34	14	48	15	48	40	39	20	19	40	21	20	1	15	7	38	45	12	4	
31	14	14	5	49	41	45	27	12	33	39	4	7	32	36	38	18	9	28	2	
39	25	18	46	23	33	37	4	8	10	1	32	19	38	21	38	3	6	35	33	
7	38	7	40	33	14	12	23	4	12	26	6	1	20	39	16	18	37	40	9	
15	24	40	17	16	43	32	16	28	8	5	34	48	10	6	18	44	23	23	35	
On machine	19
20	25	15	14	2	20	40	19	40	49	14	42	23	11	34	19	49	3	50	23	
12	16	43	21	34	24	46	37	34	3	13	36	31	14	28	32	37	45	15	49	
34	6	41	36	8	37	10	24	12	8	49	18	5	20	45	20	19	26	19	25	
16	28	4	47	19	12	48	43	1	5	9	1	6	25	31	33	2	31	45	42	
2	38	36	14	24	29	49	7	37	30	15	31	15	28	15	34	38	36	39	8	
31	9	9	5	27	5	44	4	15	24	19	42	8	13	6	35	21	31	46	6	
36	41	27	22	43	26	32	38	32	13	28	3	12	36	8	7	4	29	9	27	
17	36	29	13	49	31	29	18	28	42	1	3	1	25	28	43	20	44	24	10	
26	40	27	46	24	10	26	26	44	9	19	26	18	22	46	40	44	42	44	37	
50	15	28	1	14	45	39	31	49	15	12	38	25	22	20	12	17	8	37	6	
37	45	34	49	34	40	18	3	42	28	31	32	28	33	31	47	40	4	29	47	
10	20	9	36	31	17	11	38	35	10	12	31	6	34	17	45	43	11	4	2	
29	7	28	6	10	2	30	2	34	2	13	29	9	40	26	37	29	29	40	3	
40	22	31	49	44	19	10	10	23	18	29	45	12	43	7	1	28	39	1	6	
41	45	15	16	1	18	6	47	41	50	7	47	50	6	1	29	33	5	24	10	
19	7	14	50	33	48	47	30	20	18	31	17	31	49	48	38	1	4	50	21	
46	10	48	20	43	18	1	25	19	6	31	10	18	35	42	11	48	1	25	9	
18	20	44	30	45	7	10	50	49	31	33	33	31	45	38	22	24	9	38	26	
37	22	47	31	4	29	37	5	44	21	22	26	31	20	6	3	49	29	25	19	
8	3	2	32	19	46	22	24	7	37	46	25	28	11	33	20	31	8	46	3	
On machine	20
14	43	2	21	4	13	15	35	30	28	35	31	19	20	2	50	2	47	25	40	
31	19	48	33	7	14	50	12	22	41	1	4	5	40	39	43	19	46	3	30	
18	19	13	32	42	38	11	23	31	33	23	49	39	24	14	8	42	31	46	42	
25	19	32	15	14	10	17	15	6	19	1	21	39	50	33	35	4	27	15	42	
36	40	25	35	21	22	25	30	41	18	36	19	45	22	15	41	32	38	31	30	
3	18	37	47	35	6	48	28	16	37	24	31	3	31	45	49	24	7	18	15	
12	13	5	45	44	29	21	48	4	45	34	13	17	5	43	13	47	8	7	36	
31	14	43	12	48	37	44	45	3	8	22	25	46	4	39	32	10	30	31	12	
12	48	45	37	45	50	48	8	19	13	14	23	28	38	16	50	44	50	7	30	
7	38	50	20	41	7	33	37	39	17	19	9	9	27	22	41	25	33	27	22	
49	25	34	25	32	17	26	4	12	19	47	33	32	17	17	45	37	49	41	1	
25	25	46	2	11	35	26	11	22	37	39	50	24	18	16	26	33	13	37	49	
7	45	49	32	19	38	24	21	17	29	17	3	11	12	50	25	33	42	31	22	
43	10	22	26	13	37	31	31	32	25	45	7	42	32	36	2	24	36	41	46	
15	46	48	40	28	15	9	34	33	31	25	42	21	7	16	50	28	4	13	39	
23	36	47	47	18	42	47	3	17	47	36	8	5	11	10	30	39	49	14	36	
3	27	48	6	32	9	20	16	26	2	4	23	19	26	4	48	22	21	31	39	
17	28	17	1	46	44	12	23	18	24	16	9	15	45	10	20	50	27	5	6	
31	3	41	23	23	31	7	44	33	4	42	7	36	18	30	35	38	34	34	18	
3	7	20	15	2	36	31	24	44	32	44	10	13	32	50	22	28	4	2	50	
On machine	21
50	7	21	50	41	48	9	5	27	32	10	15	6	25	14	24	46	2	39	13	
43	46	12	36	39	30	45	50	42	33	27	46	30	40	43	6	33	18	18	5	
12	38	50	48	23	41	8	49	36	5	44	16	14	41	9	45	23	34	42	33	
46	17	4	2	41	27	41	45	29	23	31	3	29	21	43	9	8	32	46	46	
5	39	11	9	2	38	1	44	39	30	11	12	38	39	33	31	39	10	2	12	
29	44	2	46	22	22	28	15	6	44	14	18	44	6	33	9	33	47	38	17	
12	16	1	5	34	38	49	48	40	40	34	33	11	28	25	32	41	44	11	25	
42	40	49	2	46	43	9	50	15	22	3	16	41	8	28	15	3	37	25	14	
21	34	43	18	14	21	20	46	10	39	25	43	24	44	21	44	18	1	25	5	
1	47	40	41	46	1	45	23	33	28	14	43	39	2	43	35	28	11	34	32	
20	28	28	9	10	6	21	41	48	30	30	32	1	6	23	10	24	6	44	46	
4	38	36	17	18	1	31	44	25	10	43	3	40	27	9	11	10	42	28	42	
1	34	39	6	3	20	12	47	25	46	27	36	41	43	19	41	12	22	22	49	
31	25	50	34	25	9	37	21	3	12	5	38	18	36	49	33	4	34	5	1	
48	37	24	49	22	37	4	15	47	47	29	4	27	18	4	29	48	49	32	40	
46	25	28	46	33	41	49	30	22	32	17	43	17	12	41	22	20	28	38	26	
1	34	7	8	6	27	20	18	9	15	26	33	50	6	41	30	4	7	7	38	
49	44	35	12	8	14	33	31	2	21	2	41	21	13	32	13	36	7	50	4	
30	19	12	35	37	19	26	37	7	16	9	9	24	7	19	39	38	25	10	32	
34	3	2	19	37	4	33	18	46	12	31	44	46	2	29	1	50	48	30	43	
On machine	22
32	50	38	47	24	14	33	40	4	43	19	22	37	32	7	40	22	10	24	11	
25	18	29	17	7	46	7	14	14	50	23	17	42	34	26	19	5	18	13	12	
24	7	44	26	39	20	35	2	34	28	25	26	39	39	26	36	9	9	34	42	
50	47	10	20	44	8	25	19	39	21	47	29	42	40	32	25	22	17	50	16	
3	39	27	8	49	3	25	14	16	48	8	42	14	22	10	29	12	16	4	19	
42	30	35	4	39	22	31	41	47	46	23	31	9	24	30	50	48	46	8	11	
9	14	24	23	46	42	27	26	40	39	39	34	7	46	38	13	29	22	15	25	
8	45	7	27	15	9	39	45	34	10	3	36	2	31	48	36	39	47	34	29	
43	23	38	1	32	6	44	26	35	29	5	5	23	31	14	44	1	14	48	40	
11	26	20	27	14	18	10	13	33	46	48	24	40	43	4	44	16	13	1	39	
41	36	1	40	8	48	22	20	30	3	13	41	40	44	44	5	42	26	46	28	
50	21	28	29	32	19	9	26	39	18	38	2	19	35	21	18	42	18	4	3	
24	29	35	7	25	33	48	11	4	14	49	24	13	42	18	16	18	27	18	23	
4	8	42	19	49	12	41	6	17	20	31	2	3	16	47	8	13	26	44	28	
9	4	50	2	5	25	41	13	44	25	21	16	15	47	14	1	47	25	1	22	
41	27	26	41	32	26	36	49	26	9	50	38	23	32	39	24	28	23	14	22	
42	11	26	48	25	44	14	18	3	36	13	24	11	11	39	2	4	45	35	40	
37	34	48	25	17	26	27	47	25	44	15	33	45	26	32	18	32	50	17	10	
12	17	24	21	18	42	16	46	42	12	9	4	21	26	15	23	47	6	35	6	
31	36	17	42	35	15	7	47	27	20	18	27	31	39	29	27	43	44	48	38	
On machine	23
9	23	1	16	17	5	32	7	44	9	46	45	36	10	5	8	39	31	5	25	
12	29	39	23	3	37	14	49	20	9	13	23	43	25	28	18	20	5	23	16	
34	19	4	13	48	49	18	41	41	34	29	38	23	37	13	12	48	49	47	9	
35	1	2	8	20	32	49	41	41	48	28	20	5	36	46	36	30	22	18	18	
17	10	44	48	10	41	49	21	30	14	14	10	45	41	24	34	45	3	11	33	
30	19	24	25	39	12	21	26	6	34	19	16	19	34	47	44	11	38	9	30	
3	46	23	23	49	23	32	5	11	13	5	3	12	27	7	13	14	4	30	41	
3	45	47	23	26	31	44	43	47	41	15	41	39	28	16	10	28	14	49	15	
36	5	25	12	35	28	46	22	46	18	18	44	43	17	27	34	24	33	23	16	
30	11	22	13	4	45	44	50	23	44	25	45	3	49	38	37	15	46	8	15	
23	14	36	36	17	25	11	16	20	35	11	39	50	31	8	25	38	44	21	17	
24	4	25	12	26	19	50	24	23	3	32	48	35	13	39	17	16	35	45	10	
33	28	43	50	18	21	21	42	22	42	22	39	50	49	18	18	5	1	21	7	
28	46	6	8	19	19	40	43	3	37	39	47	30	12	35	14	7	18	1	25	
38	21	14	22	11	39	32	6	24	23	6	32	25	10	21	16	18	9	36	25	
12	38	32	31	24	13	38	4	13	4	29	11	30	2	23	6	47	35	16	37	
9	29	15	15	2	45	14	38	42	38	33	4	46	16	15	22	39	5	15	30	
30	16	19	6	10	24	13	14	11	36	8	26	5	35	48	50	5	28	44	34	
35	25	6	16	23	18	45	34	12	49	11	18	39	37	2	5	12	17	12	24	
5	3	7	23	21	27	50	15	34	5	28	38	49	17	10	48	23	19	16	14	
On machine	24
11	33	44	6	8	33	27	29	39	14	5	39	15	7	28	35	3	3	34	21	
13	46	43	39	6	11	13	24	13	10	24	15	4	8	32	44	3	14	31	19	
11	40	26	36	40	21	16	10	34	20	28	45	48	23	28	28	38	50	37	27	
15	17	22	20	12	4	48	35	22	48	26	38	21	37	14	16	35	33	43	1	
45	1	2	35	29	50	40	15	37	3	8	43	12	30	15	21	14	21	10	22	
23	32	14	42	14	41	15	42	29	35	34	43	17	48	46	28	32	8	38	31	
16	37	31	40	14	3	25	43	50	37	14	23	31	18	12	11	48	24	34	46	
39	28	27	9	47	33	47	30	1	9	25	6	20	46	6	24	44	21	50	10	
42	21	31	34	31	34	30	13	33	18	36	20	4	11	1	8	3	2	47	34	
41	9	42	37	3	14	12	19	19	40	40	22	17	22	41	2	34	46	10	50	
8	9	27	48	27	16	11	44	21	23	20	37	27	40	23	48	39	15	46	23	
46	15	49	41	46	13	37	36	23	50	14	27	9	4	39	50	26	10	50	37	
24	25	20	38	6	10	5	35	8	32	11	17	16	47	50	14	49	35	18	16	
39	8	49	37	36	30	37	39	39	25	25	9	18	38	17	21	37	6	23	5	
31	28	21	15	29	23	17	20	37	38	3	34	41	27	30	25	21	23	4	35	
8	19	21	23	6	6	8	31	41	43	42	13	24	50	16	32	40	48	38	20	
26	20	49	25	39	21	11	27	46	45	6	11	17	47	2	39	1	23	1	4	
33	14	40	46	32	1	45	18	14	15	33	18	39	4	18	26	12	23	46	13	
33	4	49	13	35	37	29	22	2	10	9	32	46	14	25	46	4	37	1	50	
7	9	46	11	7	19	2	7	4	6	49	4	2	46	32	19	5	31	48	33	
On machine	25
21	5	9	19	33	10	6	11	42	37	1	40	25	37	14	8	3	31	30	24	
49	27	25	29	23	32	45	37	49	9	26	11	45	32	41	9	14	16	17	47	
33	20	48	22	15	32	21	39	25	5	1	18	13	33	41	50	45	1	5	13	
8	18	22	40	13	25	35	46	2	17	17	42	24	24	37	37	33	31	19	35	
46	49	5	47	37	4	4	41	7	20	25	20	14	41	35	10	17	9	14	50	
34	23	48	1	30	40	50	16	10	42	29	28	46	49	7	37	12	36	47	4	
5	24	46	28	23	19	22	3	33	15	42	1	44	1	37	28	40	17	14	49	
19	28	39	23	46	42	50	23	16	30	41	4	19	20	13	19	41	11	11	3	
15	1	2	4	42	16	28	25	40	43	24	26	7	18	1	14	31	44	38	46	
21	40	50	39	34	20	31	45	23	5	43	39	20	2	40	45	43	36	49	27	
20	12	32	12	29	1	48	4	28	27	48	40	36	49	28	22	49	3	6	1	
42	14	20	42	42	29	44	5	43	38	12	23	8	5	37	11	13	8	5	28	
13	27	47	26	39	33	41	16	48	12	14	26	5	47	3	12	17	28	34	10	
8	31	27	7	13	45	47	6	7	37	12	12	13	14	41	2	43	6	1	42	
2	21	4	19	23	38	24	27	22	13	17	48	1	41	49	20	44	48	42	14	
13	26	3	22	29	23	32	14	8	31	19	38	43	9	8	11	40	45	7	29	
16	16	33	27	33	7	37	13	7	25	32	12	38	48	13	47	39	34	45	30	
29	36	10	5	28	19	39	3	29	23	13	14	37	6	32	4	9	30	8	1	
15	30	14	27	27	48	43	45	5	42	49	37	14	30	7	31	34	2	34	46	
40	48	29	5	6	39	31	13	44	9	17	7	39	2	37	16	49	7	9	1	
On machine	26
5	26	23	6	5	29	48	39	23	36	46	6	29	47	32	30	43	44	16	17	
49	12	18	36	45	29	12	33	29	11	49	48	7	6	40	48	10	28	14	31	
28	39	2	12	34	23	4	20	20	3	45	37	8	43	36	20	6	15	31	27	
43	3	40	21	24	14	6	39	16	22	20	45	14	12	23	50	34	44	28	19	
48	48	37	31	9	32	20	7	17	50	47	16	1	33	15	17	18	30	23	19	
28	22	7	28	46	38	18	25	31	42	28	21	7	22	18	25	50	17	29	43	
40	30	5	20	46	7	8	25	4	12	41	46	3	44	7	33	30	7	39	25	
8	6	13	38	18	43	31	33	47	9	4	13	43	26	40	35	14	38	46	20	
4	36	19	23	41	31	41	8	43	34	33	47	25	47	19	15	28	16	14	25	
6	3	13	6	16	42	35	43	44	30	5	49	19	48	45	14	8	34	24	46	
18	13	26	35	24	25	6	26	50	16	38	2	2	27	27	31	44	23	11	24	
17	22	31	42	18	44	2	16	8	3	7	22	49	1	37	35	27	20	23	3	
3	25	2	33	50	1	16	25	16	24	31	44	23	11	7	50	20	40	50	24	
5	27	27	12	28	12	32	41	40	10	42	29	27	9	22	7	8	1	6	46	
3	32	5	1	28	43	30	12	50	5	25	24	24	4	6	46	35	48	3	45	
21	19	3	43	15	6	2	48	8	25	30	35	34	9	39	15	19	25	4	31	
41	6	7	45	24	4	33	23	35	46	11	31	6	49	41	26	48	38	8	50	
11	47	10	4	10	25	1	20	12	21	42	32	47	49	2	20	2	39	4	48	
9	20	9	25	27	38	18	24	48	22	17	32	22	42	43	45	35	21	10	16	
49	11	11	11	45	10	26	5	4	40	43	20	39	16	48	49	28	40	46	34	
On machine	27
2	45	19	42	30	21	5	37	23	3	24	4	15	14	1	46	12	24	22	10	
2	6	46	8	36	42	40	27	29	17	46	50	42	20	39	24	44	10	33	8	
37	12	42	49	15	14	45	12	5	32	43	6	5	49	30	23	27	21	8	5	
32	25	48	2	49	8	3	34	38	16	32	10	44	42	30	31	50	5	37	49	
42	36	42	21	39	5	28	1	12	50	32	5	30	41	19	38	9	45	43	38	
47	8	1	26	24	38	42	38	11	15	41	13	30	45	47	42	33	16	25	18	
23	4	3	29	1	43	44	8	14	27	4	14	30	26	27	40	31	15	47	13	
37	48	3	1	6	28	29	16	32	43	12	38	12	23	36	27	8	32	2	17	
38	40	37	9	17	26	31	2	7	47	40	9	24	12	45	37	6	47	19	39	
33	11	46	26	15	4	47	40	11	49	43	18	7	11	11	21	29	15	49	8	
15	44	14	47	46	22	25	43	6	19	8	16	11	9	47	15	4	32	32	8	
17	20	44	38	44	11	14	1	46	48	2	33	22	39	9	14	20	50	41	7	
1	25	12	44	30	30	13	21	7	12	39	8	9	29	43	2	49	6	33	22	
29	23	43	34	50	25	49	22	46	2	12	40	5	3	36	37	47	1	47	7	
19	49	42	29	24	5	41	21	46	48	12	14	7	40	37	37	20	36	30	8	
18	10	44	48	44	9	11	23	5	39	39	21	19	2	11	17	5	25	10	46	
16	13	29	48	16	29	32	10	18	45	38	24	18	29	20	42	2	28	43	29	
3	7	49	43	36	25	32	24	24	43	19	12	2	8	7	37	2	44	33	4	
47	10	39	47	43	17	25	45	2	39	15	16	8	44	15	34	42	49	10	28	
23	21	8	33	31	44	37	16	4	43	15	45	26	26	20	29	26	45	11	9	
On machine	28
10	24	43	20	12	10	37	38	43	2	48	32	27	7	4	31	26	27	13	26	
27	27	48	26	7	36	47	39	31	26	11	6	29	2	50	39	10	20	1	45	
48	8	10	38	9	38	27	43	16	3	49	27	23	9	22	26	35	15	22	14	
30	19	33	27	49	13	34	40	31	7	13	30	34	30	10	20	29	6	26	38	
26	1	14	37	47	31	14	40	39	30	21	36	34	37	41	42	30	8	33	1	
40	32	14	22	46	39	14	14	15	32	12	14	25	12	28	15	8	23	2	19	
25	24	21	33	32	10	15	31	50	20	46	20	6	27	48	7	49	13	28	31	
33	11	26	23	9	13	31	26	31	15	13	14	2	21	35	1	45	35	19	48	
24	49	20	25	19	1	41	10	8	10	31	48	15	45	26	14	12	36	10	23	
1	8	8	30	14	45	33	42	45	24	19	29	24	3	26	42	41	8	21	34	
30	20	3	1	49	34	24	38	16	17	18	12	6	46	5	26	8	3	8	6	
33	17	35	49	27	19	12	9	27	30	11	40	29	31	44	44	21	47	31	36	
48	28	49	49	45	20	26	2	46	42	3	18	47	33	22	13	13	16	42	12	
42	35	10	37	18	43	50	32	20	29	41	49	6	32	23	38	28	10	13	18	
40	34	5	20	23	8	27	34	30	18	26	31	2	32	13	7	32	9	8	31	
49	27	8	27	48	10	50	28	38	37	4	10	21	41	40	8	43	16	43	31	
3	14	50	16	47	27	39	46	17	5	31	44	16	17	1	32	14	29	25	36	
5	40	45	24	45	33	13	46	1	36	44	42	10	44	10	4	44	5	15	6	
8	25	46	20	28	40	35	48	38	48	34	6	33	7	28	46	1	12	4	39	
30	34	1	46	49	15	21	21	15	22	24	31	19	43	3	45	9	25	9	33	
On machine	29
24	4	31	11	5	49	21	24	10	47	45	43	16	7	13	2	11	28	23	17	
36	47	18	30	42	18	9	8	29	30	3	18	19	21	1	11	17	5	16	9	
30	13	45	1	12	39	8	3	28	33	45	43	27	3	7	6	39	42	44	46	
24	35	30	38	26	24	48	27	17	35	2	37	47	3	41	25	19	8	20	8	
27	31	29	5	43	15	20	17	11	1	6	48	38	10	31	34	26	1	48	10	
2	39	13	28	33	21	48	43	8	8	10	15	22	41	48	6	1	39	11	32	
12	27	35	44	7	35	10	47	47	13	9	39	6	8	30	3	23	8	13	27	
17	9	2	7	1	8	30	18	33	9	40	28	11	11	41	17	40	26	3	22	
21	38	28	50	28	7	14	7	47	38	28	35	26	10	29	48	34	23	19	11	
1	42	21	9	32	16	6	11	21	18	20	28	50	26	9	35	43	5	46	10	
32	1	32	5	36	49	30	37	41	12	34	24	6	3	2	13	32	33	14	45	
45	25	45	29	7	3	38	40	44	9	43	12	1	48	6	40	20	36	43	11	
39	8	11	34	16	6	30	13	39	8	25	27	30	27	22	39	34	33	33	39	
15	18	37	20	25	24	7	4	16	27	43	20	44	39	41	33	20	3	21	49	
2	35	7	48	31	36	22	18	28	19	22	31	33	17	49	40	45	1	32	50	
17	23	22	49	17	36	34	1	4	4	18	49	47	26	46	39	6	42	1	43	
37	48	35	24	27	47	19	17	8	10	33	3	42	25	7	17	43	9	25	4	
11	20	22	40	45	21	10	23	11	3	9	12	5	5	20	13	46	20	43	8	
5	38	3	47	25	32	28	41	18	1	6	46	16	15	8	17	47	22	5	10	
47	5	46	23	34	23	16	6	13	36	19	30	40	37	33	14	29	1	18	12	
On machine	30
24	50	28	45	42	11	50	10	10	35	44	23	42	1	36	40	37	5	15	22	
24	9	33	26	30	28	39	6	35	18	44	30	27	39	45	39	8	28	37	8	
1	6	41	28	46	22	13	11	32	45	23	15	48	15	3	45	31	41	45	10	
38	48	2	46	37	45	35	38	8	40	40	34	37	8	8	2	37	33	13	38	
45	22	2	34	17	28	29	50	27	23	45	44	40	29	26	46	4	20	48	34	
44	12	49	29	49	42	36	49	41	43	10	2	4	11	44	31	35	44	26	2	
40	32	30	34	41	1	10	43	35	17	49	28	8	47	9	39	20	15	16	14	
9	24	2	23	4	40	31	15	38	22	36	7	42	30	5	5	12	2	39	16	
21	4	35	4	11	5	7	20	13	36	22	20	39	40	43	15	7	43	44	26	
36	23	4	15	2	16	28	16	33	9	33	41	38	44	13	16	1	9	32	27	
8	33	23	6	9	28	11	49	9	6	8	37	35	47	34	34	47	3	31	41	
14	44	6	31	46	35	13	23	22	25	48	26	4	49	16	13	46	43	11	13	
35	41	9	40	34	14	16	23	15	21	7	48	48	8	16	27	50	17	6	1	
16	6	49	42	30	30	21	36	35	46	30	40	33	40	31	48	36	27	13	32	
34	1	43	42	25	48	6	44	35	10	3	25	21	43	25	20	5	25	4	13	
42	7	16	23	46	37	43	33	20	42	25	21	7	6	20	26	37	43	9	10	
7	28	7	22	18	50	45	7	9	18	25	46	25	43	17	45	49	10	15	28	
2	46	29	2	10	27	47	50	2	22	30	10	1	40	39	10	47	11	17	34	
21	18	20	40	46	34	32	16	29	3	43	8	34	31	23	3	27	15	7	18	
25	11	15	48	45	5	8	11	34	7	11	30	45	14	20	1	26	30	12	12	
On machine	31
8	49	4	41	40	49	7	10	10	23	37	36	14	30	1	45	19	31	27	16	
3	17	36	42	42	5	12	12	37	45	19	32	39	30	39	11	36	49	22	38	
35	30	22	46	6	28	19	16	5	25	37	38	31	32	28	35	22	49	36	33	
42	39	24	42	39	3	47	42	7	24	20	3	44	40	34	50	43	33	32	32	
25	14	48	17	13	34	12	11	30	6	17	3	19	39	29	19	5	36	44	21	
47	38	2	6	4	5	5	16	45	19	2	29	9	3	8	33	39	16	22	37	
31	9	41	6	11	1	45	35	6	1	13	50	8	44	21	29	35	12	25	13	
44	10	50	5	30	11	3	1	44	7	36	15	30	9	31	38	24	18	48	12	
15	30	2	34	28	7	3	50	3	7	40	5	30	24	32	50	4	21	35	6	
39	21	4	38	34	27	32	3	16	12	30	33	26	6	23	33	9	7	30	29	
19	13	34	26	26	19	45	49	41	27	28	16	27	16	8	34	41	34	44	28	
11	12	24	15	41	49	2	31	12	42	41	8	23	24	19	23	5	7	8	13	
15	33	13	27	15	3	33	22	13	4	38	33	14	28	43	17	50	41	5	19	
11	34	35	25	21	19	24	23	31	19	38	25	37	21	1	20	26	2	26	3	
19	48	48	6	43	4	30	48	29	10	47	39	36	36	11	41	25	11	2	15	
9	49	9	2	39	35	13	12	21	34	34	40	44	15	28	19	13	30	42	13	
38	43	48	35	47	8	39	24	12	22	46	48	7	14	6	19	37	14	10	27	
45	28	32	23	16	41	41	21	2	30	30	25	42	23	46	24	30	18	36	46	
10	32	48	31	33	38	6	44	42	22	9	6	41	29	20	22	43	39	34	19	
1	40	32	41	29	28	29	28	39	40	46	21	15	31	25	15	8	6	46	29	
On machine	32
25	3	19	15	28	42	28	1	9	7	42	12	32	44	48	1	21	5	23	1	
36	19	4	7	29	14	17	21	11	40	26	45	11	42	28	3	8	13	50	41	
45	32	49	50	17	38	47	38	47	13	7	15	3	6	29	50	33	46	8	15	
20	2	26	26	27	21	23	36	21	1	36	10	6	5	8	38	40	21	47	14	
25	16	1	43	50	38	11	39	29	47	15	16	23	47	7	20	29	32	48	32	
26	23	43	39	30	30	22	41	4	11	30	34	35	50	11	14	42	19	4	42	
5	28	21	31	22	31	48	1	25	39	13	19	41	44	11	47	15	34	32	32	
39	17	25	5	30	5	3	9	9	37	3	34	4	4	50	7	30	48	31	2	
14	18	22	47	45	37	9	36	50	47	41	3	46	4	34	10	17	36	48	50	
15	11	16	11	36	31	34	47	20	26	37	31	25	19	21	30	38	4	18	21	
21	29	45	39	8	19	23	19	26	27	34	25	30	17	10	26	6	33	20	32	
15	46	37	26	41	19	29	38	17	42	30	1	39	2	47	42	37	48	37	8	
29	14	27	11	11	37	40	41	50	30	36	14	26	41	40	25	21	49	12	7	
36	12	4	3	3	31	34	35	25	50	40	32	6	26	33	44	14	34	41	44	
38	13	11	33	32	20	15	19	5	29	36	23	39	24	40	47	39	26	39	29	
5	42	22	45	42	24	11	17	36	27	11	28	35	20	5	39	42	13	1	23	
19	41	33	50	25	26	25	47	36	32	36	30	43	19	31	21	38	32	20	40	
31	14	25	50	16	37	48	10	18	13	36	43	50	26	7	17	48	29	22	28	
46	36	50	42	40	50	39	12	38	33	29	8	40	21	15	28	49	19	31	37	
15	5	45	44	44	7	20	35	7	18	14	37	20	33	19	24	33	14	10	29	
On machine	33
12	41	25	23	49	25	25	18	11	46	50	30	36	41	18	32	43	49	48	26	
29	33	47	37	41	17	36	7	36	27	16	47	18	7	33	2	16	4	14	29	
25	24	50	38	28	30	39	28	12	6	42	18	41	25	8	5	19	44	47	46	
33	19	19	35	18	9	18	50	8	36	41	26	16	40	27	48	40	48	36	42	
9	7	46	10	5	5	47	28	15	25	15	29	33	14	49	6	24	23	19	46	
18	47	36	7	39	27	20	14	19	12	27	45	33	11	47	15	42	17	14	41	
17	27	7	15	40	42	20	29	35	22	25	39	19	49	15	21	21	48	16	31	
18	19	10	5	13	41	17	45	14	37	39	17	44	12	35	10	28	50	8	47	
27	13	15	45	25	50	20	28	28	50	24	15	35	33	43	16	30	21	47	16	
2	33	25	11	48	9	42	35	46	11	6	18	4	44	21	28	50	12	4	4	
3	49	13	3	26	12	9	16	30	6	23	28	1	8	31	12	34	7	44	31	
43	20	36	11	40	12	2	46	50	19	32	17	33	20	10	8	30	41	20	50	
12	35	8	2	12	31	39	4	43	22	2	33	6	10	26	18	35	24	39	33	
33	47	33	47	44	49	24	50	43	35	24	10	39	18	37	10	10	24	30	6	
22	25	6	21	15	30	42	22	28	43	29	7	49	11	2	40	43	31	13	2	
40	23	39	42	34	16	19	38	10	35	42	38	47	26	2	48	47	34	31	36	
34	35	35	39	2	34	10	15	36	20	7	20	13	42	9	13	25	9	17	40	
37	25	13	49	19	43	50	27	17	44	7	25	27	46	40	3	36	14	36	41	
24	47	37	6	26	11	16	7	40	3	37	2	34	38	30	33	10	15	7	47	
31	32	29	50	39	21	19	27	39	38	50	46	19	10	40	28	26	37	4	49	
On machine	34
31	23	42	50	32	48	23	44	23	47	12	28	16	34	20	5	19	4	11	7	
22	35	38	46	17	42	39	13	25	14	42	39	11	46	28	29	3	28	2	43	
19	38	44	41	24	12	50	20	27	39	35	8	39	9	40	37	21	18	15	25	
36	40	5	25	23	28	30	41	26	36	22	10	34	49	29	43	19	47	5	30	
5	30	50	28	45	47	18	15	16	27	14	17	42	48	43	39	20	19	33	14	
38	27	2	17	25	24	12	42	7	44	3	43	26	5	7	15	19	26	37	16	
6	19	3	16	20	29	10	29	49	44	41	43	2	11	7	15	37	49	48	50	
21	20	10	8	27	12	22	18	36	39	47	1	36	12	34	18	39	50	5	18	
21	10	38	32	49	49	44	6	11	48	20	18	14	11	17	13	36	34	23	43	
33	21	23	14	48	5	6	20	17	19	48	42	8	6	31	25	9	7	39	14	
4	48	40	24	1	41	14	23	40	25	15	34	30	36	14	7	28	44	22	17	
8	28	29	3	30	9	15	11	24	27	35	21	45	39	39	12	31	46	19	37	
50	47	41	35	4	25	27	32	35	31	41	40	21	29	27	41	45	8	2	16	
45	34	9	22	19	33	10	15	6	32	36	50	38	31	25	40	33	40	13	34	
40	43	8	21	22	31	36	11	6	9	19	31	24	23	12	43	45	6	34	34	
48	37	25	34	28	3	49	35	2	45	17	48	23	15	45	15	8	26	5	10	
25	12	41	19	15	3	36	34	28	30	35	37	24	14	18	46	22	36	6	22	
6	22	8	44	5	12	6	2	22	13	26	44	12	3	5	26	16	37	36	39	
21	42	7	2	19	20	49	36	2	15	35	19	9	15	39	27	44	19	38	36	
13	27	13	27	16	15	15	14	23	19	23	48	20	35	42	20	7	34	20	14	
On machine	35
12	18	35	18	24	44	3	32	47	49	32	24	41	14	37	16	43	46	12	20	
50	12	42	23	31	3	24	14	26	7	24	3	45	13	32	33	13	22	24	33	
31	29	29	24	8	6	32	39	3	27	23	17	28	1	13	26	17	49	48	44	
2	50	14	3	12	18	49	3	25	3	41	35	13	43	5	28	45	15	48	46	
2	45	9	42	24	25	38	11	45	11	40	40	38	41	45	16	10	45	19	7	
32	24	36	42	8	40	23	15	5	24	4	48	29	12	30	26	32	25	18	50	
38	10	27	47	32	33	3	49	44	28	29	8	24	12	30	29	46	17	40	24	
24	29	18	15	48	20	21	50	15	19	5	50	9	20	28	31	9	42	7	8	
27	24	37	11	21	38	39	50	9	17	22	11	46	5	44	21	45	23	15	34	
16	4	3	30	44	7	44	19	37	10	28	18	34	22	34	34	15	4	12	22	
40	17	12	8	3	48	7	47	47	11	28	40	41	22	37	46	23	48	8	36	
46	8	32	30	48	19	7	10	20	45	5	16	13	2	2	24	26	19	42	50	
14	32	16	3	1	15	31	30	29	28	11	40	5	25	24	38	29	24	49	13	
21	4	26	33	44	31	37	42	32	32	40	6	7	14	3	19	45	34	49	5	
26	22	12	35	40	2	24	22	6	34	49	29	41	19	34	44	20	44	34	22	
6	31	26	11	9	17	22	15	26	2	5	19	12	46	15	10	24	44	45	5	
50	49	18	5	12	14	5	12	22	17	30	34	48	15	3	9	43	17	16	30	
45	32	11	26	34	38	4	17	7	37	16	26	13	26	44	35	9	31	50	32	
26	18	35	50	30	31	43	8	49	47	26	17	21	1	38	10	38	12	12	17	
29	35	3	28	2	38	5	14	32	6	18	37	34	10	50	20	41	44	16	36	
On machine	36
47	22	31	50	34	8	28	36	31	43	18	31	49	1	36	5	6	26	18	19	
8	21	26	11	31	25	24	48	18	2	45	12	17	40	40	29	19	25	26	7	
11	32	44	11	44	47	46	20	43	22	29	27	6	8	25	5	29	9	45	32	
24	24	18	15	46	25	13	37	44	34	2	8	18	22	39	9	42	14	20	28	
28	8	21	49	31	24	42	18	37	29	39	1	45	17	35	49	22	12	33	1	
37	15	40	36	50	47	4	27	20	22	42	11	6	5	43	11	24	38	7	48	
40	7	39	4	22	16	33	35	30	36	28	11	47	50	1	30	36	9	18	20	
38	10	42	9	16	5	6	16	6	15	47	23	28	50	16	18	1	46	46	5	
27	50	22	5	21	21	38	39	16	6	28	17	33	3	12	26	15	32	1	8	
12	6	31	47	23	38	30	5	41	11	21	8	26	2	4	14	35	35	26	21	
27	36	32	17	23	40	45	20	41	44	16	32	24	17	30	14	43	15	40	7	
4	5	26	28	50	16	12	12	5	36	13	29	33	46	46	36	37	30	8	23	
30	37	49	15	9	24	16	44	22	46	33	17	18	12	19	8	29	43	7	19	
38	23	17	5	33	7	10	44	48	45	42	43	42	10	19	32	18	19	42	24	
39	33	32	5	15	1	34	15	40	17	39	34	42	43	29	46	2	30	28	2	
5	4	45	22	50	27	23	39	42	23	39	47	5	32	35	4	26	5	29	29	
38	18	41	41	46	6	24	22	29	47	36	5	35	45	6	31	16	19	41	20	
36	29	24	6	26	29	43	47	42	33	5	1	7	40	24	7	24	8	13	5	
42	40	16	10	32	27	15	25	48	17	43	35	13	13	22	9	11	16	44	1	
18	17	44	22	30	48	40	38	24	11	6	45	45	6	48	48	14	20	39	23	
On machine	37
37	30	29	34	39	31	1	46	45	8	35	11	22	42	31	37	41	40	43	2	
1	34	10	37	39	27	2	18	1	22	43	35	33	40	9	30	13	20	13	18	
34	46	43	21	41	32	33	17	31	32	27	27	14	23	26	15	16	7	47	47	
16	16	38	31	23	30	8	42	40	25	37	41	32	49	21	2	8	15	32	39	
1	12	12	40	33	37	50	4	39	40	30	49	2	7	12	22	13	22	30	5	
16	31	46	2	32	43	31	26	13	29	15	1	23	3	11	38	30	38	1	21	
43	7	10	33	15	43	6	7	5	36	8	34	45	36	7	6	22	42	9	46	
4	3	35	22	5	1	23	6	46	37	5	48	47	19	20	32	29	22	50	43	
6	50	18	35	1	43	37	40	29	46	37	44	9	33	22	11	21	6	14	16	
47	17	17	37	6	18	21	37	38	48	23	42	36	46	38	32	26	15	41	30	
26	32	14	48	35	39	24	17	22	31	6	34	33	23	16	34	36	1	39	22	
11	50	22	17	27	21	1	22	21	14	40	25	40	33	3	13	45	3	41	28	
1	21	46	48	33	49	8	36	41	2	2	33	33	19	29	15	16	11	46	34	
34	28	47	14	27	39	8	4	30	24	3	11	9	24	40	10	8	40	13	11	
2	6	34	38	46	42	46	44	49	3	3	36	29	29	46	9	5	24	35	39	
9	9	4	35	29	6	31	31	34	23	14	13	20	37	36	6	5	7	8	5	
16	43	8	15	40	16	49	45	5	44	22	27	2	48	48	19	43	13	4	34	
5	27	24	50	35	47	17	25	7	6	42	7	44	26	5	37	27	14	9	27	
38	9	4	37	10	12	49	14	28	35	17	5	7	38	50	38	46	6	31	32	
33	23	41	4	13	32	29	20	25	21	5	33	45	2	24	18	30	7	23	2	
On machine	38
5	46	19	41	26	16	12	12	44	32	4	26	40	33	38	49	8	34	27	42	
20	8	23	11	18	32	44	4	19	35	29	43	27	8	20	39	46	7	2	27	
6	15	9	34	33	42	7	2	24	49	31	49	37	21	42	24	39	19	8	12	
11	4	44	13	41	22	4	19	21	1	44	31	50	50	18	4	1	32	8	25	
25	45	41	35	50	10	17	16	13	19	18	9	25	17	45	20	30	38	39	9	
10	44	13	41	11	24	44	30	4	4	36	23	32	36	3	19	49	47	34	47	
33	35	6	14	15	6	13	33	29	14	22	34	43	2	44	35	40	4	25	41	
44	18	2	43	37	4	25	47	25	7	12	31	13	5	43	45	11	26	48	27	
46	4	8	37	42	34	26	50	30	36	11	21	48	30	17	6	30	33	31	27	
38	43	22	21	14	50	26	50	37	6	42	35	31	14	42	26	42	45	20	21	
4	47	6	41	3	44	1	44	11	23	10	37	34	46	27	22	24	43	1	9	
13	33	12	29	50	49	10	23	4	47	37	16	40	21	48	18	32	49	15	41	
26	42	40	19	25	34	24	42	3	30	20	24	25	11	42	6	14	42	14	30	
49	13	6	36	48	45	38	35	4	8	37	36	18	20	6	17	42	22	12	9	
40	40	32	38	22	35	45	7	32	13	13	17	31	20	32	47	7	31	26	36	
44	8	19	3	13	26	20	17	46	47	10	32	17	9	47	27	42	26	31	27	
18	14	31	4	29	22	6	29	45	21	27	2	20	3	7	11	42	14	37	15	
6	36	45	17	39	1	33	21	39	16	40	23	26	49	15	10	20	41	43	49	
27	27	10	13	33	50	9	11	11	25	17	24	33	24	31	27	3	47	15	50	
24	34	28	21	27	21	13	41	11	10	32	41	6	47	17	31	21	42	5	40	
On machine	39
1	49	36	12	38	23	22	19	48	33	15	40	11	8	20	6	33	4	45	35	
31	10	45	13	17	9	23	17	41	49	7	47	18	24	37	38	2	29	15	49	
27	9	49	17	1	24	36	43	15	10	41	25	42	42	48	44	16	34	1	48	
10	28	5	8	26	10	2	50	21	50	40	35	36	48	9	33	24	24	31	18	
12	43	42	23	46	3	23	50	26	1	6	43	42	34	47	30	31	2	50	13	
38	48	34	20	30	23	49	30	26	46	1	35	20	44	9	20	38	32	30	5	
41	25	37	12	17	12	44	47	16	33	50	27	41	34	39	26	45	28	37	16	
48	44	38	36	8	34	30	40	1	50	43	21	19	46	29	8	5	17	33	12	
15	10	34	29	35	48	21	36	45	17	43	15	39	18	35	3	40	30	44	37	
23	25	24	41	16	47	49	9	31	31	46	3	38	46	17	15	50	48	17	36	
46	50	24	38	30	50	39	25	37	7	46	42	47	39	27	46	18	34	24	49	
11	9	38	22	8	50	22	28	28	20	5	1	44	16	46	20	23	14	22	3	
24	45	5	37	2	43	4	49	23	43	28	1	22	15	8	34	43	31	33	16	
18	49	47	13	42	17	9	26	8	32	13	41	16	25	4	3	46	13	26	27	
18	27	10	25	35	48	2	12	48	17	41	43	8	22	22	15	16	36	43	50	
34	43	22	35	19	38	1	44	9	24	27	49	25	23	41	5	7	18	7	43	
43	45	49	31	47	16	1	7	29	24	17	6	14	7	14	35	7	46	40	44	
43	4	40	20	32	9	3	15	21	21	22	2	16	23	9	6	35	10	9	20	
44	28	23	34	3	24	17	24	36	16	35	29	13	9	10	15	33	27	44	7	
29	37	19	26	17	21	19	38	26	42	2	4	26	15	30	46	43	22	46	10	
On machine	40
15	36	27	45	24	37	35	14	18	14	43	38	38	12	10	48	31	44	14	29	
39	6	21	26	21	21	8	42	29	47	34	4	43	31	16	3	50	45	47	16	
24	47	5	50	40	44	17	3	47	12	43	13	23	21	3	12	31	24	43	4	
26	48	46	30	27	5	46	45	7	13	45	6	11	2	37	40	5	32	35	33	
29	45	22	2	45	10	35	37	25	22	38	27	5	7	49	40	7	47	13	29	
25	18	30	31	13	15	6	15	44	7	5	1	6	16	22	32	37	29	31	41	
23	40	18	35	4	22	25	28	33	8	38	11	23	5	15	36	8	27	34	48	
22	37	17	50	12	13	14	37	1	10	33	46	47	32	30	25	45	19	37	49	
2	19	14	48	13	42	28	8	34	49	39	30	44	18	23	33	32	9	25	30	
32	8	4	17	32	11	35	4	35	9	15	19	6	15	32	34	20	35	44	23	
6	24	9	16	44	1	13	37	25	18	15	11	12	38	6	28	34	48	31	11	
20	38	14	27	43	5	26	17	14	32	12	1	4	32	34	40	32	40	6	36	
33	22	10	33	32	7	2	13	46	35	12	48	8	39	28	2	7	6	31	34	
40	43	31	23	23	26	29	17	20	26	10	25	40	10	18	28	25	18	5	15	
20	12	33	1	22	40	46	15	33	30	38	12	22	23	13	32	10	29	24	30	
27	23	6	21	19	38	36	18	32	14	2	33	47	12	37	18	4	9	42	33	
7	41	48	5	37	6	18	9	19	42	23	50	19	15	10	31	21	21	20	28	
35	23	46	37	24	9	4	19	20	36	35	23	40	15	41	46	5	44	4	3	
10	22	5	31	20	49	46	48	11	8	14	40	38	41	6	2	27	9	11	20	
23	32	6	16	43	44	11	2	48	26	34	30	49	9	30	34	27	38	12	7	
On machine	41
8	24	29	48	41	8	30	31	8	45	30	39	23	31	34	2	48	15	50	48	
42	7	29	47	23	34	19	6	48	39	27	26	21	25	14	28	24	23	7	18	
31	46	2	3	40	3	41	15	35	48	47	10	49	41	42	30	20	5	6	10	
8	8	27	27	40	33	21	25	10	25	18	41	1	50	40	18	31	19	27	32	
10	22	39	26	2	16	25	25	49	29	30	24	23	19	47	5	8	12	33	2	
31	1	38	48	32	12	6	17	46	2	3	38	39	30	5	31	47	25	25	43	
15	15	49	19	16	30	38	35	42	22	27	43	10	5	39	25	13	33	21	19	
39	49	26	13	26	2	26	9	50	25	3	20	48	31	22	42	25	10	20	20	
24	6	46	7	6	10	18	46	22	30	13	35	24	29	7	24	25	31	27	28	
39	48	10	17	47	25	40	21	31	41	24	12	23	18	37	7	16	24	41	39	
38	17	22	36	20	24	37	33	47	16	12	47	38	12	8	5	41	25	2	28	
32	36	3	21	41	14	40	27	44	21	50	37	11	45	50	15	50	2	25	41	
40	48	24	10	26	23	27	8	28	28	28	22	44	16	46	20	28	45	3	11	
27	26	23	44	13	47	7	19	2	12	49	16	30	26	26	29	34	28	33	24	
6	31	25	37	3	32	38	32	1	30	8	35	22	2	35	45	41	17	9	16	
42	25	12	12	7	39	24	21	31	42	20	12	50	36	7	14	16	44	9	48	
46	6	38	20	29	31	49	30	9	34	20	6	21	33	42	8	19	42	15	34	
44	45	39	22	8	46	10	40	18	21	41	50	47	33	32	29	6	38	45	2	
8	48	11	16	1	36	44	20	8	6	30	9	33	48	37	48	36	26	46	38	
33	22	7	35	27	43	40	41	1	44	8	45	14	46	26	24	32	12	14	29	
On machine	42
36	39	49	12	11	26	7	29	13	15	46	48	10	6	3	3	39	6	25	31	
8	41	33	14	36	5	17	49	4	40	33	26	39	12	37	41	18	41	13	17	
39	18	47	28	4	6	25	43	23	36	46	34	20	34	4	48	14	20	36	25	
49	21	18	10	30	28	24	27	17	48	10	5	11	32	24	4	33	47	13	11	
41	44	12	31	46	35	18	6	48	3	21	6	28	19	32	5	8	39	28	5	
2	19	36	30	18	15	5	35	29	47	48	22	10	29	18	25	21	20	32	10	
44	21	5	16	35	43	37	41	45	16	6	4	36	4	29	22	15	41	12	46	
14	8	26	50	12	26	30	19	21	42	26	4	7	7	44	46	43	43	26	16	
50	17	15	31	6	8	15	45	35	24	31	15	4	45	7	17	26	13	37	29	
37	38	8	4	39	9	8	50	29	18	8	8	24	41	25	6	46	35	5	23	
2	48	13	7	6	37	43	50	7	22	13	40	29	38	21	5	2	47	45	21	
1	22	8	12	20	33	11	39	47	26	41	45	6	3	47	27	2	14	32	5	
3	29	6	47	1	32	3	9	36	22	2	1	2	2	45	13	16	31	14	23	
45	37	16	6	25	42	4	8	32	42	6	34	29	47	50	24	11	12	34	9	
24	49	44	34	38	27	23	35	39	30	38	31	6	48	41	7	26	50	33	41	
25	44	26	14	40	27	39	10	4	33	27	17	32	35	20	50	11	31	46	40	
44	32	40	25	14	18	36	34	25	50	22	42	4	5	12	35	16	19	8	20	
24	25	2	40	6	12	38	10	43	2	48	19	46	1	46	1	2	46	40	16	
49	15	23	36	17	15	41	34	17	20	24	39	17	34	18	35	14	27	29	16	
33	28	41	6	24	44	17	44	47	10	4	43	15	17	40	44	19	32	17	50	
On machine	43
44	9	34	50	43	11	47	21	10	38	5	3	11	43	12	47	25	25	2	44	
7	25	31	41	46	27	32	13	3	19	11	50	28	3	4	2	27	8	26	42	
34	5	31	20	21	46	4	3	23	40	44	23	50	48	41	10	45	26	42	15	
39	35	36	5	40	47	1	2	20	22	11	14	15	28	17	18	6	42	22	5	
43	49	6	13	19	47	24	33	27	42	14	26	23	46	20	6	5	24	35	29	
17	28	6	50	16	17	43	7	7	28	37	15	8	18	28	7	22	43	14	10	
36	42	18	11	35	36	32	36	17	39	30	47	4	26	12	42	22	34	34	28	
18	48	19	19	8	4	22	43	11	28	3	41	34	49	18	30	11	47	41	43	
8	38	14	42	19	28	48	47	16	22	50	35	19	35	26	34	44	27	4	31	
24	44	16	46	25	3	19	30	7	26	41	20	45	7	7	35	26	34	11	15	
27	27	47	32	31	8	18	41	49	15	8	14	42	37	43	28	20	16	21	7	
14	7	5	20	39	15	42	32	44	25	9	12	12	14	35	40	11	36	40	10	
6	19	43	49	26	40	21	6	32	16	20	49	12	18	27	26	2	22	41	24	
21	16	7	47	5	20	27	33	44	10	22	21	22	21	25	39	1	36	40	17	
48	7	18	38	40	33	12	43	39	18	20	32	11	49	5	33	17	21	45	18	
30	39	28	15	28	1	10	31	44	23	22	45	48	14	47	15	46	21	46	34	
23	3	13	40	7	5	46	22	8	37	2	18	25	22	7	23	32	49	30	10	
21	28	41	10	36	35	31	22	49	47	38	39	37	50	4	14	44	12	1	21	
29	33	37	30	21	15	7	20	9	28	20	26	44	12	6	30	33	21	44	37	
12	31	14	20	1	3	33	14	7	21	50	45	42	35	48	44	46	46	19	39	
On machine	44
42	27	42	35	25	29	46	47	15	43	2	34	37	13	38	49	2	31	42	36	
5	37	40	19	5	44	10	24	34	10	35	48	45	7	10	18	23	38	31	49	
30	45	46	18	3	35	49	48	33	32	12	27	43	15	8	30	37	22	49	9	
25	15	12	10	25	6	29	47	27	12	18	35	44	42	47	22	37	4	34	22	
31	19	18	49	32	31	6	1	44	19	22	41	15	47	25	50	25	38	5	26	
15	16	14	1	31	42	28	40	12	27	14	12	42	21	26	49	32	41	38	18	
33	25	31	16	28	46	3	13	30	3	47	5	47	6	38	30	50	7	46	1	
30	19	49	34	14	17	31	23	43	32	38	33	42	41	2	30	49	16	26	5	
16	19	32	5	13	37	6	16	15	12	30	15	43	24	34	49	31	14	4	16	
23	39	14	4	25	13	48	15	32	5	27	40	30	23	24	42	45	17	5	47	
36	5	42	4	47	37	50	18	23	40	28	5	14	37	3	15	2	34	6	15	
1	12	45	32	24	29	40	25	49	7	26	43	7	40	39	45	22	10	37	9	
36	41	13	21	42	33	34	39	9	39	37	33	47	36	50	8	20	36	20	9	
3	20	22	38	4	12	6	8	16	11	32	24	32	24	36	25	16	50	12	21	
15	20	31	19	48	16	4	49	42	44	40	27	37	26	24	41	33	35	42	45	
46	33	34	14	25	25	12	29	44	46	36	40	38	5	1	15	37	28	10	26	
30	9	43	11	37	1	15	41	10	27	28	5	44	22	19	22	25	41	22	4	
29	9	42	16	22	23	47	47	29	26	3	11	18	19	46	40	24	27	2	35	
47	29	16	45	41	17	4	13	16	44	38	32	43	13	39	29	45	24	3	46	
18	21	46	21	32	5	18	44	16	25	38	27	6	46	46	25	27	11	32	3	
On machine	45
4	26	41	24	34	32	43	11	46	14	31	25	14	47	34	45	5	6	9	17	
5	8	37	26	23	22	6	18	50	48	3	27	40	8	48	25	4	44	9	48	
11	26	25	11	35	14	26	40	45	3	27	45	27	14	16	37	28	18	18	24	
6	30	22	17	23	27	16	46	26	45	39	4	22	7	28	13	37	36	26	1	
37	25	31	11	2	7	14	30	40	39	10	12	8	38	7	13	37	48	48	20	
13	18	22	18	31	9	26	46	31	17	48	44	9	22	17	1	48	19	17	46	
47	39	28	35	5	18	39	42	14	30	42	21	20	49	3	37	9	38	35	27	
25	19	9	7	32	6	23	32	1	8	48	18	41	27	29	1	18	39	2	20	
15	39	19	24	21	50	3	43	37	44	10	9	43	25	34	31	44	14	23	11	
39	13	9	36	15	19	6	2	5	16	38	48	9	18	10	49	18	10	6	23	
5	20	45	27	29	17	22	4	4	38	9	40	28	27	33	24	21	5	35	43	
10	28	49	32	46	39	11	26	30	15	10	18	16	3	25	33	32	46	18	5	
9	39	47	40	36	40	30	31	17	35	15	13	17	12	32	50	49	40	18	10	
50	14	32	41	1	29	46	24	32	31	11	39	39	14	39	22	43	13	39	7	
1	26	33	27	39	13	29	44	40	22	37	24	15	48	41	40	19	8	37	2	
22	38	31	34	5	29	46	45	36	45	28	10	32	41	45	45	8	9	12	7	
31	6	23	21	30	35	35	48	11	50	1	25	22	31	8	20	3	12	33	7	
15	35	29	48	14	44	5	3	44	36	49	9	44	45	3	20	46	32	1	15	
40	3	32	42	26	30	11	7	30	6	4	29	22	11	13	21	3	40	28	8	
12	37	34	37	22	14	47	33	17	14	40	48	1	2	44	25	50	38	15	50	
On machine	46
45	5	23	40	43	41	34	3	2	22	33	19	45	44	2	42	5	13	11	20	
40	22	6	41	40	17	7	41	10	43	21	7	21	27	3	42	27	36	31	11	
41	22	36	10	1	16	12	20	12	14	35	2	13	12	7	12	17	40	15	28	
46	25	8	3	14	38	23	48	3	3	40	7	15	6	50	49	22	11	35	28	
1	18	30	18	7	34	26	17	7	32	38	25	47	10	13	18	10	25	35	7	
10	11	16	37	39	23	29	1	47	40	14	47	27	26	8	44	41	16	44	42	
16	38	40	8	7	34	46	47	14	44	14	42	29	17	32	4	33	42	32	27	
3	34	11	49	39	21	13	31	1	27	12	40	44	19	19	39	26	30	29	11	
8	49	11	11	30	12	14	27	2	7	21	10	40	22	14	7	39	1	44	18	
47	16	2	29	13	48	41	31	31	36	45	9	29	49	29	20	14	11	17	24	
20	24	26	47	12	42	50	44	45	32	1	21	17	45	5	11	50	23	21	10	
19	38	43	5	23	20	48	24	35	24	13	49	23	43	16	12	11	37	34	4	
28	19	23	20	15	15	22	19	36	9	47	17	45	30	42	25	43	45	22	13	
47	33	21	43	13	1	24	35	30	40	43	9	28	26	26	36	46	7	33	28	
16	44	11	32	39	34	41	37	8	38	22	2	42	16	36	47	45	7	50	39	
35	11	33	11	5	45	40	8	5	17	50	18	5	15	29	29	18	50	14	45	
2	28	1	15	23	17	27	12	43	39	24	11	31	49	3	32	19	24	46	33	
44	21	44	17	25	38	40	19	15	8	46	25	40	17	16	10	22	4	18	48	
30	36	40	2	20	50	41	39	45	27	11	13	47	42	44	5	40	2	34	4	
30	35	14	37	43	50	22	21	26	6	31	19	14	13	1	16	16	13	1	44	
On machine	47
25	19	43	13	48	6	22	1	31	29	25	12	10	30	15	2	26	37	40	12	
43	24	15	38	29	4	28	12	37	44	44	25	23	43	21	43	18	11	24	27	
27	39	14	38	31	49	5	37	36	10	49	28	7	7	48	39	22	14	35	25	
7	39	35	40	42	23	25	37	9	25	29	9	16	45	44	27	36	33	5	38	
4	13	32	45	46	1	17	6	28	35	36	25	34	49	32	30	26	21	36	3	
43	14	47	25	45	28	48	50	31	38	32	25	11	40	48	45	2	12	3	29	
31	7	17	49	38	39	33	19	13	16	38	49	49	10	3	4	36	36	5	13	
48	29	28	47	26	19	15	17	14	8	9	10	36	23	37	8	23	48	3	12	
11	39	42	2	10	44	21	49	2	16	16	2	30	17	33	43	19	40	29	40	
40	30	36	24	1	44	35	12	22	46	8	50	7	7	40	38	12	37	37	39	
27	7	13	4	9	1	6	14	46	48	8	5	15	12	43	24	41	24	1	21	
3	6	28	19	40	33	13	37	14	16	32	1	30	27	8	36	19	39	12	7	
24	45	30	39	45	37	2	29	8	10	8	23	28	12	16	26	40	1	48	49	
17	20	2	43	46	41	26	4	18	37	44	6	41	20	32	13	20	24	19	19	
10	12	4	5	20	13	8	19	1	25	30	48	14	27	19	33	32	36	19	38	
22	43	23	46	21	42	28	30	4	29	17	21	36	13	4	12	35	14	25	42	
17	28	9	50	48	31	7	11	14	28	37	3	15	15	27	38	27	25	28	21	
44	33	17	1	26	40	7	27	25	7	15	43	9	39	32	32	30	7	39	44	
15	39	22	29	26	5	48	26	20	27	48	19	46	5	36	30	7	4	42	2	
6	50	6	39	6	37	48	6	13	29	37	35	31	48	10	38	44	8	10	34	
On machine	48
10	37	3	20	18	1	16	8	9	27	18	24	24	31	50	23	42	11	31	35	
47	13	37	41	39	37	9	29	8	11	23	43	17	8	5	28	30	44	19	38	
34	11	38	48	36	37	15	36	38	34	1	35	32	20	16	20	45	28	27	11	
30	42	43	35	20	28	36	17	42	28	46	28	3	46	23	50	40	33	49	36	
7	39	4	34	40	28	1	9	48	49	49	6	18	4	7	40	1	43	28	1	
49	34	21	23	13	44	22	48	18	48	48	3	10	12	46	15	46	2	6	31	
21	50	23	1	27	38	14	17	42	7	50	2	25	24	15	7	37	28	36	43	
47	15	23	5	25	38	19	32	10	23	29	3	37	49	4	39	16	34	31	2	
3	21	49	25	16	7	12	8	38	45	22	12	35	3	17	39	47	48	3	15	
28	9	3	28	37	40	48	39	48	13	20	29	4	28	7	13	4	8	3	35	
45	5	5	39	33	26	40	32	22	45	42	40	4	3	23	30	45	13	42	38	
45	46	33	10	25	3	45	39	8	11	8	4	34	10	1	19	12	31	34	27	
15	13	44	19	43	8	1	45	8	1	6	12	42	12	4	6	1	4	19	28	
40	29	20	10	29	17	27	9	49	48	6	43	43	20	30	36	42	44	15	16	
46	40	29	43	29	38	42	33	3	7	26	20	5	21	43	20	15	11	10	44	
49	7	31	25	46	48	23	25	7	32	38	18	31	13	41	18	13	14	4	25	
18	22	22	23	25	12	15	31	30	35	14	45	19	16	27	39	1	4	35	25	
32	19	16	1	39	17	23	8	22	3	42	32	30	33	37	10	29	18	35	14	
10	23	42	50	44	48	31	16	33	4	47	49	48	33	12	26	20	15	27	42	
38	28	11	18	15	23	45	22	15	22	19	6	27	2	19	21	29	17	26	26	
On machine	49
18	7	7	20	17	44	39	41	10	19	22	22	49	24	14	5	3	7	44	45	
3	6	30	9	46	32	41	39	34	18	23	28	43	44	31	29	2	39	15	25	
48	18	33	12	31	15	6	30	30	24	33	10	9	2	6	43	46	29	33	46	
28	18	3	9	25	4	18	40	39	38	46	42	48	27	22	32	10	4	11	50	
10	34	47	40	11	5	33	42	5	17	33	23	5	46	24	2	7	2	46	17	
26	50	35	4	21	29	20	16	49	38	7	1	28	19	33	15	45	5	29	49	
38	2	36	27	41	6	13	47	18	36	13	28	40	13	9	15	27	19	36	9	
45	28	32	36	5	14	6	18	44	16	6	2	37	33	14	42	5	10	33	4	
26	20	4	33	17	32	25	25	47	29	41	9	24	36	17	39	4	47	16	8	
20	38	11	40	39	42	11	26	15	37	21	2	8	20	3	47	44	37	25	9	
2	5	30	38	22	2	38	16	42	16	19	1	26	11	5	9	38	27	39	38	
22	5	36	17	18	26	28	40	11	12	19	4	23	24	47	4	27	28	5	49	
3	34	42	22	29	13	46	1	23	15	12	4	9	46	18	15	20	25	21	2	
31	31	6	38	41	45	36	19	40	2	44	24	50	25	23	46	7	13	2	6	
35	46	7	47	26	19	14	1	37	19	28	29	24	47	14	45	50	16	22	44	
40	19	24	3	44	31	14	50	17	46	6	19	13	33	28	45	35	45	48	44	
6	26	43	1	14	27	13	21	15	3	50	11	33	21	15	20	45	50	23	43	
21	11	31	11	20	31	38	7	28	21	28	27	11	19	47	11	15	50	27	33	
45	40	47	16	31	22	35	21	39	37	16	2	15	50	26	33	30	31	39	9	
19	38	13	22	8	37	32	2	29	25	36	17	24	50	34	40	7	28	18	24	
On machine	50
22	1	35	4	50	17	43	5	27	28	43	38	8	28	12	44	10	43	28	5	
12	49	20	12	16	17	3	28	19	13	34	44	11	41	10	1	44	7	26	43	
5	34	21	30	29	14	11	40	46	44	20	44	30	3	19	4	12	44	39	1	
37	43	9	44	35	40	32	12	4	29	5	47	7	1	38	9	15	4	7	42	
40	28	44	28	41	39	45	8	38	36	25	42	3	29	27	34	32	17	9	25	
14	50	4	24	35	26	24	2	44	47	43	10	48	46	30	44	11	9	17	22	
32	42	11	9	50	18	28	32	32	25	37	46	33	1	1	40	24	48	37	11	
23	6	17	46	3	47	34	39	11	10	28	42	23	47	7	47	43	4	49	4	
33	1	22	2	34	19	12	42	3	7	39	24	43	22	29	28	38	20	27	3	
49	8	50	21	2	29	11	21	48	14	6	16	29	9	31	42	50	21	16	1	
26	8	24	21	30	20	10	7	43	42	8	41	2	28	31	25	13	32	7	6	
24	25	41	30	47	47	45	19	19	6	41	2	8	37	31	13	19	30	33	40	
32	21	29	17	38	31	50	27	31	38	40	26	8	16	7	36	14	40	32	40	
10	24	16	38	21	38	30	40	19	36	10	28	29	36	2	24	2	39	42	44	
1	18	5	30	42	3	21	16	22	28	9	25	36	35	21	3	43	41	1	21	
10	36	23	20	17	37	20	41	9	4	18	46	21	8	26	15	18	21	13	13	
2	50	6	39	42	37	45	10	48	6	14	44	35	6	18	26	26	4	27	45	
14	13	15	37	36	7	27	28	18	27	32	1	48	34	44	12	33	35	45	49	
17	29	24	21	14	11	10	6	14	31	43	47	37	2	36	40	47	40	23	4	
28	8	25	16	5	35	21	2	29	44	4	34	28	13	27	35	29	18	42	3	
On machine	51
39	31	43	44	32	25	7	26	42	2	47	8	17	14	37	23	14	22	38	37	
33	4	2	48	15	50	43	44	23	9	15	17	7	44	7	6	5	11	11	47	
41	38	1	3	41	19	23	26	17	4	29	46	46	37	42	10	21	3	13	29	
40	18	44	9	40	40	6	7	32	29	27	38	44	40	17	21	17	20	25	49	
8	30	17	27	30	46	38	42	6	41	27	5	29	28	10	25	47	47	16	13	
36	40	37	45	39	29	18	15	35	39	11	41	38	40	44	2	49	30	5	21	
41	45	8	35	5	6	4	40	22	16	34	11	11	16	49	42	29	27	8	30	
3	22	34	9	10	41	4	21	14	24	42	45	36	6	8	40	37	5	37	41	
21	29	50	21	30	34	27	31	10	44	30	35	6	43	12	29	50	23	29	16	
36	36	10	30	24	43	37	49	8	13	27	2	46	35	37	47	48	1	18	17	
45	29	36	26	16	29	1	23	35	23	16	5	4	30	32	35	5	46	19	46	
45	27	1	30	7	46	14	4	29	4	21	23	18	10	10	31	21	48	35	24	
2	30	17	13	1	25	16	30	20	45	24	31	50	17	4	27	13	46	21	23	
3	8	6	29	27	9	41	18	18	43	21	10	12	13	16	3	21	8	45	47	
7	41	13	25	12	22	41	43	12	13	10	21	16	7	18	20	45	10	4	49	
7	43	18	10	23	11	28	44	30	1	40	50	22	50	6	44	23	33	44	24	
39	46	9	9	45	31	40	37	11	22	35	46	5	23	10	29	13	38	35	12	
24	3	16	47	30	23	4	38	7	17	49	27	32	1	25	23	50	40	6	5	
4	14	30	50	47	37	48	7	10	46	11	22	44	38	22	28	2	32	49	18	
43	38	1	32	23	24	25	36	32	27	37	43	31	43	4	50	31	22	14	28	
On machine	52
43	42	20	32	3	27	3	48	42	15	32	45	5	20	22	22	22	23	11	5	
20	33	33	45	17	11	44	2	29	47	18	32	17	38	38	2	49	36	24	29	
32	4	19	4	22	24	17	2	49	32	37	43	26	21	29	28	34	29	47	38	
24	7	23	49	30	16	32	17	37	9	6	7	50	21	27	12	42	12	16	31	
20	33	1	38	32	25	49	44	5	29	29	37	33	7	34	20	40	42	16	46	
39	37	43	37	39	37	25	2	1	28	38	34	30	49	31	30	49	16	40	38	
19	35	27	10	14	45	45	48	28	22	44	31	48	33	24	14	33	7	42	44	
36	45	30	9	40	11	24	27	8	6	31	42	28	14	23	21	45	49	36	39	
25	21	6	29	40	33	45	10	47	11	31	14	48	37	41	23	33	47	48	14	
25	34	20	31	24	16	39	28	8	37	10	33	34	24	26	49	44	13	5	36	
29	19	40	9	5	50	17	21	20	15	14	24	31	29	39	19	7	36	41	40	
48	8	16	29	15	39	7	47	46	48	46	42	29	18	50	41	35	2	14	5	
44	30	49	48	45	37	15	28	42	13	40	38	14	21	37	43	37	40	15	46	
43	34	9	46	41	11	44	33	11	50	32	26	35	9	26	44	16	32	47	13	
19	25	24	13	5	24	16	45	24	32	20	17	26	28	23	3	40	40	41	29	
28	9	35	1	18	14	1	19	42	40	35	33	21	34	40	27	25	35	9	45	
18	21	21	38	31	35	44	6	4	37	15	12	11	50	12	32	1	5	32	13	
30	38	38	41	39	50	17	28	13	27	27	37	14	13	26	9	1	13	49	41	
26	8	24	38	48	33	29	9	7	39	32	21	49	5	8	43	34	19	4	45	
44	28	39	35	12	6	15	35	23	29	28	47	14	44	11	47	9	40	5	11	
On machine	53
13	46	35	41	37	2	18	11	4	43	3	14	48	14	34	16	48	42	2	14	
48	8	24	1	48	47	18	30	17	17	38	41	32	14	32	40	36	8	22	17	
13	5	9	10	12	50	9	47	20	9	33	11	20	15	23	41	11	23	28	39	
40	10	32	39	29	24	4	35	5	15	46	26	39	1	7	5	33	21	45	20	
6	29	40	17	24	27	37	23	24	30	4	43	42	14	32	37	18	49	3	42	
30	13	22	14	5	41	21	13	13	13	39	7	4	46	26	34	46	37	17	50	
21	16	39	11	9	6	13	15	29	15	16	45	30	47	22	4	48	10	2	17	
11	22	9	6	44	22	40	27	20	2	20	39	50	26	6	16	27	14	14	5	
13	13	43	14	46	33	19	47	37	24	34	14	22	22	18	35	1	32	22	37	
3	13	4	22	36	30	5	26	44	16	33	50	28	14	43	29	29	10	23	23	
7	15	6	27	11	30	14	15	28	47	10	17	31	17	49	9	1	11	13	35	
35	22	43	47	42	36	7	49	1	44	37	27	37	45	20	11	33	32	7	5	
18	33	3	20	39	15	31	49	43	50	9	44	42	50	13	33	29	23	20	24	
13	1	26	9	9	7	40	6	6	2	29	11	50	13	2	29	3	26	22	15	
39	10	20	42	22	31	23	12	46	29	19	8	11	46	13	43	6	21	38	40	
11	46	26	31	28	46	12	25	18	20	11	25	38	43	36	24	13	28	6	37	
15	23	26	22	23	36	10	3	45	8	7	48	40	36	21	12	29	40	49	42	
44	20	6	10	28	40	42	49	20	35	32	4	2	13	4	22	40	25	8	29	
12	3	14	35	24	6	13	1	21	42	18	38	18	36	45	23	7	50	29	13	
33	45	18	30	49	11	21	1	37	48	21	38	35	38	10	7	35	27	16	42	
On machine	54
49	23	29	14	26	47	24	49	5	23	15	41	49	14	37	44	36	2	28	1	
5	31	26	43	49	15	12	2	25	34	33	34	1	24	21	25	44	34	26	32	
10	27	9	30	34	31	35	14	50	32	37	46	19	32	10	25	45	46	10	7	
27	27	17	37	32	35	32	45	7	22	32	28	34	10	5	32	45	29	3	50	
38	19	1	19	36	4	19	25	14	26	1	17	27	43	41	30	25	22	45	2	
20	44	36	20	15	10	43	48	18	40	31	45	36	38	33	1	43	35	38	36	
46	28	20	4	29	40	16	30	46	47	5	41	9	24	28	45	16	5	24	18	
40	26	25	14	41	5	4	6	31	27	11	39	49	27	37	26	4	7	4	23	
36	12	31	36	41	49	11	48	42	13	20	3	2	12	33	40	14	26	49	9	
39	6	3	19	4	24	27	28	17	4	49	35	26	11	19	27	2	42	14	5	
47	30	22	1	4	4	4	38	1	5	25	5	50	25	50	47	8	34	32	17	
1	39	47	29	17	7	21	40	28	31	36	28	17	10	8	49	29	29	49	41	
13	17	26	38	21	47	11	16	44	7	2	4	3	26	32	24	6	10	19	23	
47	44	32	19	33	32	35	38	9	23	48	4	7	25	26	48	35	45	35	29	
8	32	14	20	15	32	40	46	33	6	50	40	34	34	12	42	4	34	2	16	
26	21	36	50	19	31	1	39	48	19	7	13	9	2	16	43	4	28	29	48	
1	18	17	17	10	5	21	5	17	49	4	32	43	11	50	25	21	40	17	37	
4	49	46	10	33	41	25	7	13	2	18	17	23	48	5	34	32	27	28	42	
31	18	49	7	8	38	24	2	44	17	14	41	34	39	41	42	31	21	42	9	
41	9	6	8	29	30	20	38	39	1	48	46	43	30	29	2	4	43	33	32	
On machine	55
1	27	17	3	31	28	2	33	12	8	50	6	16	4	26	43	24	25	4	43	
29	16	41	29	28	14	19	43	7	7	7	48	37	32	28	35	42	38	47	50	
6	15	16	1	31	33	27	46	10	8	17	3	4	7	26	46	34	25	40	49	
34	49	38	31	41	26	2	12	3	8	2	35	47	14	50	30	47	3	47	17	
15	12	12	50	46	38	6	29	49	30	14	5	34	11	16	29	23	28	41	2	
1	46	17	45	27	31	32	25	14	2	3	17	39	50	26	45	11	1	29	19	
25	41	41	44	30	45	20	2	30	31	1	48	10	38	24	27	29	35	6	31	
11	25	15	38	9	12	29	3	34	20	36	46	24	12	6	47	24	25	42	45	
35	2	15	4	33	43	21	13	20	41	41	26	1	24	41	9	17	6	24	14	
24	35	45	26	34	5	41	7	21	21	45	11	18	8	39	18	35	23	21	36	
34	23	29	21	6	20	26	30	23	4	9	34	13	26	12	19	3	45	41	43	
10	12	21	29	48	21	27	10	33	37	29	21	44	2	17	26	46	16	40	23	
26	17	16	23	11	25	15	3	20	36	48	19	29	39	33	16	7	12	39	15	
26	18	5	34	19	5	26	28	14	7	27	19	15	23	49	23	2	35	26	37	
14	27	24	13	2	30	21	32	9	28	9	44	37	4	35	50	23	11	11	28	
36	7	32	10	43	34	20	23	50	14	23	39	23	24	34	42	29	2	21	1	
47	30	21	6	19	50	29	16	27	29	19	27	5	35	33	37	1	13	25	20	
26	31	4	11	30	21	14	35	11	41	17	14	35	41	32	13	1	4	45	27	
12	18	12	20	26	47	28	32	9	23	34	5	49	13	17	40	42	29	42	30	
2	2	40	3	23	9	21	39	10	14	35	26	44	26	17	19	18	6	15	13	
On machine	56
32	40	37	30	4	21	5	38	42	14	35	45	15	33	13	29	43	35	13	30	
43	16	22	37	21	20	23	23	20	13	20	41	10	20	31	50	11	43	50	42	
26	30	4	49	25	4	27	14	20	12	29	36	4	16	44	20	41	34	28	38	
5	5	20	19	21	13	34	26	12	31	50	32	8	21	26	16	1	32	15	27	
1	13	6	2	29	30	2	22	37	43	50	8	27	10	13	50	45	47	22	43	
50	11	33	49	8	12	31	8	47	11	2	37	36	40	23	19	3	9	42	35	
17	5	42	48	22	15	6	6	4	7	39	15	41	21	19	29	28	1	34	47	
38	31	46	42	37	3	9	41	36	20	49	15	36	28	21	40	49	32	11	36	
4	17	47	24	28	47	31	17	6	46	45	1	27	9	13	38	40	45	36	50	
8	27	45	6	25	22	3	17	7	5	35	40	26	44	17	23	29	40	29	37	
12	16	10	27	29	18	44	13	42	6	15	1	20	41	18	37	12	32	41	29	
19	21	18	36	44	48	21	41	20	29	27	8	47	30	4	47	28	3	42	32	
2	41	21	49	46	14	36	34	22	28	41	38	30	48	11	28	27	19	15	27	
12	4	49	5	6	42	9	40	21	46	13	2	7	19	10	22	10	26	47	46	
43	18	47	49	36	34	5	38	32	24	15	12	25	16	43	6	7	11	14	36	
7	26	29	15	28	20	32	34	44	25	36	48	15	44	16	33	23	2	29	20	
31	43	38	29	29	41	22	33	45	40	48	50	34	3	19	14	37	3	50	48	
34	12	9	9	29	45	2	7	4	10	41	19	50	16	14	6	34	42	20	42	
40	39	5	1	4	20	16	9	19	4	7	5	19	1	47	40	9	1	26	41	
14	27	10	40	47	26	8	21	34	31	12	18	25	12	7	31	3	46	30	12	
On machine	57
48	23	16	21	24	23	17	50	25	23	25	35	20	20	9	17	33	44	26	40	
27	26	11	37	41	30	27	10	35	50	17	1	23	3	25	46	9	12	25	21	
34	48	10	30	30	1	48	49	36	23	8	30	27	25	48	18	36	43	21	12	
26	36	44	41	38	44	7	41	8	29	33	27	9	23	41	36	47	11	35	1	
14	2	38	46	21	29	19	12	47	46	13	30	8	34	3	22	28	32	37	27	
15	46	7	19	3	9	38	13	38	43	1	20	48	31	2	23	20	32	27	32	
44	42	32	6	33	9	27	8	23	20	10	36	20	44	27	28	32	42	1	22	
9	16	31	24	24	35	9	42	43	6	14	22	47	8	10	34	34	29	5	27	
37	3	11	1	20	3	35	10	46	35	1	46	36	15	48	18	44	24	3	5	
35	4	46	9	21	36	47	19	34	42	6	34	40	2	43	19	32	49	36	14	
17	15	23	35	36	31	11	24	27	49	50	16	36	8	7	42	29	47	4	6	
13	15	3	10	28	49	42	28	50	29	18	12	5	4	15	44	28	2	4	1	
40	31	44	17	45	15	20	27	5	16	3	48	17	29	39	40	34	5	8	45	
40	36	2	23	32	8	32	2	31	7	43	45	43	28	25	42	49	28	21	22	
24	41	8	17	5	34	21	6	31	37	48	5	1	22	30	47	16	21	18	38	
14	7	23	21	37	16	19	11	16	49	7	35	12	30	49	7	47	19	33	40	
48	13	4	46	20	22	36	38	1	43	40	19	24	12	30	45	22	12	25	18	
22	5	47	37	2	39	29	26	16	5	39	45	22	44	34	28	18	46	12	48	
24	9	47	42	32	48	24	25	31	26	1	24	35	48	4	38	20	29	45	36	
32	23	12	4	22	27	36	9	32	14	48	9	6	15	29	25	25	5	20	27	
On machine	58
32	23	28	18	9	39	22	34	10	43	14	14	30	8	21	8	8	29	14	30	
50	15	1	27	17	39	26	37	18	9	30	43	21	47	29	33	38	27	6	27	
48	47	15	8	12	25	31	20	1	50	2	22	12	22	18	35	22	43	47	30	
35	7	25	5	46	41	22	39	6	17	31	46	37	10	16	50	34	29	20	25	
27	11	16	42	42	43	18	45	6	36	50	50	16	49	49	12	37	7	38	47	
35	24	41	26	5	1	25	27	37	22	36	5	19	44	38	7	9	30	8	7	
4	50	33	39	27	49	42	11	9	5	50	36	30	32	23	2	18	32	41	24	
26	17	26	16	16	33	43	50	35	41	5	44	10	36	3	14	36	49	27	16	
19	46	20	7	24	16	48	13	32	3	32	14	49	15	50	6	10	22	30	19	
40	8	3	30	33	29	50	21	6	26	7	12	35	48	31	46	37	50	5	16	
36	1	31	6	50	29	50	14	17	8	5	1	49	39	38	24	50	36	36	2	
19	29	49	49	31	1	34	6	38	11	10	48	6	14	44	43	34	32	32	3	
29	49	20	26	17	2	30	16	28	2	13	6	33	18	44	36	28	32	34	41	
4	28	48	43	38	45	24	34	7	36	50	46	33	21	16	41	38	22	18	30	
2	23	7	47	26	10	9	42	24	12	7	39	31	26	13	23	47	21	31	5	
50	42	8	41	47	29	48	28	14	13	27	25	30	7	50	38	49	45	45	45	
26	40	19	20	33	8	36	5	34	26	12	50	14	30	36	4	47	13	23	25	
22	26	29	43	43	18	31	5	32	3	40	14	30	32	3	14	24	2	45	12	
26	43	43	14	50	50	36	16	2	28	30	46	34	27	23	30	7	20	11	46	
50	37	5	49	27	7	20	48	22	30	36	40	45	24	23	39	22	48	40	5	
On machine	59
45	33	49	5	3	20	2	34	38	15	11	7	19	7	43	45	37	38	41	1	
49	27	40	14	49	4	35	40	39	28	23	29	49	3	15	23	23	28	29	23	
47	45	17	23	32	50	6	4	1	21	34	49	30	50	20	12	30	48	41	41	
47	6	35	37	18	28	11	29	15	8	28	46	3	3	37	8	24	48	30	6	
20	12	1	24	2	24	6	16	43	23	6	19	47	18	41	2	32	8	50	7	
39	35	24	50	13	32	6	31	23	35	33	18	28	37	29	4	18	2	10	8	
6	15	45	50	6	40	46	42	16	13	1	47	13	49	19	22	38	1	20	18	
28	8	18	35	39	26	12	36	32	40	21	22	50	18	49	11	36	7	47	44	
6	26	42	22	37	39	32	20	49	12	21	47	15	33	40	26	30	38	37	22	
25	28	41	20	42	20	47	34	41	23	32	38	41	42	8	32	34	20	48	46	
34	31	14	36	29	20	19	29	1	49	7	33	18	13	29	20	13	30	4	35	
28	44	17	28	27	23	39	16	26	32	8	19	18	7	19	47	5	17	27	37	
33	12	2	46	42	30	27	39	7	45	47	7	48	24	19	2	21	33	31	20	
30	19	27	48	44	45	42	12	31	26	16	16	14	40	44	17	2	19	19	21	
38	27	33	7	48	30	34	29	19	36	13	42	26	45	32	17	11	49	40	36	
7	50	12	45	47	9	6	36	41	48	14	36	3	29	42	18	24	45	35	5	
49	36	8	15	50	27	19	9	26	9	50	5	20	17	20	8	10	35	3	34	
27	16	12	18	36	40	16	46	7	8	25	50	42	29	8	15	25	49	8	20	
41	42	26	38	15	7	4	16	14	13	32	22	45	36	41	34	33	25	29	33	
38	45	15	18	34	21	46	42	29	21	42	39	49	23	27	15	38	18	18	49	
On machine	60
37	33	49	43	36	40	8	9	40	21	29	29	22	13	10	19	29	46	47	32	
35	18	48	11	15	13	43	40	6	3	46	7	36	32	46	4	33	49	16	3	
37	23	46	2	39	2	28	50	8	40	15	25	3	11	2	18	50	14	23	28	
29	47	3	31	6	28	45	45	33	4	38	40	37	16	31	50	34	23	49	37	
49	11	35	44	48	9	33	45	37	11	48	45	43	9	49	20	22	43	14	22	
5	31	5	29	50	28	10	50	2	6	29	47	17	14	14	39	32	32	37	27	
27	21	18	10	4	27	20	24	4	5	15	41	2	27	18	26	25	26	25	14	
49	46	4	19	43	40	4	7	49	22	40	32	40	24	42	42	34	45	14	30	
27	26	19	5	37	31	16	8	33	38	24	7	45	23	44	10	1	23	19	38	
11	19	9	39	21	13	27	2	9	50	35	3	21	22	18	38	15	9	20	50	
37	29	3	16	17	24	11	7	18	8	1	24	25	15	35	43	45	31	19	34	
29	41	1	46	19	45	22	28	13	5	27	7	19	6	8	5	18	18	24	21	
42	20	40	43	19	27	3	30	32	44	16	20	45	18	50	11	3	4	28	44	
42	43	41	34	28	14	41	36	44	6	1	19	30	47	7	43	33	23	22	6	
42	14	3	42	42	39	9	26	19	21	37	7	5	5	32	35	1	10	15	26	
45	35	46	41	1	37	6	17	24	48	20	47	35	46	46	1	41	15	13	36	
18	31	6	16	26	15	50	36	25	20	8	37	28	1	16	5	18	37	28	48	
45	46	37	3	3	6	30	40	8	18	45	13	9	49	7	34	37	27	17	4	
46	47	45	23	35	11	46	46	32	27	1	42	9	29	17	47	6	34	27	24	
21	9	46	27	34	23	15	43	3	43	13	41	41	49	23	12	44	35	24	33	
On machine	61
15	49	28	9	43	17	41	31	10	37	10	18	21	10	29	30	29	36	46	19	
16	25	43	24	43	16	25	20	34	30	38	29	41	34	40	33	33	50	32	1	
23	47	14	2	19	8	40	14	6	6	41	43	41	25	33	36	40	47	5	24	
7	11	12	37	14	6	19	4	24	15	18	38	18	30	9	20	23	43	42	14	
45	16	28	25	14	45	9	39	26	49	36	24	32	37	43	32	7	39	27	26	
46	45	10	48	13	9	45	4	27	25	29	21	31	9	13	3	22	28	48	15	
16	21	16	23	38	47	47	38	30	4	35	41	3	29	13	16	34	6	5	18	
37	19	1	6	15	15	24	34	1	32	8	47	46	49	44	23	3	41	5	23	
3	2	2	44	30	41	46	30	45	41	29	30	44	2	37	40	19	35	35	38	
16	2	40	23	46	17	31	45	24	8	39	19	6	17	28	11	27	49	7	48	
5	6	15	6	40	28	40	9	30	33	40	22	4	33	50	40	1	44	11	6	
48	1	45	23	46	40	43	11	24	29	11	45	48	5	50	44	40	37	29	14	
39	30	50	19	20	36	29	13	37	16	9	22	15	6	42	46	46	1	22	41	
11	6	30	42	49	47	30	33	35	10	20	22	29	27	17	12	38	40	14	18	
44	11	10	35	28	17	20	42	13	32	11	6	20	39	46	25	30	5	17	33	
46	12	49	13	40	19	33	43	40	49	2	24	2	36	42	50	49	25	17	3	
13	15	4	17	25	28	1	3	3	8	7	20	29	19	17	32	50	12	13	19	
26	31	26	16	47	20	41	36	8	42	14	5	2	33	10	9	48	2	35	23	
35	26	5	5	24	7	44	27	1	21	4	8	35	33	45	13	1	49	39	4	
26	29	7	43	35	49	32	28	37	28	25	14	1	8	46	39	28	32	17	43	
On machine	62
18	31	33	50	49	14	34	10	12	4	26	39	5	46	48	12	23	11	34	26	
18	33	27	15	45	25	26	38	13	23	1	46	33	39	32	10	49	48	17	31	
13	24	26	35	8	40	30	50	47	30	42	38	49	39	42	47	29	18	2	25	
42	22	18	3	33	9	17	11	50	42	6	17	18	25	22	38	47	17	45	8	
16	38	9	42	24	48	24	9	35	16	22	43	23	21	50	18	10	33	50	26	
10	14	27	39	32	31	33	11	2	48	46	25	12	35	34	3	12	27	26	47	
40	30	25	35	17	34	34	15	39	8	13	45	5	22	28	2	42	8	22	5	
33	15	34	21	8	1	27	4	14	45	35	43	20	44	40	17	19	8	32	15	
46	40	28	45	31	2	16	24	9	21	34	15	37	34	43	38	26	9	10	22	
4	25	29	1	48	10	31	37	33	23	13	49	15	34	50	36	16	33	37	44	
49	17	22	44	24	4	38	5	37	11	35	3	2	21	10	36	7	15	39	3	
41	34	14	13	41	30	3	47	29	34	35	34	40	29	42	7	3	18	38	33	
4	10	21	1	18	17	11	44	35	23	25	30	14	6	7	22	47	8	44	3	
39	13	46	47	39	20	7	44	43	33	8	5	35	18	28	24	46	9	6	46	
11	33	4	28	39	25	30	39	15	24	26	47	19	21	39	21	14	33	15	13	
17	47	44	47	9	46	44	47	38	31	30	18	16	20	43	46	19	41	4	13	
48	16	41	21	43	38	25	12	10	31	1	48	23	1	19	4	27	25	4	9	
23	2	1	50	43	42	32	47	43	21	41	31	46	5	47	30	28	9	27	19	
2	31	13	22	7	27	1	19	3	27	41	47	13	10	48	35	12	15	48	22	
29	44	23	11	22	35	27	41	18	38	19	22	23	25	44	15	18	36	45	37	
On machine	63
2	15	23	11	35	48	36	48	28	48	44	18	7	5	2	47	3	14	2	43	
12	42	35	31	38	21	11	15	24	36	46	14	20	42	43	48	36	24	43	26	
49	7	14	25	26	11	4	22	2	40	21	39	42	11	2	42	8	3	14	38	
7	6	4	2	33	18	46	22	43	24	20	43	21	6	26	5	23	7	43	29	
50	47	19	20	44	36	12	9	29	27	20	2	43	6	29	31	39	28	34	3	
6	36	20	24	8	26	39	43	20	29	30	43	27	31	9	50	30	43	16	29	
30	7	47	5	5	45	7	38	8	38	47	12	35	49	39	27	6	9	18	15	
20	11	39	14	30	23	19	10	47	30	4	35	3	17	15	7	3	24	44	9	
11	10	22	3	24	42	23	25	1	8	4	32	4	29	38	6	21	6	47	44	
48	15	3	18	15	49	48	5	28	7	32	34	27	44	18	41	49	37	30	43	
2	44	24	41	19	36	48	37	37	8	38	8	29	35	22	44	30	45	20	9	
36	27	39	33	34	23	16	35	32	39	7	12	14	37	11	29	24	24	14	5	
42	4	7	17	19	31	2	23	33	6	17	43	7	7	14	26	25	14	38	3	
17	28	43	16	23	19	39	26	19	12	28	16	7	20	30	39	19	35	18	25	
28	10	43	6	21	23	13	26	23	25	22	17	27	24	18	40	10	8	13	32	
6	41	24	23	38	44	47	48	13	11	1	2	32	5	31	41	12	33	26	37	
17	7	17	11	8	4	4	11	12	46	30	34	16	5	39	36	30	13	50	9	
24	14	1	33	34	11	37	28	13	12	21	22	3	19	44	27	15	43	49	47	
25	40	10	6	48	39	44	43	8	36	21	4	16	14	14	19	34	19	6	1	
41	26	44	3	6	10	29	24	33	18	28	34	1	38	41	45	1	29	7	8	
On machine	64
49	47	3	34	4	29	11	9	33	44	9	20	14	27	12	33	31	41	26	14	
24	17	47	6	8	3	48	13	45	24	39	44	18	6	12	6	45	14	30	18	
41	45	24	10	19	8	35	27	26	42	9	16	17	37	38	48	23	41	35	40	
46	26	3	41	16	34	23	16	38	36	16	28	29	46	37	42	21	8	7	45	
15	35	15	26	9	20	31	46	12	50	6	49	36	31	21	8	10	11	1	17	
50	39	31	37	42	30	34	3	38	23	41	13	13	28	13	8	40	48	16	6	
47	35	3	43	3	30	24	3	44	23	3	24	8	39	45	34	46	25	4	28	
50	7	3	42	27	43	19	31	47	27	16	21	49	28	34	13	35	18	47	9	
26	48	44	23	48	17	16	22	1	15	36	5	30	12	17	30	14	4	49	50	
50	44	33	16	11	2	41	40	23	36	9	34	33	24	44	46	14	15	49	40	
26	48	50	45	41	50	36	35	5	22	1	27	24	41	2	44	38	1	12	10	
16	49	23	15	38	13	41	38	21	2	50	37	47	5	48	22	26	21	16	46	
34	31	7	17	28	38	37	18	50	16	25	22	24	34	49	26	39	33	3	32	
36	6	22	34	10	33	5	27	43	22	47	16	25	36	6	35	44	45	42	39	
15	39	36	34	36	8	37	42	49	50	3	10	27	49	42	33	18	24	41	32	
13	19	18	8	37	12	9	49	15	31	12	41	49	40	24	30	17	31	19	3	
24	40	49	16	2	15	20	29	13	18	48	21	15	10	40	1	37	14	22	28	
10	34	5	35	16	50	40	40	23	38	49	47	10	41	49	48	1	26	27	2	
29	9	46	30	18	10	12	20	36	24	12	47	40	46	42	34	33	17	44	2	
3	46	14	45	43	12	25	40	27	5	22	39	45	7	42	37	24	38	29	45	
On machine	65
15	15	6	26	18	4	27	49	50	12	48	45	14	26	47	10	27	13	33	19	
31	18	5	5	32	18	30	32	48	36	3	3	18	20	45	14	3	26	5	35	
17	42	39	23	42	26	33	6	42	11	15	20	2	2	16	42	49	31	34	36	
33	11	12	32	11	5	13	25	35	8	15	19	8	44	20	22	32	7	45	48	
12	1	28	4	12	50	30	22	47	29	45	33	31	45	9	1	21	21	14	28	
18	45	44	36	25	45	10	39	50	4	23	31	22	31	40	33	5	42	14	24	
19	14	25	17	28	39	13	39	7	14	11	46	45	27	16	36	33	26	17	11	
32	27	50	11	38	39	12	26	19	30	12	13	23	17	32	29	35	11	28	47	
47	6	29	43	6	23	39	19	2	47	25	37	17	24	16	3	9	12	5	25	
35	25	41	29	6	30	10	14	2	39	17	12	48	32	41	12	9	29	42	2	
25	24	39	32	41	11	3	37	12	44	50	38	21	27	22	19	7	39	28	42	
43	10	17	14	1	14	34	36	44	7	8	31	8	45	50	50	32	10	16	31	
26	34	7	19	22	23	3	6	20	29	45	23	25	47	26	41	46	5	41	37	
46	44	7	14	11	5	4	28	3	33	15	46	46	33	39	5	41	21	45	19	
45	21	18	24	37	39	20	42	44	46	43	28	31	12	13	1	46	43	23	37	
15	21	10	21	18	6	40	6	50	37	28	30	4	11	36	23	3	38	11	26	
48	41	49	8	18	44	40	36	40	34	26	33	50	26	4	19	46	2	46	1	
22	6	17	2	36	50	48	43	37	1	47	17	1	24	50	15	30	16	14	10	
20	45	31	6	18	42	16	48	46	35	50	17	12	49	20	44	37	8	48	16	
19	22	32	19	28	8	24	13	47	45	1	4	17	18	44	25	18	25	7	11	
On machine	66
8	24	10	38	38	39	23	40	40	40	49	35	7	43	14	6	46	24	10	17	
32	48	29	36	5	3	33	46	39	23	5	18	37	35	38	20	40	13	20	42	
47	43	2	8	18	50	4	29	32	30	38	29	11	23	42	25	46	32	15	22	
44	44	20	45	30	13	19	23	38	33	31	1	32	40	31	43	36	10	30	24	
32	43	33	33	50	49	49	10	15	47	20	44	19	10	50	11	7	49	11	14	
32	33	48	30	17	15	17	47	1	21	48	49	23	30	14	46	3	45	50	26	
38	24	33	21	41	27	50	50	24	41	27	47	22	6	29	36	35	50	8	40	
15	36	35	6	40	21	5	37	6	40	46	41	39	30	42	18	21	1	32	16	
13	28	32	36	38	31	17	6	6	18	27	11	25	35	32	39	42	33	38	12	
42	19	1	34	48	36	42	31	8	24	32	34	39	31	4	37	26	31	12	37	
18	35	21	11	25	25	28	41	7	36	13	30	23	44	12	44	25	34	42	50	
5	18	11	11	49	49	12	39	33	50	2	6	50	44	2	47	46	46	41	24	
21	4	26	4	36	3	26	26	16	10	1	26	23	26	21	19	4	19	36	3	
43	33	38	3	33	46	35	2	13	4	39	3	31	26	20	13	17	43	24	26	
33	1	3	22	47	39	48	7	1	40	31	40	10	19	37	28	1	30	13	34	
17	38	13	6	4	21	26	48	10	18	30	43	28	16	31	11	18	21	2	24	
12	5	12	37	3	22	28	24	41	36	32	36	47	24	37	12	14	37	40	35	
44	35	14	50	50	30	18	44	50	7	4	9	34	26	23	37	32	34	29	3	
41	41	24	24	1	5	39	36	35	5	48	11	35	18	30	34	27	38	29	35	
1	50	28	38	26	30	49	47	5	6	3	31	38	15	46	7	9	34	33	12	
On machine	67
25	33	25	17	27	27	4	11	50	10	26	30	3	1	37	5	14	12	16	1	
21	48	11	37	22	17	11	18	47	13	12	40	13	49	5	49	3	25	28	3	
4	33	40	32	18	12	18	11	34	28	11	31	50	30	4	28	43	27	43	13	
19	26	14	42	5	2	3	49	2	25	18	35	25	30	3	8	13	9	48	5	
5	11	23	3	15	28	50	9	32	14	50	7	48	3	46	31	18	18	4	3	
36	12	9	8	12	14	19	50	48	26	34	2	22	14	5	48	24	11	8	14	
40	34	39	41	23	16	44	6	4	2	37	3	36	2	23	48	27	1	35	40	
27	2	43	36	32	28	5	1	38	9	12	27	23	15	50	16	9	22	18	17	
18	32	2	45	40	1	31	28	45	32	1	13	35	44	32	27	35	11	30	29	
49	27	31	27	20	10	8	31	24	14	2	44	40	47	50	6	28	23	43	39	
17	27	26	40	2	23	6	13	21	15	37	45	37	45	49	17	39	47	47	19	
12	19	47	46	7	24	2	43	25	13	41	5	10	42	36	21	46	47	49	19	
49	3	19	37	4	1	34	5	14	2	29	34	10	49	12	6	3	3	47	14	
31	14	2	24	5	44	21	3	1	39	7	48	5	27	12	47	17	38	40	14	
50	17	23	36	9	44	8	49	2	27	39	30	13	23	25	2	5	37	37	50	
38	25	26	37	18	40	27	35	21	11	15	26	18	2	19	23	1	19	34	48	
37	9	30	24	31	16	36	8	8	49	24	19	42	31	48	9	50	36	14	22	
40	37	6	25	34	5	43	15	30	9	20	4	32	6	12	34	21	42	8	10	
24	46	47	45	19	14	34	23	44	30	6	39	3	48	25	48	49	5	14	48	
28	39	35	32	44	32	33	35	28	16	37	14	9	6	49	40	19	26	14	21	
On machine	68
18	47	16	4	9	37	48	2	37	24	43	26	39	19	18	40	13	8	4	7	
2	41	20	47	28	11	20	32	4	22	1	34	4	49	41	49	43	29	43	11	
2	3	28	22	40	5	27	17	10	6	50	22	33	40	20	36	38	37	18	15	
9	4	8	27	16	25	37	33	15	46	9	49	19	21	14	47	25	29	9	42	
23	23	26	47	47	29	1	45	34	2	4	41	38	17	11	32	27	27	24	13	
35	29	30	6	33	2	28	33	21	15	7	14	18	7	26	16	19	45	40	44	
34	50	15	17	14	2	48	48	20	41	39	46	10	42	43	39	8	14	43	3	
5	46	43	19	23	18	15	8	28	30	37	43	47	30	41	31	50	34	3	19	
15	27	5	25	40	50	12	19	11	40	32	13	26	5	41	19	15	7	14	29	
29	49	30	49	11	24	27	12	36	24	8	48	40	5	20	50	3	1	33	30	
12	32	23	32	46	44	14	1	40	19	3	5	33	21	2	37	15	25	47	11	
15	9	3	39	22	20	10	50	7	10	46	36	34	13	45	11	16	11	43	50	
16	29	23	35	7	35	48	18	42	35	18	25	1	25	40	32	27	24	12	5	
17	44	31	26	24	49	48	24	9	12	43	29	18	48	4	22	47	15	22	27	
32	27	28	7	8	3	6	35	28	2	30	14	43	40	2	8	15	13	22	50	
13	10	35	29	38	45	22	8	20	44	1	39	21	10	10	46	1	6	8	23	
15	15	12	32	9	22	40	26	17	3	12	28	38	41	28	36	8	29	30	36	
6	24	3	40	3	50	23	5	20	29	24	4	34	30	42	47	50	2	12	41	
13	49	10	31	6	40	11	29	21	49	33	22	46	40	45	16	21	34	40	3	
12	41	10	39	15	36	20	36	49	15	32	23	37	2	22	48	27	33	42	28	
On machine	69
13	30	3	28	11	26	15	7	26	36	16	36	9	33	28	30	41	38	4	26	
42	16	30	23	44	4	7	33	16	46	35	26	39	31	26	47	14	10	22	27	
31	15	7	2	19	33	16	10	42	50	41	43	39	4	29	39	24	6	35	10	
19	9	1	3	3	48	22	38	6	48	3	18	37	41	38	24	5	22	18	46	
8	15	44	32	48	23	15	10	30	7	23	27	16	41	26	48	44	40	7	7	
45	42	40	27	26	14	48	18	22	25	14	31	32	11	43	32	18	48	37	32	
38	19	46	9	37	7	9	11	19	40	45	44	23	21	38	8	19	43	13	4	
48	27	12	23	36	33	2	49	17	50	32	13	46	38	26	16	22	49	24	49	
11	44	6	33	28	46	47	9	46	12	31	19	12	31	36	15	17	3	35	26	
46	14	21	36	22	38	8	10	36	26	33	1	12	13	5	7	9	10	34	45	
31	36	28	50	2	14	24	5	35	40	47	13	35	32	27	9	44	43	47	7	
24	40	49	10	38	33	46	48	13	24	43	47	34	30	49	34	16	3	1	6	
22	21	38	40	48	38	48	5	50	50	26	9	30	14	25	35	7	35	15	21	
27	1	37	39	27	32	18	47	3	16	21	10	22	29	43	7	19	18	18	33	
36	6	2	43	5	6	16	49	49	35	3	4	3	40	35	35	50	29	13	8	
20	12	16	8	15	25	19	49	38	40	35	12	27	21	42	4	39	44	11	50	
39	42	43	30	10	45	31	12	7	18	24	20	1	29	10	43	11	42	30	11	
6	20	12	48	11	33	7	20	46	15	17	28	31	47	38	40	36	48	30	13	
39	3	37	42	3	45	43	19	14	45	41	10	42	45	38	12	30	2	29	23	
29	9	36	12	11	2	46	49	27	41	43	20	37	11	21	36	50	29	11	44	
On machine	70
30	10	36	4	32	24	2	28	3	48	26	16	21	44	14	22	23	41	7	7	
29	50	2	33	35	49	31	15	22	45	5	42	37	5	1	32	22	14	9	6	
28	1	26	3	39	43	4	26	40	16	11	8	8	44	38	12	30	23	17	40	
28	47	23	42	2	6	18	8	2	13	8	48	27	20	2	23	3	16	33	30	
41	4	8	11	14	13	17	32	4	44	11	30	50	42	25	19	32	36	34	21	
38	14	5	11	42	43	10	20	26	23	22	47	37	47	8	22	19	50	7	45	
4	13	30	26	6	6	4	4	2	5	7	39	3	4	42	14	49	9	24	3	
33	1	23	42	32	20	19	43	30	19	48	8	37	3	12	30	41	27	33	46	
42	15	28	46	29	15	37	11	5	47	6	7	48	17	35	32	9	45	2	33	
4	9	9	25	31	45	14	7	21	2	2	30	8	8	25	49	1	46	50	16	
15	8	3	39	7	22	9	43	22	44	41	35	2	48	38	1	11	19	36	17	
29	37	24	47	36	36	5	2	22	49	32	11	5	39	11	33	30	43	14	14	
44	19	22	49	17	47	29	14	16	47	48	41	15	15	48	31	25	25	17	42	
28	25	4	49	11	45	23	26	34	46	14	12	28	35	44	34	13	13	23	2	
32	42	34	49	24	24	22	25	48	1	27	20	9	9	44	36	2	5	39	21	
35	37	49	9	3	8	3	48	38	17	20	41	43	8	43	37	46	15	2	31	
50	38	12	21	45	14	8	43	5	24	46	37	40	14	4	15	10	7	19	30	
12	29	1	31	32	47	27	46	11	18	45	9	29	50	27	40	45	17	26	6	
16	36	21	42	6	12	25	39	26	46	12	25	44	39	42	18	39	49	36	10	
49	47	13	3	13	1	27	6	24	48	44	49	6	23	1	31	33	26	1	21	
Reldue
-1	2210	-1	-1
-1	1347	-1	-1
-1	812	-1	-1
-1	2389	-1	-1
-1	2504	-1	-1
-1	1908	-1	-1
-1	490	-1	-1
-1	415	-1	-1
-1	2556	-1	-1
-1	661	-1	-1
-1	902	-1	-1
-1	1135	-1	-1
-1	1960	-1	-1
-1	1546	-1	-1
-1	1082	-1	-1
-1	1549	-1	-1
-1	2497	-1	-1
-1	1963	-1	-1
-1	619	-1	-1
-1	289	-1	-1
