Families	20
Machines	10
MaxSetupTime	50

Number of Jobs in each Family
9	10	6	5	6	9	1	9	9	1	10	3	8	10	7	7	3	6	3	6	

Jobs in each Family
0	1	2	3	4	5	6	7	8	
9	10	11	12	13	14	15	16	17	18	
19	20	21	22	23	24	
25	26	27	28	29	
30	31	32	33	34	35	
36	37	38	39	40	41	42	43	44	
45	
46	47	48	49	50	51	52	53	54	
55	56	57	58	59	60	61	62	63	
64	
65	66	67	68	69	70	71	72	73	74	
75	76	77	
78	79	80	81	82	83	84	85	
86	87	88	89	90	91	92	93	94	95	
96	97	98	99	100	101	102	
103	104	105	106	107	108	109	
110	111	112	
113	114	115	116	117	118	
119	120	121	
122	123	124	125	126	127	

Total number of jobs
128

Processing times of jobs
4	10	3	6	2	8	7	5	9	5	
4	3	7	1	2	2	2	4	9	8	
5	8	3	10	1	6	6	9	5	3	
8	9	3	6	2	10	7	2	9	5	
8	6	5	2	4	1	9	2	10	9	
10	8	6	6	8	6	6	9	3	7	
3	3	3	2	4	7	2	6	7	10	
5	1	7	7	10	9	3	3	10	6	
10	1	6	3	1	2	3	7	2	8	
9	1	4	10	7	8	4	5	8	4	
8	8	4	4	10	6	4	6	5	5	
2	9	3	1	4	8	4	8	10	8	
5	2	10	4	2	6	9	3	8	6	
2	8	10	7	7	1	2	3	4	8	
10	4	8	9	7	7	8	2	9	7	
3	7	8	8	8	1	8	9	4	9	
7	9	1	5	4	5	5	7	2	6	
9	7	9	7	4	6	4	9	2	7	
4	1	10	6	9	1	9	3	6	7	
5	7	7	6	9	7	6	6	3	9	
3	3	8	4	2	4	3	5	7	9	
5	10	8	6	5	7	3	6	8	10	
8	8	2	9	4	2	6	5	1	5	
8	10	2	9	8	6	9	8	7	3	
4	7	7	3	10	7	3	9	4	10	
7	7	7	3	6	10	5	3	1	10	
8	2	1	4	2	7	6	9	3	10	
2	9	10	1	10	1	10	10	10	10	
5	7	7	2	6	8	2	2	9	5	
1	7	8	1	6	7	1	4	7	7	
3	4	6	10	4	6	8	8	10	6	
4	4	2	3	9	4	4	2	9	4	
6	5	6	10	9	1	10	9	6	6	
9	7	9	7	7	3	2	4	4	2	
7	7	7	4	5	3	4	3	10	4	
9	6	6	8	7	3	7	3	2	3	
9	1	8	5	3	5	10	3	2	3	
5	6	5	9	3	10	1	2	2	10	
5	2	2	8	6	8	5	9	6	5	
2	9	4	6	9	4	9	2	5	9	
10	1	10	3	6	4	4	4	6	7	
1	8	4	4	10	9	9	5	10	2	
7	9	8	3	7	5	8	4	8	3	
10	10	8	7	5	2	3	1	3	7	
6	8	3	4	10	8	2	7	6	2	
6	3	4	6	6	4	5	4	9	3	
9	8	7	8	8	8	5	5	7	5	
2	9	2	5	9	3	6	7	8	7	
1	9	4	6	8	9	10	6	7	2	
10	8	1	8	6	7	2	9	7	4	
7	3	4	8	2	10	7	8	2	5	
1	2	8	3	6	3	3	6	4	3	
9	4	2	1	5	1	8	2	9	9	
10	10	8	4	4	3	6	10	1	7	
8	1	7	3	5	2	10	2	10	6	
10	5	7	5	6	6	5	6	4	4	
6	7	3	6	9	8	2	4	6	8	
5	3	6	8	7	1	6	4	7	7	
4	8	5	5	6	2	10	4	4	3	
8	1	2	10	2	7	9	6	10	9	
1	1	8	9	1	3	8	7	2	9	
4	4	5	10	10	6	1	4	8	5	
9	1	5	4	9	2	5	7	8	7	
1	1	1	10	1	8	6	2	7	6	
5	8	1	1	3	3	9	3	10	4	
2	9	8	1	9	7	1	10	2	10	
10	3	4	7	1	7	8	7	7	10	
3	4	10	1	5	10	2	1	9	4	
2	9	3	6	7	5	5	4	1	9	
8	6	9	7	8	3	7	1	3	8	
1	6	2	8	2	10	8	5	7	5	
1	7	9	7	7	5	5	4	5	10	
6	1	8	1	7	1	10	7	3	2	
5	5	5	5	1	7	3	8	9	10	
1	2	5	3	5	8	8	2	4	4	
5	5	2	6	2	8	1	2	4	7	
5	5	3	7	5	5	9	2	7	9	
2	6	4	4	5	5	2	10	5	10	
2	8	9	5	10	6	5	1	10	10	
3	3	9	4	6	6	8	10	5	9	
1	4	10	10	3	5	8	2	6	4	
4	3	3	5	4	8	8	3	9	8	
3	1	8	7	4	9	10	6	10	3	
10	4	2	6	7	8	1	6	1	9	
8	3	4	3	7	1	2	4	6	10	
3	4	10	5	3	9	4	10	2	3	
2	4	1	5	4	3	6	6	3	9	
7	8	1	2	4	3	9	9	7	2	
7	5	10	8	5	7	9	6	8	10	
7	9	7	5	6	8	5	9	8	10	
3	4	10	10	9	9	8	10	7	8	
7	3	4	2	3	1	5	7	5	9	
7	5	3	4	8	6	2	3	3	10	
10	9	10	9	2	6	4	9	3	7	
3	2	8	9	6	6	3	5	4	3	
5	8	8	1	4	8	5	8	8	5	
3	5	10	3	3	9	7	5	4	4	
9	4	6	7	7	9	8	3	3	9	
2	7	4	3	7	7	4	7	4	2	
6	8	3	7	4	4	5	6	2	9	
7	3	7	4	2	7	9	4	3	6	
2	6	3	5	8	6	8	9	5	1	
2	1	1	6	9	9	5	1	7	9	
6	7	10	4	3	8	5	8	6	3	
3	1	1	1	5	9	2	2	4	9	
1	1	5	5	3	9	3	2	3	1	
3	5	4	2	1	2	2	7	2	8	
9	9	9	8	8	10	3	9	2	7	
9	4	5	3	3	6	4	7	2	8	
1	9	6	9	2	6	3	8	8	7	
1	5	6	1	9	9	1	10	8	9	
6	6	9	1	9	8	2	5	7	6	
9	4	9	7	9	4	2	1	8	1	
3	6	6	3	10	7	3	7	7	9	
5	10	4	7	2	1	3	1	5	10	
1	5	3	2	5	4	3	4	1	7	
9	7	9	5	1	7	10	9	10	3	
6	5	4	8	8	2	1	4	9	3	
9	4	10	8	4	3	9	4	6	7	
6	2	9	6	8	8	5	10	1	8	
7	2	6	7	4	2	3	5	3	3	
3	9	9	6	7	7	9	7	10	7	
6	4	3	2	7	2	2	6	9	1	
2	5	1	5	9	8	8	2	7	8	
9	9	1	5	9	10	7	5	6	1	
10	5	4	4	2	5	6	3	2	8	
2	2	10	6	1	8	4	5	2	8	
9	2	10	5	9	5	7	10	8	10	

Stepup times between family, where [f][f] represents initial setup time
On machine	1
49	21	28	49	4	38	19	50	47	3	34	25	21	11	45	1	35	30	5	22	
47	5	32	44	32	18	43	23	22	17	17	30	2	44	40	1	2	6	7	44	
6	19	9	32	1	2	33	29	1	20	28	26	36	38	9	27	50	28	29	30	
35	35	25	39	6	15	9	1	27	50	4	3	13	23	18	6	33	14	31	7	
26	34	15	30	14	17	30	24	41	34	29	10	37	12	36	50	27	46	38	14	
47	28	44	17	26	31	34	31	50	36	35	31	39	20	37	8	36	36	24	13	
14	40	31	30	18	5	33	37	5	23	38	41	23	43	22	50	39	35	4	10	
33	43	21	10	34	42	16	15	25	23	27	13	39	41	30	7	14	19	1	16	
28	9	5	44	13	28	29	15	7	43	34	4	10	10	27	47	26	6	24	12	
29	18	27	17	4	37	5	32	45	4	34	39	15	16	24	23	19	19	27	6	
25	39	5	39	18	32	1	2	18	36	6	19	35	17	40	20	31	15	5	49	
5	40	27	50	21	1	12	41	23	4	1	26	34	32	12	43	24	19	7	32	
13	20	4	50	16	47	14	39	9	6	5	8	15	1	23	42	3	20	16	46	
1	17	23	3	22	46	36	19	50	28	48	48	10	6	40	7	21	29	4	34	
46	12	16	42	12	34	48	37	2	7	15	27	22	41	20	14	11	17	34	45	
30	23	49	28	3	33	9	42	33	16	7	39	15	10	50	21	19	12	23	16	
41	39	17	41	41	12	10	1	11	39	29	47	8	20	4	47	5	24	50	26	
35	35	11	29	7	8	11	47	44	45	43	32	30	30	22	3	8	28	39	5	
21	7	39	38	16	20	31	25	50	25	37	38	4	32	39	46	34	37	40	43	
42	36	31	30	27	44	25	22	49	17	26	17	23	20	13	27	33	28	50	33	
On machine	2
19	5	16	22	41	28	37	5	33	12	47	41	44	18	17	2	23	11	16	4	
42	42	19	43	2	35	12	9	31	26	34	4	10	25	20	16	13	49	17	33	
25	6	11	42	29	39	50	40	40	10	23	38	29	3	4	5	15	22	40	15	
6	20	32	39	43	49	23	6	3	42	15	2	23	45	34	6	12	47	20	49	
16	35	18	30	21	19	3	18	1	50	25	13	20	3	3	24	34	27	29	9	
7	42	18	12	30	21	39	36	38	9	11	17	27	22	41	2	19	46	4	43	
25	2	50	15	22	14	11	20	2	30	3	38	8	2	20	47	19	35	34	18	
4	29	22	39	27	47	44	17	29	41	43	23	31	38	46	9	14	41	30	49	
42	15	35	29	33	43	7	1	40	21	23	5	1	18	37	37	21	30	33	15	
1	33	24	12	38	16	23	16	4	13	26	8	34	1	37	32	19	40	48	19	
5	47	50	28	11	21	37	17	34	22	7	6	20	44	42	12	22	50	6	25	
48	44	4	7	30	9	19	3	49	30	40	34	18	11	35	15	1	2	16	14	
3	6	31	24	2	6	11	40	12	27	24	1	42	29	47	34	37	44	7	49	
13	50	30	12	41	18	38	29	27	46	47	5	25	4	4	10	28	44	18	41	
36	38	50	47	22	13	27	30	14	25	43	38	33	36	4	25	33	46	42	43	
40	49	34	28	47	21	11	5	27	15	12	31	49	23	35	1	14	46	24	18	
43	42	44	12	38	36	29	29	22	6	30	2	3	14	44	42	8	6	2	10	
50	40	43	34	19	26	8	2	27	22	48	30	42	33	31	33	46	16	41	9	
27	33	3	22	1	45	14	19	23	13	29	49	1	49	2	1	47	48	28	37	
16	38	10	8	26	6	15	33	1	44	23	47	12	32	19	49	48	26	7	17	
On machine	3
7	28	24	26	45	46	39	38	21	6	15	34	40	12	4	30	14	19	4	1	
7	39	22	45	31	3	11	8	41	10	26	48	23	29	35	49	29	47	49	15	
15	1	38	6	41	36	25	2	17	24	20	43	24	1	50	18	36	1	44	19	
30	16	45	1	23	10	5	29	16	4	2	49	1	16	48	14	40	16	11	19	
44	5	17	20	21	16	11	47	40	13	44	25	17	16	35	46	39	38	40	27	
24	44	26	24	17	50	4	27	11	15	4	50	44	41	1	21	43	34	45	31	
20	50	29	16	20	39	41	46	16	25	33	43	27	47	40	44	10	1	7	18	
7	29	30	37	26	44	30	50	47	2	37	19	38	19	15	6	31	39	6	22	
12	10	38	30	42	22	28	43	40	35	40	27	27	26	40	15	4	18	31	10	
39	45	17	40	23	37	48	8	38	49	19	27	7	21	28	47	23	37	45	34	
30	38	45	14	44	37	10	34	20	43	7	4	9	49	13	6	37	15	26	30	
14	22	8	33	22	41	46	16	28	9	50	5	22	30	49	15	36	1	7	23	
49	33	21	20	46	12	18	17	26	27	18	22	30	15	32	30	14	39	23	49	
7	50	35	11	11	10	42	12	21	31	10	39	24	12	12	49	28	13	46	41	
13	38	48	50	34	44	43	18	31	14	5	12	31	43	35	2	22	36	5	6	
31	41	11	27	12	44	2	28	1	39	1	28	27	19	31	7	12	23	50	21	
3	15	9	48	48	14	9	30	12	11	47	1	50	39	5	25	2	25	4	40	
2	47	34	43	47	27	24	22	7	20	43	22	35	40	30	6	18	12	20	20	
9	34	3	5	46	41	9	48	11	27	15	4	25	33	6	26	24	15	23	23	
22	45	29	45	43	7	50	17	30	32	4	34	35	49	50	36	34	29	17	47	
On machine	4
50	26	24	3	30	1	5	8	12	1	6	4	5	39	35	27	8	15	16	14	
12	8	48	27	21	25	45	18	22	8	15	45	4	35	3	43	45	40	49	15	
19	15	45	3	49	10	19	47	1	17	19	31	42	19	27	25	14	41	22	48	
12	50	38	21	17	4	4	9	6	16	9	9	32	24	43	23	47	18	29	15	
7	41	11	50	37	45	36	40	17	29	17	30	35	19	39	48	15	25	41	48	
17	35	33	10	43	41	50	42	20	48	48	13	21	27	27	37	33	23	3	33	
24	20	28	9	47	46	42	9	43	15	3	40	29	37	8	49	7	24	9	8	
9	33	38	20	31	9	28	40	42	29	26	1	35	28	33	50	44	39	31	17	
28	34	24	44	16	3	4	7	5	46	15	49	9	36	43	32	18	8	28	17	
31	36	29	43	1	8	47	20	41	46	1	47	36	18	9	13	47	45	35	8	
20	5	11	44	14	8	23	15	18	1	32	37	4	25	28	8	9	35	10	36	
33	40	39	40	18	24	14	31	45	33	19	2	2	30	44	44	25	37	34	11	
27	21	47	1	15	43	43	20	20	4	40	26	46	3	29	49	32	30	23	32	
23	41	1	4	7	26	44	8	21	42	45	35	35	24	35	18	3	28	8	47	
17	20	9	24	43	29	46	19	13	42	17	36	50	33	13	10	25	37	46	39	
46	22	46	10	41	23	21	47	19	43	47	10	11	23	34	16	41	7	32	24	
32	9	16	15	12	24	26	14	30	22	5	39	8	2	29	48	41	37	6	22	
20	17	28	2	6	36	10	43	15	13	9	26	32	28	20	8	31	43	1	25	
11	50	45	32	1	40	30	33	42	11	46	1	6	23	8	3	35	13	1	32	
33	46	20	32	31	2	28	24	33	32	22	36	23	42	16	47	8	38	16	45	
On machine	5
36	48	20	19	25	23	21	13	10	4	18	11	18	15	23	10	38	48	17	39	
21	37	4	50	36	16	14	6	10	19	50	7	27	31	21	24	31	20	4	41	
1	43	5	34	19	43	31	9	28	29	31	3	29	39	26	29	28	34	22	34	
35	35	14	11	23	19	46	38	28	4	8	42	29	7	22	43	13	42	23	33	
38	9	37	8	29	48	18	33	12	26	1	1	17	42	22	31	30	13	3	11	
45	37	35	50	34	38	29	48	47	44	3	18	18	43	13	43	29	33	25	23	
41	11	10	4	8	9	4	2	45	50	6	6	21	16	21	21	3	28	13	2	
6	10	1	41	17	24	23	38	32	3	10	9	43	45	24	43	15	22	29	15	
31	48	40	49	17	49	15	16	37	31	9	22	41	24	8	10	49	34	40	28	
19	40	19	1	14	28	49	14	49	4	9	20	37	32	49	32	35	37	2	44	
7	29	1	8	45	43	38	26	10	14	29	34	39	1	45	15	36	13	7	41	
5	19	35	26	43	10	17	15	14	37	27	6	20	16	2	23	38	40	20	1	
27	43	45	10	43	40	31	42	41	27	36	10	36	48	28	48	34	22	31	35	
11	34	18	33	10	10	11	50	19	21	49	5	35	41	49	29	50	9	37	13	
48	20	19	40	22	43	21	5	35	12	22	42	37	47	13	24	17	23	27	50	
39	36	13	25	9	17	3	31	34	26	5	36	42	17	18	32	10	24	39	50	
25	38	20	3	11	19	38	41	26	42	9	17	15	39	13	11	40	21	12	24	
49	49	50	25	6	23	8	35	4	17	41	14	41	25	44	5	31	28	45	4	
32	19	18	9	37	17	36	49	49	11	41	11	9	5	11	28	43	34	36	4	
50	30	21	30	43	31	2	43	31	49	14	34	2	25	42	9	23	28	36	36	
On machine	6
24	45	7	7	48	47	43	30	46	2	15	8	17	26	17	15	12	24	7	8	
37	5	23	31	18	11	6	17	24	9	25	14	45	29	45	41	36	19	40	45	
26	12	34	10	40	20	36	40	50	8	23	38	26	14	24	37	17	9	47	25	
47	16	20	28	23	32	50	20	25	28	4	16	34	18	27	17	24	15	18	41	
33	5	42	25	27	30	28	32	28	35	28	39	8	31	6	21	17	24	2	15	
26	24	6	42	48	47	2	6	32	21	26	10	7	7	26	18	48	35	10	1	
14	38	8	7	33	25	19	20	5	32	23	4	10	49	11	38	37	50	37	30	
45	49	48	25	44	44	19	35	29	23	11	28	4	31	23	15	16	33	29	8	
18	48	31	5	37	21	48	4	45	43	42	30	41	38	16	20	46	45	14	50	
1	44	43	30	40	26	27	33	41	8	13	4	27	16	28	33	9	22	21	19	
49	35	37	37	27	33	47	22	14	26	44	16	39	11	43	30	5	4	32	34	
15	30	5	19	8	48	34	20	31	31	4	46	49	29	35	6	4	25	22	21	
19	37	22	9	16	13	49	5	28	46	6	45	15	39	9	8	25	24	8	46	
13	27	43	44	21	6	25	11	12	23	16	19	19	3	23	2	22	37	12	35	
21	25	50	45	29	2	13	48	8	32	45	25	44	19	43	6	12	29	43	23	
30	7	6	7	20	22	1	32	6	1	28	21	49	13	39	2	37	25	18	38	
16	40	32	24	18	20	32	25	40	21	19	34	17	15	15	4	18	6	46	37	
26	3	6	4	39	17	49	46	33	4	21	25	20	5	40	6	39	46	1	9	
21	47	41	5	21	41	14	28	22	9	24	48	47	18	41	45	45	42	49	47	
35	50	41	20	7	44	1	47	2	46	48	20	23	13	40	8	20	40	8	28	
On machine	7
44	11	48	6	3	3	5	22	4	36	50	39	16	20	33	2	29	10	25	26	
7	30	5	23	42	27	31	26	36	17	40	4	43	48	34	12	41	45	9	27	
13	14	41	50	42	18	8	8	36	4	16	44	48	19	18	32	33	36	36	14	
2	27	3	46	36	16	5	14	12	20	49	29	7	1	11	26	44	37	49	40	
19	46	23	15	32	49	9	48	49	25	43	50	6	10	36	50	17	25	29	36	
22	3	43	6	13	31	33	17	23	27	32	45	46	19	21	32	4	17	40	14	
26	31	8	43	49	17	6	16	36	40	25	46	4	26	22	7	40	36	20	36	
41	28	50	17	7	29	30	14	10	5	49	6	18	28	38	31	30	22	34	3	
14	24	34	8	43	24	40	11	4	30	9	17	5	22	47	38	42	50	47	11	
46	25	39	2	31	15	41	13	45	21	35	29	47	23	38	1	36	29	23	18	
32	24	6	31	25	37	6	34	25	9	39	9	25	10	6	24	8	39	25	28	
12	26	31	10	44	37	4	34	47	31	13	24	27	4	35	42	17	3	33	5	
13	22	30	12	37	47	17	15	19	26	50	21	49	25	36	34	3	17	8	1	
19	23	14	42	34	30	38	8	14	3	3	19	25	38	32	12	48	17	21	43	
22	28	20	22	4	2	42	46	31	6	30	21	10	30	37	27	25	37	41	20	
31	22	4	28	23	45	19	40	9	10	13	38	27	10	4	8	23	13	28	8	
17	9	17	3	32	25	22	44	28	24	28	10	44	45	3	44	19	22	21	36	
47	29	18	33	37	12	42	48	29	28	39	23	50	1	22	15	40	2	26	21	
45	8	30	48	37	45	13	18	5	11	30	26	45	50	1	3	26	10	43	49	
1	4	40	7	4	26	17	14	12	50	20	5	10	19	16	32	29	49	39	50	
On machine	8
43	48	27	37	11	31	2	11	40	8	18	26	35	37	38	37	27	22	17	29	
15	27	49	18	36	35	36	16	50	16	9	37	24	19	3	39	9	22	3	20	
42	5	7	14	25	24	18	29	39	20	7	5	8	19	37	19	34	43	20	23	
35	27	27	41	28	20	38	25	46	27	16	37	38	40	50	36	19	14	46	41	
19	22	10	41	35	15	40	4	15	1	6	8	36	43	3	24	24	31	6	39	
29	39	40	48	34	23	32	17	6	21	33	5	4	37	23	15	26	31	33	35	
5	42	22	46	30	33	16	29	34	8	47	16	12	7	40	21	13	10	35	23	
8	28	13	4	45	42	25	40	2	42	37	14	5	32	49	42	16	39	24	37	
45	37	19	36	24	23	44	8	1	19	43	34	20	45	7	38	28	30	42	7	
17	19	26	3	9	23	39	30	37	29	34	7	25	7	42	45	43	18	4	33	
38	12	45	40	45	1	4	9	46	30	36	49	8	38	31	15	42	20	24	22	
44	26	9	27	5	30	19	39	27	11	29	3	8	2	16	33	9	16	47	11	
50	1	13	7	11	29	41	16	14	29	11	41	21	25	18	48	9	21	44	18	
11	8	37	5	44	12	45	42	22	3	32	28	1	32	30	45	31	13	2	42	
16	20	11	14	35	37	45	9	20	26	36	50	43	24	3	2	18	14	46	47	
6	36	14	46	15	18	39	49	43	21	41	24	39	15	50	36	41	40	28	41	
44	15	24	35	9	12	18	41	1	35	37	29	49	21	23	21	28	39	46	24	
46	2	18	16	5	50	48	36	36	7	28	34	22	48	14	49	23	3	35	28	
7	14	48	26	6	12	6	18	5	26	31	43	28	49	28	17	28	20	47	40	
6	29	15	18	44	35	2	31	21	15	23	4	33	46	16	13	29	50	16	49	
On machine	9
25	45	15	30	50	43	18	17	16	50	36	37	19	17	47	23	10	7	1	19	
20	46	13	40	18	34	11	43	13	31	7	23	19	48	6	1	47	41	7	5	
22	37	3	24	7	12	10	13	35	23	46	4	10	47	10	6	7	32	44	48	
16	40	21	22	18	23	25	12	22	10	6	30	31	41	47	48	28	28	2	3	
5	28	16	41	10	21	32	29	27	43	18	31	26	20	22	18	41	42	25	23	
44	4	30	5	20	9	49	34	18	25	35	26	5	46	8	35	4	14	7	29	
11	28	20	46	8	23	1	42	49	26	16	15	31	43	23	21	50	35	19	13	
33	31	4	40	48	35	45	10	10	6	25	11	46	24	29	7	17	10	19	11	
19	7	17	33	49	37	34	10	43	19	40	10	36	34	3	4	1	15	37	48	
13	2	9	34	30	28	34	14	23	49	25	15	45	35	29	7	32	35	46	33	
38	48	44	2	48	35	30	10	22	9	7	5	18	45	21	10	9	22	45	19	
48	9	28	24	24	8	49	42	16	40	46	48	20	49	21	12	48	33	45	6	
25	34	16	12	2	9	34	14	32	12	20	1	38	23	24	15	37	18	14	40	
11	28	26	40	14	41	13	10	13	44	9	19	3	33	18	32	38	36	30	23	
4	14	11	17	26	16	13	11	31	5	19	34	32	7	40	46	2	30	35	29	
42	15	42	45	21	8	22	19	27	17	4	50	15	12	7	21	31	15	1	36	
14	43	14	7	27	2	1	7	13	33	16	8	18	17	2	18	39	16	26	11	
23	31	37	22	46	9	19	23	40	49	1	33	19	45	38	47	22	15	24	21	
29	1	9	40	29	13	17	25	30	34	49	3	43	8	14	28	47	15	26	26	
19	10	3	47	4	38	37	27	19	47	41	19	18	6	30	30	50	6	3	17	
On machine	10
43	2	18	46	29	19	34	8	39	3	29	2	45	12	11	7	41	46	47	9	
49	19	33	42	7	7	48	8	13	42	11	28	25	47	44	31	28	10	21	28	
45	29	30	39	20	8	13	30	14	20	6	22	47	32	5	46	28	30	32	14	
1	26	17	14	3	40	31	8	39	9	25	16	11	48	1	33	25	46	19	8	
8	2	33	6	27	39	32	14	1	13	24	8	48	26	25	7	16	12	31	25	
7	7	12	44	23	48	19	37	24	30	37	50	36	38	23	43	24	32	27	39	
18	33	40	3	11	19	34	28	47	2	42	8	3	5	1	1	22	49	48	43	
6	24	3	9	28	19	25	25	7	44	31	24	37	12	26	32	7	23	18	44	
19	18	45	16	27	22	39	12	23	31	22	21	48	35	45	15	37	22	3	6	
36	29	6	25	32	33	33	46	48	49	50	41	13	50	3	50	17	23	30	33	
26	25	39	44	6	38	49	26	3	39	47	27	22	46	6	47	37	50	26	45	
32	43	23	47	13	14	19	14	47	26	34	8	17	44	39	24	11	41	40	32	
46	10	45	31	41	37	39	27	50	50	30	42	28	21	24	21	39	11	27	46	
38	27	22	32	20	5	25	35	9	35	16	36	19	6	48	18	1	24	28	5	
39	48	41	24	48	10	38	1	32	15	40	3	43	27	43	43	21	48	14	38	
48	37	17	11	29	9	21	30	32	20	42	14	23	31	36	40	50	44	27	50	
43	14	33	22	12	7	2	35	23	39	14	16	17	23	31	35	11	9	2	8	
35	18	44	46	29	13	42	2	35	10	13	34	35	26	49	20	23	14	12	21	
49	1	23	35	17	35	32	37	1	16	5	19	30	48	20	30	49	21	39	2	
40	36	27	3	13	10	41	47	14	4	12	18	26	23	25	15	20	14	24	44	
Reldue
-1	1136	-1	-1
-1	1441	-1	-1
-1	1641	-1	-1
-1	641	-1	-1
-1	1383	-1	-1
-1	700	-1	-1
-1	415	-1	-1
-1	1700	-1	-1
-1	356	-1	-1
-1	1393	-1	-1
-1	2081	-1	-1
-1	1504	-1	-1
-1	818	-1	-1
-1	203	-1	-1
-1	1467	-1	-1
-1	798	-1	-1
-1	394	-1	-1
-1	284	-1	-1
-1	942	-1	-1
-1	2013	-1	-1
