Families	40
Machines	10
MaxSetupTime	50

Number of Jobs in each Family
3	7	10	1	4	6	6	6	6	2	3	5	3	5	10	10	1	2	6	5	8	7	5	5	4	8	10	2	5	4	4	2	7	1	10	9	4	8	1	6	

Jobs in each Family
0	1	2	
3	4	5	6	7	8	9	
10	11	12	13	14	15	16	17	18	19	
20	
21	22	23	24	
25	26	27	28	29	30	
31	32	33	34	35	36	
37	38	39	40	41	42	
43	44	45	46	47	48	
49	50	
51	52	53	
54	55	56	57	58	
59	60	61	
62	63	64	65	66	
67	68	69	70	71	72	73	74	75	76	
77	78	79	80	81	82	83	84	85	86	
87	
88	89	
90	91	92	93	94	95	
96	97	98	99	100	
101	102	103	104	105	106	107	108	
109	110	111	112	113	114	115	
116	117	118	119	120	
121	122	123	124	125	
126	127	128	129	
130	131	132	133	134	135	136	137	
138	139	140	141	142	143	144	145	146	147	
148	149	
150	151	152	153	154	
155	156	157	158	
159	160	161	162	
163	164	
165	166	167	168	169	170	171	
172	
173	174	175	176	177	178	179	180	181	182	
183	184	185	186	187	188	189	190	191	
192	193	194	195	
196	197	198	199	200	201	202	203	
204	
205	206	207	208	209	210	

Total number of jobs
211

Processing times of jobs
6	2	8	9	8	1	8	3	7	10	
10	5	4	10	5	5	1	1	7	7	
9	5	5	2	4	3	3	5	7	8	
7	4	6	5	2	2	9	6	6	4	
7	4	5	5	8	2	7	4	9	8	
4	1	3	3	3	1	9	10	2	5	
1	8	4	5	9	10	1	6	10	10	
10	10	8	1	10	4	10	8	3	2	
1	9	1	7	5	6	7	2	9	10	
5	8	3	10	3	8	2	10	3	6	
7	7	2	5	5	1	7	8	7	6	
10	1	8	4	2	2	7	10	4	9	
9	5	10	10	2	2	7	9	10	8	
9	2	9	4	9	3	4	1	10	5	
5	2	2	1	4	2	2	2	5	1	
3	1	7	5	4	3	4	8	9	6	
4	7	6	8	5	10	4	10	2	6	
5	10	1	5	10	9	8	8	3	4	
7	8	8	6	9	4	10	5	6	7	
1	9	6	10	9	9	8	2	7	9	
9	4	3	6	10	2	6	3	4	9	
6	10	3	1	6	9	9	6	9	2	
10	6	6	2	8	8	9	1	4	3	
6	7	7	10	4	7	9	9	10	1	
7	2	2	8	6	7	9	5	4	2	
10	2	4	6	6	4	2	9	2	10	
6	2	7	6	2	8	9	5	9	6	
4	9	3	7	1	6	10	3	9	1	
9	9	7	8	6	9	6	1	3	5	
9	8	8	4	10	8	7	9	5	2	
10	7	7	1	1	6	1	8	9	7	
4	4	1	10	5	7	6	3	9	3	
4	1	7	8	7	2	7	7	6	7	
5	8	7	2	8	2	5	5	9	9	
8	9	4	10	8	1	7	3	7	8	
4	9	6	3	8	8	4	3	6	8	
2	4	5	2	7	5	6	8	3	8	
1	2	5	10	8	8	2	8	1	1	
8	9	8	2	6	8	10	10	6	8	
4	5	7	2	6	5	3	5	4	5	
4	10	1	5	1	5	1	10	2	9	
5	1	9	3	6	9	5	5	10	8	
1	5	1	2	4	2	1	9	6	1	
10	6	8	4	3	4	1	10	6	5	
3	7	6	4	1	6	10	1	3	5	
8	7	9	5	5	6	9	7	2	4	
7	6	5	2	6	5	4	4	10	2	
9	1	3	10	4	2	10	1	5	6	
3	5	7	9	3	4	9	7	5	10	
5	5	5	9	2	9	4	2	4	1	
10	9	4	9	10	8	7	5	6	6	
7	1	5	5	1	2	7	4	5	2	
6	6	1	10	5	10	8	7	5	1	
5	8	9	2	2	9	2	3	3	7	
3	7	10	2	9	9	4	9	4	4	
5	4	7	3	8	5	9	1	6	4	
9	3	2	7	5	7	9	8	7	3	
6	9	4	5	8	6	3	8	2	5	
10	5	7	1	10	1	3	8	3	9	
10	1	6	3	2	3	3	7	5	3	
9	2	4	5	9	8	10	7	9	5	
4	8	4	1	3	8	4	4	8	3	
2	3	1	3	4	8	2	3	6	1	
1	8	7	2	2	5	5	7	7	7	
10	5	6	1	3	3	5	1	5	5	
6	9	6	10	6	9	9	6	1	8	
10	7	10	9	6	6	4	10	8	1	
5	7	2	10	10	7	2	1	7	4	
2	7	10	2	4	7	6	6	5	6	
6	1	4	1	9	5	7	10	7	3	
7	9	8	2	9	8	8	9	4	7	
2	5	7	10	1	6	4	3	5	10	
2	5	1	3	9	4	8	3	1	8	
2	5	6	8	6	8	5	9	5	5	
6	5	9	6	5	9	8	8	7	1	
2	10	7	6	1	7	3	4	2	10	
7	3	6	9	10	7	3	8	2	2	
7	3	7	10	10	1	6	2	2	10	
5	6	3	4	5	6	10	5	4	1	
2	3	1	8	4	4	5	8	6	10	
10	1	9	8	7	9	9	8	6	1	
2	9	7	8	3	4	2	1	10	8	
9	7	6	2	9	3	8	6	8	8	
8	9	7	2	7	10	9	10	10	8	
6	3	1	6	2	7	10	2	10	3	
8	5	1	6	6	8	1	5	10	1	
5	3	2	3	5	8	9	8	6	7	
7	6	4	4	1	4	3	7	5	3	
6	4	5	10	6	4	4	7	10	10	
9	7	7	8	5	10	7	6	4	4	
8	1	4	2	3	4	1	1	5	8	
5	3	5	9	7	5	5	6	10	6	
7	5	4	4	8	4	10	3	5	3	
3	3	5	5	5	9	2	6	1	2	
6	6	8	6	8	4	2	2	10	2	
5	1	2	7	1	6	2	2	10	6	
8	4	1	3	6	6	2	10	10	7	
7	4	10	4	10	3	5	8	4	4	
2	9	1	2	8	6	6	6	5	7	
2	4	1	7	7	3	10	8	3	8	
9	9	8	7	6	9	3	2	8	3	
3	1	3	4	8	7	6	8	8	8	
5	10	5	4	10	5	4	8	1	8	
1	7	2	8	4	1	6	1	5	8	
8	2	2	5	7	1	10	3	4	10	
7	2	1	1	5	5	8	7	6	9	
5	8	9	6	6	9	3	2	7	1	
4	3	2	1	8	5	1	1	8	5	
5	5	1	3	3	5	6	1	4	10	
2	8	2	2	8	7	9	6	4	6	
6	7	9	1	8	6	10	10	3	4	
5	10	4	9	4	3	7	4	10	5	
10	1	1	1	10	1	5	2	10	3	
5	4	9	1	6	9	10	3	4	1	
6	9	10	6	4	5	2	3	8	8	
5	9	7	2	6	5	1	3	9	2	
9	6	7	7	5	8	8	5	10	6	
4	9	2	8	8	2	2	1	6	9	
9	7	4	9	1	10	1	8	3	4	
10	5	2	4	8	8	6	1	7	4	
2	1	10	3	7	8	8	9	9	5	
4	9	6	1	10	4	8	10	4	7	
5	3	6	1	3	9	2	9	10	8	
7	6	10	2	1	6	4	9	7	5	
10	4	4	8	5	5	8	10	3	7	
9	10	5	1	5	3	9	10	6	10	
10	8	8	2	4	1	3	10	3	6	
4	8	8	10	8	2	8	6	7	7	
9	5	2	8	1	7	4	2	2	8	
3	7	3	8	7	6	4	6	6	2	
4	1	3	4	5	5	6	10	2	3	
8	7	2	1	1	8	4	10	2	8	
7	3	5	7	5	6	10	8	2	6	
3	7	9	5	2	9	3	4	6	6	
1	7	6	4	9	5	6	4	10	2	
5	4	4	3	2	3	10	3	2	3	
6	8	6	4	8	5	6	10	6	10	
10	8	7	7	2	10	7	2	3	6	
3	9	7	8	7	1	1	5	1	1	
1	4	6	6	3	1	10	6	8	9	
8	6	9	9	1	10	8	6	5	5	
10	4	2	5	9	2	5	2	8	4	
10	8	6	10	2	6	7	1	2	9	
7	6	10	2	3	10	9	5	9	5	
9	9	3	3	9	8	10	10	3	9	
6	8	4	7	1	5	9	5	7	3	
7	7	4	3	4	10	10	4	2	7	
9	1	6	3	8	5	9	6	7	10	
2	4	2	7	9	8	5	3	6	3	
4	1	6	2	9	3	3	1	4	6	
10	2	9	1	6	1	9	1	2	6	
2	8	5	7	2	1	10	1	8	6	
10	4	3	3	1	4	3	9	8	7	
5	10	6	7	3	9	2	6	3	9	
6	7	4	8	6	6	8	2	3	8	
6	3	9	6	6	10	2	2	8	9	
10	4	10	8	5	3	4	9	10	7	
3	8	10	8	7	8	3	2	3	4	
8	5	1	8	10	6	10	5	2	1	
1	4	5	2	5	10	1	7	5	6	
5	8	7	4	2	10	7	7	2	3	
2	1	8	7	6	3	6	6	9	2	
8	7	1	1	9	7	6	2	10	1	
4	2	2	7	6	9	7	8	5	4	
1	3	9	5	2	9	9	2	10	7	
10	1	8	8	5	4	5	10	9	4	
6	1	2	6	7	4	4	10	9	2	
9	3	6	9	1	4	5	4	3	7	
6	6	8	10	4	5	10	9	2	2	
6	2	7	10	7	6	9	5	10	5	
6	5	2	2	2	6	8	7	8	1	
9	9	2	7	3	4	1	3	6	7	
3	8	2	1	3	4	3	8	2	8	
3	10	1	6	5	7	4	3	2	5	
2	2	6	9	6	5	2	7	5	10	
9	7	7	10	4	1	2	7	4	7	
4	5	6	7	1	1	8	9	3	3	
10	4	2	6	9	7	3	5	5	1	
5	7	5	8	3	9	2	5	1	4	
4	9	2	5	9	1	3	6	4	2	
6	10	10	7	10	5	6	4	1	1	
3	3	9	10	3	7	6	8	3	9	
7	3	4	10	1	6	5	2	3	3	
9	8	2	5	1	9	7	1	6	10	
3	10	8	9	1	5	3	8	5	4	
2	4	10	9	5	10	10	7	2	3	
9	9	10	1	4	6	3	10	3	10	
6	9	4	2	7	10	3	1	1	2	
8	2	4	7	8	7	7	3	2	9	
7	5	1	5	7	9	2	7	3	2	
1	3	7	2	3	3	4	5	1	9	
6	7	5	5	9	5	3	2	6	8	
3	2	7	6	9	10	7	2	8	7	
6	4	2	7	9	3	7	3	1	7	
7	3	7	5	3	8	1	3	4	7	
7	10	7	5	8	7	1	5	2	7	
6	9	4	6	10	6	9	6	7	5	
10	3	1	5	6	6	8	4	3	9	
6	7	9	8	2	2	3	1	4	6	
10	10	2	10	5	8	2	9	4	8	
2	6	10	3	5	2	8	2	1	7	
7	7	3	6	4	7	5	1	4	7	
4	4	10	6	8	6	9	4	9	6	
4	1	3	6	2	9	4	6	9	8	
8	1	3	5	4	3	3	1	5	3	
10	5	5	8	8	1	5	9	1	2	
6	8	3	2	3	7	4	4	8	4	
5	6	4	6	8	4	4	1	10	7	
9	4	6	10	5	8	10	3	8	3	
5	6	8	10	10	6	2	5	9	4	
4	1	1	6	10	10	1	3	7	2	

Stepup times between family, where [f][f] represents initial setup time
On machine	1
8	19	31	14	9	6	43	44	16	23	17	47	36	26	23	13	1	3	14	50	13	38	24	29	17	24	45	29	18	18	25	46	49	20	10	14	46	19	50	34	
44	6	17	24	41	18	12	34	26	28	34	24	12	42	17	34	48	19	25	10	16	10	29	4	10	36	47	43	21	26	10	27	19	6	32	34	21	30	34	5	
16	37	31	46	25	19	38	33	3	27	50	21	20	30	12	3	38	37	32	34	20	42	2	42	23	42	1	9	34	1	1	36	28	5	16	4	26	2	40	30	
44	45	39	48	2	29	34	40	48	15	5	10	39	42	13	7	22	44	35	8	42	22	40	8	39	4	36	45	16	22	28	28	48	46	3	31	25	42	26	31	
33	36	46	43	15	22	44	26	18	26	34	41	1	27	8	45	4	4	25	18	40	23	5	32	48	3	9	4	33	12	7	1	41	31	26	14	37	1	4	32	
43	5	13	27	33	20	48	39	17	15	47	37	41	23	31	6	30	44	32	40	42	6	43	6	23	36	5	10	37	30	28	33	15	33	4	18	25	31	50	7	
11	6	26	45	9	29	27	25	18	4	35	36	5	5	13	21	27	45	43	7	42	2	19	50	48	12	20	25	32	27	16	12	25	27	26	5	32	43	9	8	
7	19	24	14	44	6	25	41	9	12	11	32	49	34	27	38	22	35	22	39	33	32	13	23	15	11	21	42	47	27	18	46	37	19	40	41	13	47	6	19	
47	31	36	35	10	6	15	16	23	28	38	6	20	4	22	27	7	13	22	19	10	3	49	42	25	15	45	33	3	49	44	21	47	46	26	43	47	6	45	8	
35	15	36	20	16	17	18	35	12	47	49	15	49	17	40	44	37	44	41	41	40	34	19	30	12	10	7	40	34	2	3	39	12	23	10	17	32	33	28	4	
35	13	31	39	32	9	1	39	46	35	3	35	48	27	1	2	28	9	37	16	26	43	5	14	6	26	33	30	18	49	5	22	21	39	20	32	47	10	40	1	
29	30	35	14	24	21	35	35	25	9	34	20	2	14	34	18	3	36	33	10	4	15	20	5	40	9	32	23	26	9	47	43	30	20	17	45	29	9	4	31	
44	28	17	41	24	9	12	26	43	36	12	11	42	6	33	37	11	35	15	13	1	16	27	49	11	4	6	39	30	23	21	34	15	9	13	30	34	27	2	33	
11	13	29	49	27	35	41	40	38	21	8	43	38	4	12	24	47	2	31	42	45	44	1	28	37	45	29	29	49	17	25	3	37	30	16	45	22	33	24	35	
3	19	23	10	39	37	3	50	20	19	40	6	29	18	45	43	10	2	34	9	35	26	38	25	5	26	1	36	39	16	19	16	49	34	33	38	23	33	13	8	
18	3	11	13	39	32	14	41	30	27	28	26	8	9	31	16	27	23	7	4	34	8	10	9	33	32	11	48	43	31	11	20	13	26	46	36	41	26	31	8	
6	37	49	22	19	1	24	12	41	40	36	6	5	1	8	9	38	14	28	4	36	33	14	18	13	40	43	30	15	19	5	20	31	36	23	19	50	26	17	23	
36	39	9	26	22	36	45	11	37	26	43	28	16	23	44	35	34	35	35	25	43	18	10	26	16	19	18	16	2	19	1	48	30	4	19	11	25	37	26	45	
48	49	30	18	47	17	25	5	20	20	28	20	16	42	23	4	18	45	34	17	47	32	18	19	34	5	41	21	1	42	16	34	43	49	8	35	42	5	13	12	
46	22	23	3	4	30	24	28	37	28	39	22	14	11	29	46	29	36	1	48	36	12	18	41	33	3	14	35	21	2	47	43	21	7	26	14	3	10	24	36	
43	26	30	40	45	2	36	18	31	12	47	44	27	44	16	28	12	40	1	33	24	39	43	25	28	27	40	43	46	42	18	19	16	8	13	41	28	36	8	25	
16	24	26	7	16	43	43	2	12	29	11	39	23	42	15	11	10	46	2	29	39	34	26	44	28	33	44	25	1	27	27	26	24	43	49	25	49	4	19	7	
9	13	39	45	1	32	3	37	38	46	5	44	14	12	33	9	20	47	31	39	38	48	47	29	40	36	46	49	3	33	36	11	24	2	46	46	23	10	14	24	
33	37	11	34	14	13	21	31	3	30	47	3	19	39	11	21	17	4	22	3	34	44	4	3	7	37	16	23	2	19	4	19	5	46	17	15	5	3	11	4	
4	16	23	39	18	19	22	21	39	2	6	30	2	40	20	14	12	49	32	6	42	18	33	41	35	4	43	22	38	42	5	32	21	12	18	3	27	15	43	29	
38	14	8	31	13	9	15	11	25	47	34	10	3	27	18	22	43	13	19	50	26	49	16	33	33	28	35	45	19	10	49	45	23	5	41	49	45	36	33	45	
47	12	6	35	8	34	41	17	18	31	10	10	38	34	24	8	46	22	29	5	12	43	10	14	35	6	30	9	22	30	44	30	25	13	26	27	44	28	24	48	
12	15	14	48	14	36	5	43	5	3	41	32	47	43	44	48	3	12	20	34	24	42	17	40	10	35	36	30	40	25	9	26	26	39	35	4	33	12	7	8	
11	23	46	37	44	40	41	16	34	26	24	12	30	2	41	23	31	27	27	20	30	20	28	40	1	42	3	43	18	8	17	16	49	39	37	22	1	43	35	45	
44	28	30	24	24	22	22	45	8	30	27	12	48	14	27	22	31	30	40	3	2	14	13	39	21	2	36	31	7	7	7	9	36	18	40	7	50	22	31	25	
39	33	26	18	12	47	22	33	20	43	6	36	23	10	32	22	19	13	1	14	29	18	31	40	30	2	42	1	46	30	3	28	49	43	6	10	42	50	12	8	
14	50	46	15	16	15	50	13	6	16	6	27	42	14	34	1	28	25	12	12	19	28	3	43	31	5	38	37	5	20	10	10	18	38	30	40	38	31	32	49	
38	48	17	18	27	41	41	7	19	10	50	11	31	40	23	33	20	4	44	30	6	41	8	41	11	35	30	10	8	32	45	24	37	15	30	2	28	16	32	15	
14	49	26	18	44	13	19	27	8	7	10	37	30	7	38	33	26	47	50	34	23	13	25	5	30	16	46	30	14	22	11	27	41	16	7	22	22	20	50	44	
5	19	25	33	10	5	50	11	4	45	27	8	7	24	26	28	46	16	40	13	39	45	47	7	36	43	30	27	30	45	29	41	11	38	28	40	47	33	26	23	
6	18	42	10	10	17	47	47	49	46	28	42	23	39	14	39	26	38	18	12	37	2	15	31	13	43	50	16	46	1	13	30	28	25	8	29	6	31	16	15	
31	41	33	13	43	12	43	20	47	7	12	27	47	30	43	6	27	42	7	18	48	14	49	35	28	23	20	44	35	49	50	17	4	35	41	36	35	43	13	49	
11	19	24	10	46	3	8	16	44	42	29	24	15	11	4	12	28	45	20	43	7	19	11	9	23	26	21	18	44	14	49	39	44	12	47	19	4	47	30	16	
36	41	20	37	6	20	3	40	5	40	39	14	28	38	13	22	16	31	18	28	8	33	11	21	5	1	38	17	9	31	47	29	13	28	4	16	35	11	26	21	
13	49	33	30	6	36	10	49	18	18	27	21	31	10	2	8	7	41	43	22	37	6	12	18	47	29	22	15	4	35	42	45	7	6	50	48	25	24	36	13	
On machine	2
2	4	46	23	50	8	50	8	30	38	23	49	5	29	25	19	48	43	5	48	41	6	3	26	5	7	2	43	42	34	29	11	46	34	43	17	19	13	22	2	
27	2	24	28	2	27	50	14	22	37	27	27	43	27	4	49	49	22	2	35	38	35	9	42	5	27	28	22	27	28	28	50	35	46	45	22	19	35	50	45	
6	37	9	30	4	28	16	10	16	2	46	21	38	21	23	14	50	12	38	38	5	13	40	22	49	2	42	5	27	48	6	19	12	26	12	42	18	21	35	48	
8	37	11	7	3	14	23	24	23	8	23	41	21	18	47	49	36	25	32	14	16	46	5	45	9	34	40	15	39	17	21	43	48	27	2	44	37	2	15	29	
46	29	34	14	34	37	48	31	29	36	11	3	33	34	37	11	9	39	22	12	25	3	38	26	2	31	8	28	46	35	47	13	48	3	48	46	6	49	30	46	
23	38	33	23	32	34	34	4	47	6	34	36	9	33	1	27	47	23	15	45	30	1	36	5	49	24	36	21	40	48	40	13	4	10	50	35	47	32	39	7	
22	10	7	18	20	12	7	23	20	45	9	25	5	38	42	27	31	10	40	20	49	38	12	25	5	41	32	25	8	40	27	5	16	36	38	44	18	13	14	21	
8	29	32	48	18	18	50	14	6	13	32	2	47	48	31	3	35	18	21	48	40	21	32	1	4	36	23	26	46	18	29	12	35	7	44	38	30	29	19	5	
41	34	6	37	46	35	44	44	28	44	28	18	38	7	11	46	46	20	42	22	43	29	11	49	34	16	26	35	14	18	31	14	40	37	37	12	32	12	33	28	
2	34	36	44	22	26	36	30	25	41	9	1	2	42	48	32	11	22	4	28	41	30	10	25	46	26	29	16	7	36	34	28	35	37	40	7	2	15	35	3	
43	8	7	38	32	40	22	50	19	17	49	1	26	36	23	3	14	38	37	10	49	3	16	22	40	34	30	8	4	38	16	47	5	1	33	40	8	25	26	31	
40	32	44	23	16	26	21	41	7	14	25	47	29	26	49	29	38	15	40	8	3	39	21	39	50	11	49	2	50	32	32	46	23	48	7	25	41	48	21	26	
38	38	29	50	17	3	39	2	13	12	11	47	39	12	19	24	1	49	15	33	12	48	50	24	28	27	5	7	50	11	8	10	46	17	40	6	22	48	9	33	
47	30	28	37	18	15	38	23	27	25	50	41	40	30	6	5	11	24	19	4	50	21	43	14	20	18	16	37	6	43	22	21	28	15	17	40	26	41	27	49	
27	17	4	12	8	42	16	35	21	24	26	27	23	1	16	44	44	44	43	47	31	24	16	15	2	46	31	36	48	26	28	17	32	14	25	39	9	17	50	33	
35	21	33	49	48	41	23	37	30	6	49	37	48	3	17	36	5	31	22	39	4	50	40	23	40	20	21	10	2	6	12	6	9	35	30	16	23	18	40	3	
19	8	38	10	3	34	21	17	19	32	26	24	4	11	34	46	6	46	16	44	5	20	6	36	35	4	6	12	28	42	34	40	5	39	11	7	5	29	17	27	
38	15	9	50	11	32	38	33	28	41	4	10	3	10	40	30	17	21	12	23	14	12	5	33	21	46	34	31	12	34	33	1	47	28	8	15	31	46	8	8	
39	20	6	10	50	7	29	9	49	15	20	21	8	11	25	48	22	14	35	26	4	15	2	10	8	10	22	10	43	44	22	7	21	31	45	42	24	34	36	17	
8	2	19	12	1	40	16	36	22	23	29	4	4	11	7	43	26	1	28	2	49	16	37	24	34	13	40	9	12	24	28	45	39	30	6	11	18	6	48	38	
22	24	9	38	35	15	29	25	47	28	9	13	12	38	41	35	1	33	40	48	40	19	3	44	9	9	6	27	14	39	6	24	38	10	2	42	47	26	41	44	
30	25	48	33	18	8	36	7	25	23	15	31	4	7	35	10	28	47	32	8	49	26	27	30	48	44	43	3	10	47	38	35	31	5	19	28	48	15	26	17	
3	40	17	23	25	45	18	49	28	28	3	18	23	40	34	27	5	35	50	2	23	21	44	43	47	16	49	29	48	39	4	17	50	50	44	45	32	47	21	17	
16	38	5	35	39	39	44	3	26	10	4	37	40	27	31	44	29	1	50	31	24	31	49	47	48	29	35	43	2	20	11	35	39	28	21	5	18	6	44	10	
10	18	13	24	41	41	23	47	14	3	42	31	28	44	8	1	15	27	47	20	23	39	43	48	24	38	5	3	14	28	6	44	23	4	36	22	15	37	5	46	
11	47	16	29	48	29	9	46	31	49	35	42	32	1	16	10	32	36	20	22	33	34	41	46	25	12	47	19	12	15	28	36	29	24	50	8	45	44	41	16	
10	49	45	36	30	33	6	30	15	4	5	46	47	11	17	38	9	38	11	31	7	14	1	25	8	49	26	18	8	45	24	38	14	5	29	5	9	46	29	38	
19	6	37	23	20	45	26	33	1	14	21	18	36	12	17	28	42	19	29	50	40	12	35	20	31	40	46	18	11	43	21	41	50	48	30	36	11	3	43	5	
42	50	23	25	4	45	24	27	32	20	24	18	24	17	43	34	6	3	7	8	20	27	5	15	37	23	32	9	1	27	26	50	35	6	24	38	35	6	37	27	
45	16	14	1	46	2	50	8	26	9	4	49	3	25	29	40	28	27	29	1	11	44	35	17	7	48	3	40	15	22	2	4	9	18	32	48	10	50	6	8	
17	41	43	2	46	25	20	16	30	1	21	42	1	39	5	7	48	28	32	47	38	12	41	10	14	14	12	8	39	41	15	44	2	41	10	38	7	45	18	47	
34	36	43	43	36	5	6	6	19	10	9	43	32	16	20	47	7	30	47	27	44	20	2	31	19	2	22	12	13	39	34	47	9	47	12	1	27	18	15	27	
16	50	8	24	42	23	28	25	41	32	16	9	2	26	24	5	21	50	47	11	7	31	22	49	26	12	36	24	29	39	27	46	31	7	36	19	31	42	50	15	
25	23	42	45	20	1	2	9	3	39	26	37	38	39	26	1	26	14	3	46	40	42	5	1	10	26	49	20	48	15	44	19	23	3	44	19	38	16	17	37	
39	27	12	8	21	26	32	1	35	42	49	44	25	45	27	27	3	48	39	9	24	38	43	25	29	39	31	32	42	30	37	38	8	50	17	20	38	17	49	45	
18	21	38	24	14	28	21	16	48	42	11	16	25	38	13	29	2	41	32	45	29	21	21	20	39	8	13	25	6	5	21	23	49	19	46	33	47	25	2	3	
34	50	45	21	14	20	24	49	18	44	25	13	18	49	39	17	47	3	1	49	44	4	4	4	22	22	24	17	30	11	50	15	21	33	49	33	6	19	16	34	
19	47	34	25	37	37	13	26	41	34	23	37	32	6	15	28	12	48	39	23	40	14	12	2	43	12	40	6	4	23	23	44	14	35	10	20	40	49	22	18	
46	25	50	32	48	44	19	4	17	13	18	19	2	36	8	2	15	5	3	17	7	7	21	33	42	15	25	7	35	10	5	6	12	3	7	22	7	34	26	37	
32	8	47	6	8	44	28	22	47	42	41	22	2	16	22	16	23	28	15	28	4	33	49	48	48	50	23	50	12	32	38	35	15	45	48	35	6	6	32	11	
On machine	3
17	25	35	4	26	13	29	17	50	50	13	24	19	10	29	9	48	9	26	21	22	49	49	16	17	5	20	47	37	10	24	25	9	45	10	7	21	36	8	34	
1	7	11	44	8	24	9	42	34	31	15	39	23	9	18	40	18	50	43	15	5	37	28	30	40	6	21	42	35	26	25	14	20	12	18	36	43	31	21	31	
10	24	32	22	2	16	40	30	37	11	48	18	21	6	2	21	33	4	2	18	10	39	27	45	24	48	42	28	41	3	20	50	32	19	11	12	6	5	36	41	
28	10	46	8	38	34	37	17	8	46	1	40	42	13	27	29	30	39	43	31	24	19	23	2	22	23	19	8	2	38	8	27	34	10	42	17	9	21	5	31	
22	12	30	6	5	5	2	24	38	24	13	24	23	15	9	27	50	14	22	7	26	36	10	43	28	25	38	1	6	25	45	41	48	46	31	5	40	14	18	34	
19	41	10	28	16	26	49	1	12	45	39	31	16	27	46	15	13	37	48	35	33	10	22	12	17	37	17	4	49	47	9	5	14	26	10	20	18	28	23	9	
27	1	21	47	4	48	13	12	24	44	50	35	10	35	28	15	40	22	34	38	10	47	41	15	19	12	15	47	20	22	46	18	45	3	6	35	32	29	33	13	
44	34	1	7	13	36	2	42	29	45	50	29	46	1	2	26	9	13	4	37	26	41	28	41	40	50	19	15	49	48	29	29	35	2	26	27	24	45	39	38	
30	27	41	12	49	34	16	36	24	17	49	22	1	4	4	16	45	32	10	44	9	26	29	45	20	32	45	29	9	8	43	23	15	9	49	30	9	32	31	40	
44	12	32	30	47	17	2	8	9	26	7	49	20	27	5	31	12	41	1	32	2	27	14	38	11	9	49	39	15	32	17	23	11	8	40	39	17	49	18	8	
44	11	30	17	13	17	1	46	35	11	43	1	1	2	37	43	44	15	47	29	32	48	45	9	5	3	32	10	8	25	17	39	2	48	29	47	7	28	34	5	
11	28	18	47	26	42	36	15	37	7	12	4	27	3	31	30	23	23	6	24	19	11	10	49	30	42	16	31	7	50	39	6	12	30	16	12	25	9	24	45	
38	5	16	2	6	44	26	1	42	8	37	29	46	6	25	25	14	38	19	21	30	42	6	26	32	3	1	29	33	50	42	1	19	23	29	46	10	36	5	26	
42	33	13	12	23	32	48	6	43	7	41	25	32	11	34	10	49	10	13	1	48	48	38	30	28	23	20	8	10	15	31	40	16	10	44	42	28	38	36	15	
42	46	34	4	23	50	26	14	32	34	33	11	9	43	49	28	21	11	2	31	21	13	16	14	33	34	19	22	20	39	34	4	9	39	31	47	22	19	50	14	
49	16	48	7	6	25	18	9	48	14	44	27	29	28	3	50	7	28	42	23	43	43	30	39	19	29	47	40	37	13	34	12	17	45	43	13	9	14	36	13	
42	22	49	3	36	42	12	24	19	43	44	32	45	2	15	19	47	25	22	49	15	48	25	46	42	35	46	42	41	25	26	23	6	29	30	10	37	14	21	10	
25	3	27	49	11	14	1	42	30	40	35	29	31	5	30	39	10	2	32	7	14	33	45	7	7	33	44	40	36	15	16	8	22	4	4	20	12	32	38	13	
38	15	42	10	2	11	9	33	30	32	18	28	13	49	25	35	35	28	44	5	20	14	26	7	47	46	14	24	46	16	4	19	19	13	8	7	37	16	37	9	
50	16	19	12	41	12	22	32	5	44	24	7	13	39	9	33	20	1	22	38	14	30	47	13	48	20	39	2	5	28	33	46	21	6	28	2	49	44	11	25	
17	15	41	8	1	20	11	7	50	12	26	21	50	49	20	16	4	48	43	34	34	13	32	28	1	29	42	39	9	8	4	43	27	24	19	38	42	3	28	5	
28	11	34	8	4	38	21	24	11	11	38	23	16	2	21	23	38	41	49	35	2	46	46	38	19	8	48	45	14	4	4	34	30	25	10	16	46	23	36	27	
47	15	21	50	20	34	31	1	37	10	49	26	16	2	21	41	45	26	21	4	2	21	7	9	33	43	23	12	7	30	40	18	28	34	44	22	8	12	34	26	
24	11	31	50	40	49	36	40	28	1	41	21	48	19	45	5	6	30	19	39	45	10	36	31	9	11	1	3	32	45	9	3	19	1	38	42	28	10	50	49	
28	45	36	34	33	20	21	8	45	2	17	34	23	45	35	30	4	47	41	17	6	47	10	21	37	17	14	16	31	17	2	27	32	15	5	43	36	24	32	17	
29	13	21	1	40	22	43	37	18	40	25	49	27	33	16	47	11	42	16	48	11	17	30	11	18	17	16	22	18	48	18	35	5	50	45	2	46	35	20	45	
49	5	4	8	41	15	13	17	38	31	24	29	25	27	6	41	22	14	4	21	13	22	48	19	38	30	48	21	25	4	19	3	48	27	39	20	22	18	35	49	
13	20	1	6	8	23	47	6	42	44	30	44	13	45	30	14	15	49	44	34	23	46	3	26	45	22	5	32	14	48	35	11	50	36	11	28	33	30	43	32	
12	41	18	45	39	9	47	24	47	6	3	40	50	48	21	18	36	20	36	28	7	25	36	4	19	36	15	48	1	2	41	40	50	29	38	50	31	23	26	30	
13	1	11	17	14	2	14	32	20	10	40	44	12	15	36	36	35	16	7	49	18	4	22	47	18	19	42	22	12	9	47	23	38	18	40	30	26	47	11	1	
6	12	1	29	6	25	16	15	40	41	27	29	23	36	47	19	30	37	5	23	6	50	19	45	36	38	13	21	50	42	18	39	4	4	50	30	37	31	17	23	
1	40	2	2	24	29	23	37	34	19	2	8	15	50	19	14	45	15	17	2	11	7	32	46	8	14	44	23	29	30	13	14	16	14	35	48	23	2	26	22	
17	27	31	2	3	9	45	4	18	19	22	5	38	32	36	7	44	34	48	9	50	45	25	49	3	2	22	7	7	48	22	39	33	9	41	47	15	48	19	12	
35	37	23	8	35	40	6	41	38	20	23	44	44	32	36	6	33	37	43	28	31	34	28	16	1	18	22	25	8	9	18	38	24	4	22	15	7	44	1	48	
21	20	45	30	27	41	10	8	48	45	3	17	25	8	18	19	20	21	38	39	6	8	7	5	44	41	18	44	14	43	17	16	41	3	2	15	18	28	31	10	
27	47	37	46	48	3	5	41	25	22	21	13	24	3	35	49	38	3	3	40	12	25	48	6	38	25	35	40	16	17	18	16	40	16	39	3	21	11	36	24	
35	43	2	32	13	48	8	41	42	3	26	20	40	24	41	3	29	10	47	7	8	33	24	50	47	10	15	4	34	17	20	20	31	7	17	30	50	6	32	17	
30	48	21	26	43	3	46	20	14	41	25	35	38	11	15	18	1	21	28	25	27	7	15	35	24	26	21	8	37	3	11	31	25	29	22	35	34	22	30	22	
6	11	15	2	47	24	31	36	31	47	14	15	4	3	20	26	36	17	27	25	41	13	16	45	1	21	38	17	14	11	16	25	49	34	38	47	2	11	10	48	
32	3	50	23	15	47	22	43	24	29	35	13	39	42	50	31	21	45	34	45	33	40	48	2	26	13	10	33	25	40	22	10	44	21	44	27	22	18	26	8	
On machine	4
34	10	49	13	5	7	4	9	6	28	35	35	13	19	34	43	24	48	3	34	25	5	42	6	25	39	24	2	17	26	8	4	29	42	36	21	6	27	3	17	
25	8	46	46	23	27	14	34	38	3	1	24	21	27	26	45	33	36	35	8	36	25	16	7	35	43	37	26	26	33	25	7	20	43	26	30	3	39	45	18	
17	49	28	44	21	23	43	21	32	18	47	43	34	30	12	44	11	45	36	40	42	47	38	27	31	11	29	30	40	22	13	14	2	5	30	47	27	41	43	40	
30	13	10	39	23	36	20	40	50	46	33	21	44	14	39	43	26	6	31	40	15	33	50	48	39	22	2	39	18	41	18	22	47	8	6	49	6	4	13	44	
37	18	10	13	21	13	40	36	40	6	12	49	16	13	22	23	11	15	15	10	39	31	26	12	23	43	37	49	3	36	9	3	23	41	19	22	34	27	34	6	
33	28	29	13	34	3	30	26	49	31	42	41	2	15	32	27	24	14	13	7	26	45	12	50	3	14	7	30	13	8	47	33	2	4	38	10	42	14	19	9	
32	17	31	2	14	24	5	46	25	38	48	36	45	47	11	45	3	4	13	13	3	38	20	42	50	44	21	1	5	33	46	27	16	27	24	32	20	5	47	32	
29	31	1	50	21	20	20	31	3	22	47	4	19	20	50	1	30	2	43	5	17	50	19	23	32	25	40	43	28	35	39	8	48	26	19	31	42	45	41	1	
34	10	49	3	33	4	47	14	46	9	1	30	42	22	14	40	40	32	31	40	33	22	1	41	40	46	16	44	19	27	45	34	1	30	19	21	6	3	31	28	
9	5	25	37	33	28	46	49	18	40	12	30	26	10	19	37	6	21	13	50	39	37	7	49	46	48	42	13	28	6	21	15	15	33	4	10	48	19	5	10	
35	35	50	34	42	5	35	4	40	41	12	26	15	22	8	50	4	7	42	29	50	39	47	36	37	38	34	22	14	12	5	24	16	6	18	3	45	13	8	3	
17	25	33	4	13	12	1	31	11	40	17	38	29	40	36	18	17	35	36	37	30	11	17	8	37	46	14	27	41	4	25	28	34	50	22	37	47	34	10	33	
41	11	45	45	8	6	20	2	40	40	37	29	41	25	42	41	12	23	5	36	48	13	43	5	36	16	46	26	49	41	15	46	18	40	40	18	33	16	50	42	
18	34	46	32	15	35	42	46	17	23	49	2	46	15	23	21	24	19	12	1	28	24	3	38	3	37	8	10	30	16	34	3	50	47	25	50	11	32	1	7	
34	23	6	39	20	49	3	39	22	18	8	20	7	45	14	2	39	35	4	50	21	2	50	23	11	32	45	4	49	48	3	45	48	9	31	48	12	5	24	20	
3	8	16	42	24	30	50	11	41	35	29	50	12	37	7	9	42	32	46	30	49	40	36	44	31	15	38	12	48	47	16	50	15	42	25	34	48	27	12	41	
10	31	25	49	28	7	17	35	47	46	37	21	7	22	32	5	14	4	26	26	38	19	48	39	50	1	8	15	45	42	5	39	3	26	42	31	22	6	31	23	
35	11	42	26	25	36	14	42	38	47	15	21	35	44	22	14	38	36	37	49	43	27	16	23	16	10	24	23	45	2	42	7	15	7	4	10	30	24	43	44	
12	37	48	2	27	25	22	46	19	3	33	30	34	30	45	47	43	13	42	24	9	14	25	40	11	17	33	36	36	3	5	36	48	2	23	4	4	26	39	33	
28	14	33	1	16	40	24	4	45	14	43	25	45	10	12	48	45	46	50	19	12	17	47	43	45	21	35	40	25	44	3	23	38	40	1	32	47	20	37	31	
32	33	49	48	20	7	9	10	46	23	43	12	13	29	32	50	2	6	36	41	26	15	40	10	25	29	9	36	49	17	4	24	45	21	43	8	6	33	43	8	
10	12	10	23	28	13	16	15	13	38	20	30	2	46	28	9	27	17	33	13	6	24	16	47	41	16	5	11	21	4	45	6	42	8	39	34	25	20	7	29	
8	12	9	2	35	9	20	32	32	34	23	41	7	37	24	29	45	47	26	17	20	38	2	28	46	8	24	1	34	45	20	41	45	18	33	24	6	13	26	48	
23	7	17	46	23	13	36	42	6	21	18	24	22	29	47	26	41	33	6	42	43	31	26	1	49	7	35	23	46	35	22	7	48	19	32	33	30	15	23	36	
1	47	40	4	19	15	16	3	1	23	49	26	1	21	5	24	42	43	20	17	33	13	5	41	38	8	11	2	26	17	28	21	46	8	44	14	29	2	25	11	
29	30	12	10	16	6	10	33	13	45	15	14	43	17	41	29	18	21	48	16	50	17	4	28	26	14	19	10	41	40	42	25	23	21	3	9	6	27	33	10	
1	31	13	16	30	43	2	9	34	32	47	16	20	49	16	35	21	34	28	26	16	6	21	21	16	15	27	22	14	21	24	28	35	33	10	3	49	40	36	40	
42	28	25	34	31	19	50	46	6	10	2	44	9	9	4	46	30	30	37	10	44	25	13	43	2	6	37	12	1	39	29	1	6	9	37	41	39	49	10	30	
7	7	4	36	32	48	31	36	9	22	14	3	22	48	4	44	43	22	47	27	36	34	35	8	4	16	36	40	29	18	21	46	35	5	3	1	18	47	15	9	
13	18	47	9	43	4	20	36	44	47	2	27	12	28	42	43	45	38	46	21	49	31	19	37	12	22	9	50	7	31	44	24	41	39	31	38	22	45	45	5	
14	27	29	38	41	40	47	10	18	15	46	41	3	25	2	21	27	37	21	49	46	23	12	30	37	3	42	19	11	35	40	31	29	41	41	43	50	39	2	49	
19	13	22	16	12	31	16	14	9	35	22	4	17	23	10	21	2	38	37	42	41	27	36	34	15	7	45	34	39	22	7	17	3	6	41	3	9	46	30	40	
12	30	43	43	24	5	12	17	29	42	33	47	16	6	24	2	49	38	7	46	36	30	10	5	13	24	19	39	20	30	41	35	38	49	31	27	13	49	4	1	
17	11	41	19	11	1	7	11	26	38	44	41	3	35	25	47	30	39	36	44	38	18	18	29	2	12	13	25	36	5	9	23	35	6	45	31	31	17	40	1	
40	23	7	3	45	31	46	6	42	15	43	28	31	3	18	18	49	12	11	4	7	12	45	32	16	43	37	13	47	42	16	50	7	11	3	43	19	48	19	7	
5	1	32	14	35	10	15	18	29	15	17	27	40	16	14	10	28	29	12	44	12	40	7	39	48	23	48	48	1	43	40	3	8	12	31	50	5	4	12	1	
50	42	26	17	24	34	8	37	50	7	41	25	50	35	37	31	28	13	16	27	36	34	38	17	25	47	23	10	11	12	5	33	40	9	37	8	11	22	49	4	
32	45	34	2	20	23	17	8	33	2	10	34	11	1	10	46	14	30	1	44	28	10	22	35	36	35	37	10	30	3	27	24	42	14	18	14	49	10	42	43	
33	13	5	45	13	9	30	44	3	23	50	1	47	12	1	7	20	8	27	26	31	1	43	39	30	37	30	35	38	34	2	50	18	9	39	21	4	5	38	16	
19	50	23	21	38	50	9	43	33	42	19	4	35	47	41	42	22	15	38	50	40	17	21	39	49	42	29	43	30	41	50	44	29	8	11	14	43	41	17	42	
On machine	5
6	30	40	1	24	37	2	13	35	34	47	34	5	28	47	11	3	19	30	24	12	4	37	35	6	3	5	22	36	36	46	39	23	5	26	5	28	22	45	50	
1	21	39	42	46	14	35	46	39	27	24	23	14	38	19	1	20	40	39	14	17	50	21	11	20	46	40	37	3	16	32	19	16	19	24	49	7	6	12	39	
35	26	26	46	50	30	42	6	19	9	40	9	48	43	37	46	33	26	44	16	19	43	14	32	22	30	34	46	40	20	38	27	32	3	36	12	9	18	14	47	
17	27	34	36	25	34	24	38	25	15	35	12	13	1	29	44	28	17	39	33	45	7	2	6	45	30	7	30	29	31	11	17	45	19	49	11	34	43	50	33	
15	8	32	39	11	48	49	10	43	24	19	49	17	46	14	27	6	5	2	16	24	3	39	5	28	2	42	3	9	40	49	30	26	16	3	40	25	47	47	28	
6	22	41	41	50	33	16	11	5	17	17	19	26	19	27	50	27	39	28	47	30	22	27	10	13	46	14	32	46	21	8	20	47	50	30	13	18	27	27	32	
17	34	19	25	25	40	41	28	47	18	40	47	32	23	12	42	10	37	1	49	19	6	33	41	20	27	32	30	42	45	20	2	15	19	32	20	22	48	10	38	
2	26	27	35	24	14	46	27	27	34	44	31	29	2	3	32	29	30	6	25	17	28	45	17	38	9	28	28	23	16	42	28	33	11	29	13	37	17	10	23	
50	35	23	17	5	29	20	37	1	20	22	42	21	46	46	3	16	43	12	16	32	23	45	27	42	50	32	3	41	27	30	32	41	11	2	38	18	31	14	28	
18	42	3	44	40	33	46	45	7	44	9	19	17	8	43	29	4	17	21	13	50	3	40	38	45	19	28	31	27	28	35	27	30	23	13	1	30	5	50	31	
28	28	22	24	46	22	23	17	42	13	35	13	21	4	41	18	40	50	44	11	22	17	41	9	16	4	43	13	33	29	40	14	14	42	27	34	47	7	31	10	
32	15	6	38	47	15	9	36	41	35	3	22	48	14	22	50	48	14	1	49	24	12	49	1	34	12	18	37	27	7	40	43	37	31	23	11	39	13	18	4	
40	3	39	27	9	30	28	2	29	10	46	21	39	16	11	14	40	22	18	31	7	14	33	18	21	24	18	27	7	39	14	32	4	34	49	20	35	28	22	15	
38	45	49	36	25	34	36	32	43	20	7	35	41	44	6	20	29	12	21	34	48	8	2	6	48	12	18	32	47	37	41	48	18	32	44	43	5	47	14	10	
14	42	8	33	45	2	38	13	24	16	11	48	21	40	50	5	19	47	38	16	43	13	16	41	49	1	7	19	48	32	43	11	21	38	23	42	36	39	39	50	
37	5	34	50	6	42	23	4	39	14	34	45	7	43	27	19	20	16	43	22	21	15	28	31	32	10	36	21	32	9	29	20	9	19	50	3	38	29	5	46	
4	49	47	21	34	15	26	32	25	36	40	30	25	32	2	50	19	31	34	7	41	10	47	6	41	13	32	31	6	7	5	39	5	11	34	50	29	42	33	2	
36	27	27	30	9	4	44	24	1	13	18	47	45	24	9	25	14	13	1	17	17	40	22	50	48	36	24	11	25	24	50	31	4	49	38	41	25	12	48	23	
42	31	43	24	21	18	46	33	10	15	44	12	2	32	21	26	39	30	27	11	50	32	25	44	41	28	47	7	48	21	40	34	17	27	49	7	18	45	38	13	
16	2	19	3	26	33	4	49	5	33	35	3	42	47	43	3	36	4	36	10	14	3	26	26	10	50	32	46	16	50	24	50	19	23	6	7	33	24	40	22	
35	30	14	29	23	41	21	48	46	16	36	42	4	27	47	40	3	30	42	11	4	34	35	12	3	40	15	40	28	23	14	41	16	13	10	50	21	16	21	47	
28	12	27	24	30	39	5	1	20	9	31	16	21	35	15	32	36	1	27	17	9	42	3	12	8	50	4	35	35	31	9	19	41	14	14	34	38	48	47	50	
6	25	2	3	26	8	33	11	30	26	8	11	45	1	22	46	7	8	3	23	46	6	38	39	46	4	21	8	47	33	4	9	8	3	37	20	45	22	45	26	
33	46	19	40	39	38	43	20	42	12	44	11	33	5	14	24	2	40	49	8	48	39	22	47	45	30	35	21	6	43	34	11	7	23	36	18	10	43	39	32	
28	24	24	29	34	33	11	43	31	36	30	50	37	27	28	21	11	38	40	50	3	42	19	22	45	21	26	3	1	20	8	21	43	41	47	36	19	50	41	15	
50	17	6	10	42	12	18	4	38	43	40	37	1	35	2	21	45	16	24	39	29	35	8	45	3	1	12	20	3	3	40	34	27	21	49	23	22	42	14	46	
44	47	16	14	1	45	7	2	44	22	26	39	24	27	43	11	40	6	43	17	27	46	26	36	19	44	43	11	48	14	15	22	23	10	35	1	48	45	17	3	
50	20	3	16	16	39	31	13	4	34	34	36	2	41	25	47	1	43	47	44	35	40	9	48	46	5	10	41	6	27	42	14	2	35	40	17	14	7	23	48	
10	37	35	12	5	49	12	19	50	12	29	8	4	48	34	1	28	26	28	13	24	39	28	49	5	19	13	27	43	20	47	9	27	5	37	30	10	20	21	6	
15	37	13	30	37	20	28	8	28	2	33	21	12	47	5	24	15	41	43	7	24	47	9	36	18	49	24	18	31	23	33	21	49	43	10	39	45	16	16	31	
29	36	21	45	13	6	6	2	36	35	27	32	2	37	15	22	40	42	17	32	25	35	18	44	36	3	49	36	50	41	42	40	12	27	6	13	33	17	31	30	
40	49	13	34	7	8	17	27	41	8	45	7	34	24	22	24	10	7	8	43	24	27	30	11	31	5	42	33	23	45	8	16	41	21	33	44	23	28	3	18	
27	15	42	4	44	18	28	5	14	43	8	19	14	23	33	19	2	41	38	12	37	8	19	31	5	43	22	29	37	6	32	50	43	6	6	4	6	29	26	14	
39	3	21	33	46	10	22	19	1	37	43	47	33	43	21	22	47	39	38	31	42	26	3	35	16	20	42	38	19	25	42	15	2	27	32	35	6	7	35	1	
6	3	29	44	22	6	47	45	44	5	6	39	20	24	27	37	42	20	3	5	32	40	45	24	22	50	41	50	26	44	24	27	39	47	22	15	3	31	4	13	
28	2	17	8	22	7	42	36	15	4	47	3	43	32	26	46	27	39	34	17	24	27	9	38	24	47	30	11	41	18	16	30	46	28	30	45	33	24	41	48	
13	40	17	49	31	10	2	8	38	4	5	28	39	1	23	45	26	35	42	33	42	35	21	23	25	10	24	29	10	5	20	1	44	30	21	38	31	43	35	47	
1	41	21	4	22	48	12	45	28	7	9	13	5	26	6	15	3	18	13	43	41	45	49	6	19	37	5	18	25	45	41	47	27	13	2	30	22	6	29	33	
25	50	17	45	18	38	48	15	9	26	44	42	18	37	27	37	46	15	7	16	34	22	7	37	19	10	14	42	35	10	1	38	14	6	19	49	33	39	43	36	
18	2	14	20	4	1	20	30	30	11	27	25	14	25	9	21	12	31	22	38	9	4	14	27	2	42	22	25	15	7	35	32	39	35	30	40	13	33	25	40	
On machine	6
26	18	25	50	4	50	12	15	15	50	26	39	48	40	13	50	1	24	29	3	44	48	25	20	17	28	26	30	48	19	10	15	4	12	48	29	12	16	35	3	
29	24	49	48	42	33	42	11	22	32	35	35	9	10	47	28	9	26	23	48	49	23	27	29	6	41	18	46	41	40	38	48	41	21	11	26	5	4	39	43	
18	4	18	35	15	39	45	20	3	47	37	31	14	49	32	10	34	37	33	3	17	6	2	50	11	47	26	4	44	35	25	34	30	6	50	42	10	33	43	30	
50	19	10	24	15	12	31	17	24	43	29	17	16	35	8	14	50	12	35	18	6	5	3	43	23	43	34	3	1	18	30	39	30	34	30	9	27	48	36	4	
14	13	23	28	14	26	2	32	39	21	20	23	8	36	9	14	12	5	26	45	8	32	41	40	9	42	23	44	11	15	46	38	22	8	45	25	38	7	28	3	
22	46	31	18	32	14	37	18	18	1	39	19	34	16	48	4	37	19	48	22	6	37	13	31	12	5	49	11	10	15	44	4	48	39	48	38	17	19	19	41	
4	29	13	1	12	22	31	13	40	32	5	8	19	38	27	25	50	19	5	1	40	14	21	50	35	20	18	25	14	21	49	34	49	40	38	21	3	22	4	16	
27	5	8	13	21	44	8	31	47	27	47	1	18	18	26	22	33	48	11	17	10	49	48	3	24	50	25	9	10	8	19	28	12	33	5	33	8	42	26	22	
27	21	3	14	24	49	37	30	13	36	5	43	16	8	19	28	1	48	12	43	28	27	47	13	47	30	8	24	43	38	43	30	30	15	41	30	44	3	5	43	
17	26	50	48	30	33	11	48	31	11	15	49	20	8	26	13	39	5	1	28	28	29	8	31	7	22	39	14	33	4	35	12	21	47	38	18	17	35	27	47	
45	13	22	15	49	32	2	12	32	25	40	16	45	46	10	27	12	36	8	34	24	34	34	9	25	33	12	34	44	19	42	36	44	34	8	10	10	3	2	37	
49	43	47	19	6	10	42	10	34	39	50	1	38	28	49	20	22	14	25	10	7	37	48	16	38	47	31	40	8	25	45	29	18	30	5	10	11	40	49	6	
16	2	14	22	7	33	1	44	18	3	2	23	1	7	27	50	19	21	15	30	21	19	47	37	5	12	35	17	19	17	38	8	23	10	45	39	24	36	11	29	
44	49	43	12	1	44	46	44	26	44	6	16	12	5	36	3	37	29	36	37	50	38	14	17	10	49	34	17	11	20	12	4	20	47	10	39	34	1	18	27	
33	2	44	13	41	48	38	24	14	22	24	23	8	28	46	31	24	5	5	24	15	13	30	25	36	3	46	27	6	15	50	31	37	42	9	37	3	32	29	15	
8	49	7	9	41	20	12	50	44	49	29	19	35	30	6	39	32	32	3	34	50	41	34	10	25	16	19	19	41	4	37	33	27	9	18	35	21	35	46	30	
12	45	14	28	43	14	47	33	15	32	11	24	19	12	21	41	42	18	8	11	48	44	12	14	25	37	26	35	29	14	44	48	14	22	29	10	7	49	8	41	
46	34	35	43	31	12	1	2	13	46	26	14	32	36	47	6	49	13	46	15	2	5	47	30	20	34	13	38	50	28	7	47	10	25	32	4	50	10	1	43	
47	29	17	6	39	34	21	7	11	40	34	39	47	34	23	15	16	34	29	6	30	44	17	12	49	40	2	34	7	12	3	8	28	24	17	9	7	15	13	22	
27	43	44	48	14	23	32	45	39	7	50	8	18	26	42	35	28	8	21	2	8	15	29	7	10	49	3	29	28	21	24	21	2	34	27	23	32	6	33	13	
34	49	9	10	47	20	22	5	16	22	31	23	7	24	6	7	21	30	36	15	8	34	36	35	7	47	25	27	37	29	36	38	19	37	6	38	5	1	3	14	
17	20	38	11	26	44	11	20	2	10	23	27	34	36	9	5	40	35	50	45	44	22	39	23	1	22	12	40	34	34	43	46	16	46	13	43	11	43	14	43	
33	44	19	46	7	28	2	34	23	23	39	12	2	25	11	14	15	15	4	14	15	31	40	19	24	44	10	38	3	26	6	13	45	46	4	48	25	42	33	30	
14	25	33	42	37	47	9	17	43	19	42	39	15	2	42	23	21	14	31	27	24	46	50	14	18	16	21	25	11	5	1	24	44	23	40	13	50	13	26	20	
24	49	37	36	6	17	47	29	26	27	20	43	26	26	3	48	9	11	7	9	17	12	2	2	14	50	46	1	31	45	15	24	7	5	40	14	37	16	26	39	
21	21	31	40	33	1	13	39	2	13	9	7	14	16	40	16	9	47	33	43	32	47	4	17	27	50	38	7	14	32	33	25	21	31	26	42	41	12	22	29	
4	39	11	31	18	19	26	24	13	39	50	48	46	31	40	26	13	13	3	3	33	49	13	18	7	13	24	37	7	42	49	8	26	37	11	21	15	6	45	35	
38	37	24	41	35	49	25	35	18	36	15	47	25	26	49	9	15	6	50	28	47	15	19	49	49	33	2	16	41	41	14	20	14	29	37	48	16	8	39	28	
24	30	27	18	6	12	27	27	46	49	11	30	11	14	48	26	6	35	45	30	45	30	34	44	42	28	5	39	22	23	34	38	50	47	21	47	33	21	33	50	
30	14	38	16	17	21	39	23	2	44	37	9	48	20	15	25	27	29	35	43	10	10	33	28	30	31	26	37	19	19	27	33	23	13	10	4	49	37	11	38	
45	15	36	35	8	34	20	36	45	1	18	38	4	12	2	11	27	4	19	1	27	25	21	18	1	5	6	34	21	43	32	41	38	19	29	21	3	19	19	15	
17	50	31	11	8	1	40	2	3	32	25	33	47	15	44	7	32	48	11	8	13	18	47	8	34	8	48	45	2	18	47	24	20	9	46	48	16	26	15	7	
18	26	45	28	50	31	25	24	16	9	40	7	10	29	46	24	24	45	1	23	12	32	20	1	34	22	10	38	40	16	21	5	47	9	16	1	7	34	4	49	
25	15	15	38	32	12	37	45	29	1	33	43	21	12	29	44	5	38	40	8	48	28	14	49	10	11	50	6	12	28	48	46	3	30	38	4	5	41	29	35	
9	23	30	42	38	44	4	29	16	12	6	29	2	30	12	24	40	40	31	38	2	17	26	46	36	15	21	44	24	26	24	17	5	11	35	12	41	37	19	49	
22	40	20	2	14	45	6	1	40	5	26	32	18	13	17	30	34	36	4	9	11	49	15	16	34	24	46	46	50	29	24	43	42	36	12	5	47	38	26	12	
37	42	2	13	8	3	11	8	22	41	40	30	49	14	49	1	34	42	45	26	47	38	13	45	20	4	27	43	33	47	48	3	9	1	21	44	38	44	20	23	
36	28	21	3	49	48	37	35	43	39	35	41	24	35	37	49	4	28	33	8	8	20	39	31	36	44	30	22	30	29	17	35	8	35	6	11	22	42	21	16	
20	38	11	39	5	28	45	38	43	13	29	6	35	5	15	41	17	47	44	36	17	21	49	10	34	6	5	40	29	46	1	35	14	8	1	20	50	23	4	18	
26	32	37	14	18	14	28	37	6	43	28	46	13	4	6	45	21	23	34	5	28	30	10	24	26	28	27	33	35	4	13	47	47	50	43	36	45	18	46	14	
On machine	7
19	49	22	26	37	24	36	14	24	50	49	9	3	5	36	14	49	9	2	43	2	13	15	38	29	50	12	22	19	13	43	38	19	45	27	38	14	27	36	1	
40	45	8	12	31	16	35	24	13	4	18	8	24	11	31	41	17	10	29	31	8	43	34	7	22	13	8	38	14	43	10	19	30	8	8	44	22	21	39	49	
15	20	18	8	14	16	21	10	21	8	5	24	39	45	36	32	49	35	45	29	39	5	9	41	30	21	16	15	29	31	49	5	22	17	46	18	49	4	37	15	
5	1	2	50	42	31	13	29	11	29	22	40	1	4	44	35	46	5	10	37	8	21	6	4	24	35	30	50	19	28	25	23	13	4	18	10	20	6	4	39	
20	12	46	2	22	5	21	17	9	50	32	7	17	14	50	49	25	49	24	42	28	50	44	46	32	50	40	21	46	45	35	12	32	32	29	43	50	18	43	7	
8	13	38	13	50	31	29	28	27	39	8	45	35	50	4	5	37	42	13	17	11	31	3	16	37	36	17	36	20	23	34	21	35	40	24	44	41	19	25	19	
38	31	31	35	34	42	23	14	50	26	28	16	4	1	41	10	21	26	25	11	12	39	19	1	14	49	17	45	1	20	17	5	47	40	42	33	20	36	43	28	
9	37	41	3	9	22	12	36	19	28	24	17	36	47	27	30	39	12	46	45	37	27	12	15	30	12	39	8	12	3	20	38	8	10	7	12	8	32	14	35	
47	1	7	49	31	44	39	7	19	34	21	21	12	45	45	10	28	6	35	16	5	48	49	25	37	8	26	8	49	49	2	28	28	1	11	15	32	6	27	49	
33	6	9	29	3	9	47	47	36	44	29	15	14	40	8	30	20	17	20	35	43	22	21	38	3	39	30	13	12	26	24	19	16	10	30	4	18	45	36	45	
40	21	9	30	45	39	10	11	45	23	26	26	28	1	47	18	1	22	22	47	40	1	47	8	12	27	17	27	18	16	46	13	33	29	38	4	1	29	9	13	
39	47	18	28	38	28	46	23	6	29	17	30	1	7	3	32	14	5	21	27	45	22	18	8	5	1	9	22	20	40	38	40	34	7	27	31	23	29	45	29	
45	26	49	29	30	38	32	43	15	8	33	34	42	11	8	44	7	28	22	13	27	47	7	13	26	47	47	10	49	8	34	21	17	26	13	30	36	17	11	29	
39	15	21	38	34	45	11	5	26	38	7	37	25	29	31	10	4	32	26	4	16	13	19	6	25	30	4	31	15	10	30	21	44	1	4	31	5	10	8	5	
12	5	14	25	37	43	5	7	29	31	42	6	5	41	9	43	24	30	30	6	17	21	30	32	9	16	46	23	49	49	18	6	10	29	32	17	2	36	27	4	
41	34	29	8	5	40	11	1	10	47	48	45	40	28	29	13	2	29	22	30	39	35	31	33	26	48	45	42	20	10	9	7	50	48	46	42	40	23	41	1	
4	21	32	15	41	35	2	7	5	25	2	29	30	48	8	49	17	43	26	49	26	25	25	3	18	42	3	43	4	5	33	28	9	18	37	25	41	16	21	37	
16	35	38	44	4	49	36	32	29	44	14	14	26	41	23	27	18	48	14	22	14	17	38	36	46	40	15	28	50	44	37	38	35	42	50	43	35	36	17	36	
48	5	32	33	47	26	44	39	48	42	22	39	13	22	45	20	26	47	13	1	21	26	12	3	11	10	41	10	35	21	13	33	6	28	46	37	13	35	15	29	
4	3	11	39	33	14	13	5	11	8	6	28	49	21	17	33	19	34	26	5	6	35	19	29	16	24	13	17	47	2	23	43	45	49	49	34	19	27	47	7	
14	44	12	14	4	22	20	21	29	48	44	31	17	10	37	38	7	18	47	34	13	2	15	25	3	4	19	38	27	21	49	34	20	33	25	42	17	2	29	45	
6	46	38	23	34	20	46	19	43	4	47	14	13	16	17	40	10	19	10	30	24	1	22	28	45	30	31	17	34	46	8	3	32	39	29	36	25	1	8	20	
41	28	28	30	41	32	5	8	32	15	5	13	21	43	50	20	32	42	5	11	29	2	37	29	43	43	7	34	25	21	37	19	46	44	49	24	39	3	7	28	
22	21	36	10	31	18	37	39	16	24	7	6	36	22	32	37	44	3	39	29	23	32	26	19	8	10	8	44	31	21	50	2	40	46	31	14	16	2	29	34	
28	23	1	6	17	46	36	49	40	47	3	16	34	16	16	26	17	13	38	26	25	3	48	22	34	19	15	21	34	5	44	18	15	38	46	36	47	21	19	22	
31	32	45	40	9	4	16	35	48	22	16	35	10	27	5	23	37	25	48	25	26	15	37	48	48	29	41	39	43	29	23	5	28	37	10	45	21	31	13	43	
44	30	44	23	21	22	28	23	11	37	6	3	24	31	11	10	6	42	9	22	30	33	11	20	40	32	26	28	41	9	4	5	43	31	21	28	11	50	10	41	
35	17	37	48	17	11	25	17	41	41	18	7	44	16	49	23	5	31	17	35	43	21	34	28	28	41	47	44	8	11	46	35	3	2	9	11	22	29	45	3	
4	16	6	20	12	25	16	10	45	4	21	22	30	49	17	42	6	21	43	14	17	10	13	1	2	2	1	4	38	32	41	17	4	43	34	11	14	22	31	28	
10	5	14	26	32	11	39	14	15	1	28	21	10	36	33	42	32	28	24	47	45	23	21	27	28	10	17	50	17	16	23	29	14	25	27	18	13	15	18	2	
5	8	24	29	42	15	20	3	2	8	30	22	8	34	32	48	32	40	5	19	7	10	13	21	30	14	47	49	16	20	48	10	31	28	2	6	26	11	13	14	
44	47	17	41	39	37	17	25	24	30	31	33	43	4	2	45	13	47	22	32	32	11	5	14	13	4	13	32	49	11	44	3	7	1	19	6	39	2	35	6	
3	43	28	34	10	22	36	21	33	45	49	23	26	40	13	11	11	43	46	3	35	43	35	19	49	31	10	8	15	41	39	25	46	31	2	23	4	20	44	43	
11	16	8	3	2	4	48	46	2	50	33	36	22	30	13	22	6	34	18	40	5	50	29	9	17	6	18	28	26	18	21	48	23	2	18	15	50	17	3	24	
11	11	18	8	6	26	36	47	6	11	20	45	20	24	29	1	19	47	13	18	18	35	29	13	14	7	45	33	35	43	11	42	14	24	47	33	37	35	24	29	
26	8	33	48	7	29	43	27	11	14	7	29	26	23	32	4	50	4	26	47	18	25	7	36	27	10	43	39	13	15	27	50	2	48	39	25	39	15	11	1	
7	43	38	28	30	4	32	22	18	33	39	29	50	46	32	37	41	7	49	45	15	48	27	11	17	25	40	18	45	35	35	20	45	22	46	27	44	29	46	28	
17	46	45	23	6	35	27	27	39	23	50	24	12	26	24	21	9	41	14	48	31	37	33	25	5	48	19	32	8	22	32	48	34	33	41	47	43	50	9	25	
42	40	46	41	9	27	43	25	40	1	22	49	10	9	48	45	11	24	30	11	30	23	22	50	11	13	47	20	15	4	33	50	9	25	14	27	15	22	43	24	
8	1	34	27	25	6	21	14	18	26	37	48	50	21	18	33	33	23	27	12	39	21	10	38	21	3	22	22	50	34	12	42	24	15	30	24	41	29	28	17	
On machine	8
14	16	6	7	12	42	32	41	36	48	26	5	12	19	40	10	30	33	40	9	17	5	11	29	22	34	13	10	13	12	48	26	40	48	4	8	45	12	21	36	
41	10	44	18	42	11	45	1	10	41	40	28	48	10	15	24	41	23	4	24	45	7	35	29	19	32	4	8	46	20	15	6	44	17	41	39	38	4	50	27	
18	9	28	15	32	31	9	17	2	42	17	4	48	12	20	42	44	8	29	18	18	44	6	35	41	32	16	27	17	23	46	14	9	39	8	39	13	32	7	38	
48	17	13	37	34	10	20	5	47	12	39	34	50	27	13	42	3	39	2	49	16	44	8	11	3	49	37	49	10	47	3	48	25	1	50	19	13	2	6	42	
15	6	18	20	19	14	41	37	31	41	50	3	50	41	50	26	44	28	20	49	35	40	1	16	34	25	43	13	1	11	3	43	44	14	17	34	30	29	23	46	
38	19	35	32	47	20	3	45	48	48	18	4	16	35	50	29	30	8	17	4	8	29	9	32	28	35	7	48	2	7	6	44	29	50	33	47	12	2	47	14	
9	48	37	45	16	34	29	36	10	7	50	40	28	3	27	24	25	11	12	12	24	37	47	28	14	48	47	49	13	35	40	37	38	43	19	9	20	30	30	2	
43	35	3	29	29	28	35	23	26	7	2	16	17	1	46	7	45	9	3	24	24	33	35	38	46	47	21	9	15	17	46	23	7	42	15	42	2	5	24	31	
21	33	39	13	8	22	35	40	45	50	47	42	17	4	47	14	19	8	8	44	23	37	41	15	31	9	25	6	30	10	26	13	17	26	13	6	15	35	2	39	
11	12	15	24	10	17	50	45	32	49	4	22	24	16	15	44	7	24	22	23	19	31	27	33	46	35	40	11	18	33	28	41	17	37	30	31	18	16	23	34	
37	49	30	42	50	13	23	12	26	28	38	29	15	13	45	5	4	37	46	47	30	25	50	13	7	3	14	34	38	31	31	30	8	45	23	18	32	25	16	3	
20	22	47	29	12	47	47	31	35	24	12	1	15	1	13	14	19	10	36	34	19	31	20	24	26	12	23	1	8	18	8	40	24	22	47	50	5	9	2	49	
19	38	38	22	10	45	44	14	44	9	32	9	3	39	20	49	6	22	25	1	40	8	30	1	24	5	6	9	23	1	30	46	37	10	48	24	19	9	8	3	
6	16	14	3	24	50	42	48	8	15	28	48	42	1	11	13	30	2	49	14	33	16	34	26	4	31	15	42	7	46	45	6	25	14	42	39	19	5	37	14	
13	23	11	5	42	45	37	30	7	37	40	27	3	12	24	35	5	19	5	18	17	22	24	22	30	6	31	18	38	43	33	6	9	42	31	33	44	32	11	8	
43	7	8	36	10	30	8	25	48	10	22	35	9	4	28	37	16	4	48	7	2	48	14	9	14	13	29	18	10	49	45	19	29	47	16	14	18	26	36	50	
27	49	22	47	40	8	38	20	8	12	48	9	16	4	9	49	36	33	27	33	50	40	44	39	49	20	8	35	45	50	14	27	16	30	32	35	4	29	44	37	
43	13	15	20	35	17	31	23	45	6	15	4	14	10	45	1	40	9	41	1	34	20	20	28	44	41	39	7	40	46	48	17	22	8	18	39	35	6	49	42	
41	38	27	8	22	3	48	6	15	42	6	20	18	40	34	45	50	26	41	7	31	8	42	49	41	19	27	3	28	4	38	10	19	21	12	16	30	19	10	25	
48	49	44	34	47	46	39	18	14	48	30	28	50	28	32	44	35	26	41	41	33	3	3	3	36	40	12	43	9	9	1	17	6	16	26	9	14	12	44	11	
41	17	45	39	19	28	12	6	45	28	28	12	50	46	23	30	47	20	8	10	45	49	49	1	9	17	5	15	27	44	2	31	17	29	30	19	49	3	9	13	
8	19	27	42	4	14	46	45	46	27	8	26	43	27	31	47	37	23	45	28	25	18	36	36	49	46	49	13	8	14	17	11	3	3	18	44	14	19	5	49	
20	16	41	29	32	15	27	33	45	28	50	25	40	24	39	27	45	40	22	40	21	47	28	8	22	32	46	43	4	29	2	20	6	35	42	13	39	49	47	25	
47	14	3	22	49	26	37	31	35	26	5	48	2	10	16	11	36	2	18	1	44	38	10	9	22	35	23	5	22	43	9	24	7	26	40	28	17	9	29	9	
2	36	18	37	4	26	25	24	30	5	8	50	46	44	5	25	13	42	19	28	10	46	42	4	34	15	35	46	33	20	2	36	32	12	43	28	33	16	25	10	
27	44	44	33	10	46	32	18	20	35	6	6	4	40	14	33	5	25	39	47	28	5	26	17	42	12	10	25	34	29	38	34	39	26	39	19	21	37	49	38	
42	13	10	40	49	39	39	5	12	40	2	14	14	46	24	37	39	5	26	5	6	7	36	32	30	43	8	23	47	27	46	45	35	23	31	1	32	20	38	17	
32	9	19	46	35	47	30	46	43	47	13	47	27	43	36	30	11	46	11	22	48	20	27	9	40	27	10	29	16	17	50	23	11	29	9	19	49	45	40	37	
17	14	44	28	40	11	18	36	19	25	6	7	39	33	7	13	20	1	32	4	16	2	47	41	40	39	39	48	16	40	44	35	17	37	13	16	35	14	38	19	
41	32	35	33	5	44	42	35	41	42	6	36	18	45	24	17	21	28	41	5	46	40	19	48	28	23	49	20	38	10	5	11	1	42	41	27	36	20	27	17	
11	44	33	9	37	21	21	28	40	39	36	2	32	50	35	3	38	10	36	5	46	26	32	35	4	35	28	19	9	37	49	6	12	35	38	41	42	18	44	22	
29	30	7	1	50	43	10	47	30	32	40	16	43	9	17	24	50	45	37	21	43	31	21	37	26	3	19	44	47	36	26	21	27	29	35	1	7	17	36	18	
7	38	50	39	24	5	19	14	25	46	30	46	40	47	23	15	45	18	18	8	24	8	39	19	10	24	48	20	1	30	36	50	10	11	38	35	3	24	37	50	
29	17	3	20	44	11	10	38	38	39	28	27	34	2	27	12	40	13	41	36	36	25	27	14	2	30	2	49	19	2	39	7	3	30	29	2	32	49	46	41	
22	34	23	29	50	35	10	18	13	15	37	28	5	11	13	36	23	36	13	24	26	33	31	32	48	8	7	12	1	45	22	2	14	39	49	34	27	5	50	31	
16	40	33	15	2	31	18	36	44	4	1	41	2	46	10	37	25	45	30	5	8	48	11	39	37	20	14	38	15	23	30	29	17	6	36	10	41	27	47	3	
40	29	32	48	24	24	17	3	47	9	45	43	1	5	33	16	13	8	9	39	48	14	1	41	19	29	10	27	2	10	5	17	45	21	24	48	44	10	1	16	
39	28	36	33	1	30	42	15	49	34	7	42	43	14	9	32	27	46	6	16	11	44	39	36	37	47	14	1	37	24	20	5	24	26	48	5	38	19	34	35	
40	31	47	46	6	30	16	34	26	43	27	10	22	11	8	29	36	5	30	28	44	12	11	44	26	2	39	18	24	45	34	7	16	37	25	47	20	38	29	43	
40	26	48	8	46	6	10	42	48	20	25	24	36	45	17	37	36	31	26	7	17	3	7	19	17	6	35	46	19	19	17	36	10	2	34	36	8	2	8	43	
On machine	9
18	46	22	28	32	17	21	26	5	49	24	12	6	41	50	21	34	26	41	8	27	4	3	40	20	35	14	16	2	48	14	20	8	40	26	41	37	37	5	47	
14	2	17	27	45	30	14	5	13	5	41	34	2	16	49	24	19	31	43	40	46	38	19	35	47	28	47	11	8	29	30	27	30	17	32	47	27	5	29	23	
22	31	11	18	48	42	16	50	42	23	6	18	6	7	40	12	15	26	11	30	5	22	47	8	31	29	30	37	14	23	14	4	38	45	2	2	32	15	6	48	
29	22	6	39	39	5	2	50	26	20	34	2	11	35	36	40	26	22	50	17	24	16	42	33	9	34	17	34	45	43	13	14	35	5	41	2	50	27	31	4	
45	11	23	19	1	44	39	16	42	40	5	19	41	38	3	25	11	41	42	15	37	47	4	50	3	45	50	7	13	26	30	15	25	27	12	6	21	31	37	2	
44	19	16	11	42	2	46	46	30	36	24	8	40	6	16	33	13	25	43	35	43	49	15	36	37	32	15	8	9	11	10	15	39	32	25	13	11	10	31	19	
12	35	41	21	48	44	25	35	29	34	16	22	47	6	5	6	16	1	44	47	16	22	49	39	7	34	30	33	46	34	19	38	12	33	19	45	15	15	35	43	
22	8	41	33	6	28	50	50	18	36	33	13	5	23	18	31	7	48	27	12	10	22	8	23	35	21	14	42	19	17	10	47	2	43	9	12	42	18	38	50	
41	33	1	24	42	35	39	11	44	46	35	6	1	24	25	32	47	49	8	9	16	15	40	16	12	28	7	15	48	32	2	17	21	36	29	25	23	4	47	27	
34	23	41	11	23	49	12	4	4	26	9	34	8	17	13	35	21	7	26	26	35	14	15	36	14	2	43	5	50	9	31	43	1	18	43	8	8	29	44	33	
7	14	42	7	3	19	10	9	24	33	25	8	47	36	17	8	36	15	32	11	13	14	16	18	14	33	35	45	43	46	37	29	50	10	1	50	6	6	15	31	
15	49	28	14	32	45	5	12	1	2	42	19	36	11	16	37	37	33	17	15	4	31	21	14	32	31	26	12	47	4	5	22	49	31	3	20	37	43	20	18	
40	2	19	46	14	42	33	6	30	10	16	6	45	12	37	50	21	12	20	12	32	39	25	33	46	13	38	28	22	8	39	3	44	44	33	3	35	48	37	30	
31	46	27	18	50	8	13	10	42	36	7	22	39	22	45	22	27	33	1	18	38	9	38	33	20	1	48	47	36	34	37	16	46	41	45	18	40	10	40	18	
33	49	29	41	44	34	9	18	38	39	22	21	29	39	12	31	40	13	14	27	46	1	24	18	2	9	40	28	34	20	48	24	24	23	12	25	33	20	50	17	
44	49	17	45	4	19	34	23	33	39	26	13	39	27	29	34	40	20	10	18	49	46	44	23	2	13	39	2	12	17	41	43	21	33	31	38	27	20	30	44	
10	3	44	38	3	48	50	26	15	33	12	36	37	14	36	35	30	24	48	33	2	1	28	15	43	50	33	31	2	37	41	17	5	28	42	50	40	36	27	12	
50	39	34	30	25	42	45	39	7	23	15	24	36	18	37	2	12	42	5	45	43	17	21	28	29	13	32	33	7	43	11	32	30	12	21	20	4	17	45	5	
19	9	6	45	8	25	28	38	42	19	13	22	30	34	5	40	10	35	43	44	5	4	7	46	9	37	23	4	35	9	46	16	10	41	40	24	25	7	28	27	
24	21	23	1	30	33	11	10	29	6	8	35	10	22	32	15	11	1	5	28	19	41	9	33	34	5	1	7	44	40	33	22	38	43	19	32	28	32	2	32	
14	12	37	3	38	12	46	1	17	41	2	24	47	38	35	48	22	39	37	2	43	27	49	40	31	24	50	29	17	36	31	3	31	36	20	48	40	29	48	45	
35	35	39	45	32	17	5	20	41	50	46	48	9	17	18	50	21	18	40	25	17	16	42	12	46	16	50	2	31	16	47	24	4	38	19	40	47	18	40	19	
14	28	40	20	9	3	5	12	43	7	45	3	8	2	28	7	37	21	44	5	7	7	6	47	9	38	38	1	17	22	49	34	21	20	4	47	3	19	37	14	
23	36	34	8	11	4	21	10	33	29	36	49	50	45	16	13	19	39	7	42	2	25	46	44	24	45	9	2	6	47	19	25	22	20	12	44	5	27	2	29	
3	11	36	47	28	27	11	37	46	33	42	5	41	27	14	48	9	23	10	36	4	32	49	39	48	43	33	2	32	30	24	8	41	37	50	48	16	7	31	40	
47	20	43	11	7	50	1	47	22	29	18	23	18	11	44	31	13	30	8	34	37	41	14	7	26	4	30	50	21	18	19	29	25	6	14	41	3	23	24	18	
41	36	2	17	49	26	9	27	27	20	26	48	31	18	25	8	35	24	9	33	31	16	48	8	16	1	12	47	36	8	28	31	21	18	27	19	8	47	4	24	
47	27	22	42	35	49	41	5	19	3	12	16	19	2	9	11	12	17	43	16	31	40	20	38	40	10	35	32	7	5	21	25	14	26	36	33	7	8	31	46	
36	6	20	35	39	45	43	21	7	12	45	18	35	25	49	46	14	11	20	5	7	41	45	15	26	2	42	46	37	38	25	40	6	33	20	28	41	3	20	42	
15	19	22	4	42	3	42	22	14	8	31	44	41	20	30	1	19	13	21	30	8	11	40	19	44	31	24	20	1	42	23	24	31	45	23	11	12	47	11	4	
15	21	4	49	13	19	27	5	27	33	39	33	19	44	2	3	44	8	46	34	13	31	32	43	22	44	46	3	28	11	33	16	45	27	49	14	46	28	30	49	
21	48	12	17	12	41	3	12	12	31	22	4	48	47	19	41	26	23	19	47	50	15	50	17	40	19	31	17	21	40	32	47	41	22	32	42	41	22	34	29	
38	23	25	9	39	34	24	6	42	42	24	1	9	21	17	44	11	31	41	7	41	30	8	50	39	15	5	48	2	50	9	36	38	24	3	27	2	19	41	41	
24	35	31	28	17	13	41	42	14	6	1	6	39	38	32	36	43	38	12	32	44	3	36	5	43	31	47	16	44	25	33	42	21	41	16	47	28	31	46	20	
43	39	39	19	4	6	36	23	14	50	39	28	7	21	5	31	24	15	32	23	37	45	35	24	27	33	15	46	16	16	42	9	11	7	50	45	13	12	6	17	
17	30	48	27	39	37	9	35	3	12	20	10	14	37	43	12	5	40	13	33	21	18	38	18	43	37	42	48	26	1	13	37	16	19	23	13	39	48	19	3	
4	40	42	48	44	22	20	25	40	16	11	22	14	49	12	17	28	46	17	20	33	28	7	14	33	44	41	42	47	21	25	39	15	19	46	15	42	41	20	26	
26	10	41	20	35	38	14	26	38	31	20	15	36	43	11	44	24	19	24	41	34	37	29	39	41	20	48	9	8	11	5	4	12	1	48	9	23	41	26	37	
2	50	37	23	47	16	5	49	3	4	15	4	20	18	44	22	14	44	4	39	21	35	11	6	35	5	14	15	29	12	40	39	16	40	14	4	7	34	33	40	
28	27	50	4	8	26	21	3	41	24	37	33	1	35	17	5	25	19	20	21	25	48	12	19	20	27	32	45	19	31	23	14	25	6	28	9	49	3	39	15	
On machine	10
39	36	38	32	39	40	13	43	39	28	48	35	12	39	8	28	42	46	12	12	17	6	12	8	3	12	31	17	28	38	44	43	8	15	5	7	45	39	3	34	
12	20	25	17	45	46	43	10	9	9	4	24	38	32	21	8	33	47	21	26	4	25	24	14	4	19	2	39	48	47	12	46	34	7	47	4	11	7	33	12	
8	11	34	29	5	23	7	29	1	24	32	20	32	22	41	40	4	2	6	35	41	46	30	15	10	8	30	28	11	42	6	8	5	36	8	36	29	16	21	6	
27	11	42	47	29	27	5	18	10	3	33	14	10	23	4	50	16	8	22	46	18	31	15	2	9	33	23	8	34	22	23	40	26	19	31	26	14	11	29	11	
24	28	41	8	13	31	17	22	6	41	27	42	36	31	2	21	30	30	28	5	40	30	5	13	42	24	10	35	23	44	20	24	7	1	50	11	34	35	35	28	
49	6	43	50	19	28	44	1	40	7	10	4	2	37	19	38	32	38	8	37	3	12	10	4	14	11	45	29	1	42	2	29	15	29	30	3	46	18	30	11	
12	37	48	41	16	28	21	17	3	24	36	24	19	29	1	47	8	47	7	34	11	32	16	29	43	29	25	8	15	36	24	48	21	29	11	19	6	32	23	34	
18	23	4	13	22	43	50	23	34	25	30	38	43	3	32	35	24	33	25	43	2	21	46	17	49	10	7	17	8	42	50	17	24	34	8	24	19	29	19	11	
43	37	45	25	18	24	46	35	38	10	8	6	12	40	34	9	33	6	2	35	50	8	41	43	17	47	42	47	34	41	38	30	43	23	8	4	6	21	27	35	
5	9	19	46	37	49	26	8	29	8	25	44	29	29	6	18	44	36	41	42	44	1	50	9	28	29	50	47	7	9	48	40	18	48	16	4	3	41	21	40	
14	38	47	6	42	13	20	1	21	46	15	34	39	21	25	40	7	17	31	31	34	17	45	18	45	18	12	32	7	23	15	27	29	27	46	1	33	30	27	25	
30	24	43	10	28	47	10	18	37	18	27	26	13	29	16	35	13	33	26	21	28	34	19	23	10	9	27	30	39	26	37	32	3	45	11	50	48	22	35	38	
24	33	16	18	27	2	33	23	23	5	19	41	22	17	49	22	27	37	16	8	8	5	7	45	26	38	34	3	34	38	24	35	46	25	33	31	11	28	6	50	
48	42	42	2	27	24	41	30	5	32	14	9	20	10	42	39	15	46	28	23	4	4	11	48	33	24	9	31	3	21	28	36	22	9	11	31	15	24	18	43	
13	19	48	18	38	9	38	14	47	30	33	49	4	27	5	11	23	39	16	25	25	50	27	45	35	7	1	23	6	17	29	35	19	35	46	33	9	42	17	3	
38	24	37	43	23	18	11	36	44	49	41	2	49	23	38	22	17	1	17	31	30	21	33	9	6	8	18	13	13	18	33	6	39	17	35	36	24	11	29	14	
8	3	27	26	35	20	18	10	50	34	49	4	43	35	15	48	12	41	6	6	11	29	26	20	29	3	34	1	17	24	42	29	4	2	36	7	27	8	25	36	
12	1	19	21	29	27	49	24	11	31	41	10	31	6	20	36	40	50	3	22	18	24	33	22	39	47	20	26	29	30	36	25	29	40	17	33	32	44	35	26	
30	32	5	30	7	36	36	5	22	12	21	40	49	16	26	27	26	22	4	26	28	39	2	31	17	2	10	12	3	47	39	48	24	47	42	12	46	19	15	28	
49	17	28	17	47	46	22	43	45	30	24	27	34	8	42	26	37	43	9	28	2	16	45	16	7	43	20	15	13	11	38	47	24	24	30	39	19	23	17	42	
13	43	45	42	37	42	22	21	38	33	14	27	8	38	21	43	49	50	40	41	20	25	28	27	33	11	25	6	2	31	29	37	32	37	28	39	28	22	14	42	
26	30	35	32	30	44	47	8	23	32	50	38	11	19	18	38	33	16	47	6	34	35	40	24	33	23	6	29	44	13	10	9	13	34	19	24	50	48	28	25	
49	4	12	32	39	21	26	34	32	20	39	21	25	27	49	13	16	10	40	12	9	6	15	49	50	16	1	16	14	17	46	42	48	12	42	12	26	47	40	16	
5	7	26	35	39	39	27	23	9	16	20	49	4	27	34	19	34	36	44	49	41	30	4	4	11	44	27	20	17	15	18	1	48	37	29	10	39	45	50	6	
10	16	46	12	13	28	3	46	30	35	19	44	13	1	38	24	12	23	37	31	5	14	8	49	10	35	46	26	43	27	4	18	21	39	33	50	15	34	26	14	
13	2	7	25	21	47	18	47	43	17	5	2	6	17	34	21	50	26	40	41	14	28	42	6	10	12	40	3	41	30	28	28	9	24	27	11	2	28	34	29	
26	41	26	6	1	50	28	38	38	44	17	46	9	50	47	32	33	31	47	38	43	41	44	2	26	22	39	30	10	34	8	4	36	41	38	34	14	24	36	8	
29	38	35	50	24	35	1	19	14	36	7	35	13	26	7	15	29	36	40	38	30	4	11	43	14	50	11	9	15	30	24	38	14	34	47	28	47	42	15	18	
29	46	21	44	41	33	15	18	33	4	1	34	5	38	22	10	39	7	29	29	34	42	3	23	44	36	37	21	20	19	38	45	13	7	22	15	37	36	25	42	
10	2	44	39	35	21	35	17	45	3	32	30	5	23	3	36	10	50	48	5	31	32	9	14	44	1	31	40	26	47	47	29	15	17	29	36	41	3	48	29	
2	33	23	9	22	36	19	18	24	45	41	25	46	30	34	46	5	23	9	32	22	3	41	9	17	49	24	16	27	48	27	19	29	38	22	27	41	6	46	33	
35	45	27	25	24	39	28	49	36	19	22	20	20	33	26	28	26	19	20	13	36	42	37	3	5	15	17	7	18	8	3	20	18	35	3	23	29	18	16	18	
31	41	23	47	49	48	20	30	17	46	47	8	2	17	11	7	3	36	28	7	46	25	10	32	4	18	28	17	6	50	15	38	24	9	41	17	1	15	24	25	
25	43	30	12	48	47	21	7	6	46	44	37	3	26	2	4	34	39	27	14	41	36	12	18	42	48	18	4	24	18	3	29	44	50	44	40	4	43	9	11	
40	44	4	48	31	49	16	24	38	47	41	32	11	37	16	6	46	31	5	15	26	47	19	47	19	4	27	9	31	12	23	19	18	3	25	24	42	41	26	31	
40	39	38	15	48	19	5	25	48	42	33	48	49	23	37	43	42	20	7	44	14	22	13	34	11	27	32	14	30	14	13	2	7	10	34	2	48	11	22	48	
44	9	29	17	34	44	33	28	8	41	8	43	13	6	38	22	31	23	16	32	25	41	40	16	5	36	39	16	2	19	43	41	1	39	43	37	43	9	6	36	
7	13	27	26	30	42	13	32	39	39	12	6	30	39	48	41	5	39	38	13	18	20	22	37	2	37	36	14	14	29	48	21	35	30	36	38	45	13	46	28	
47	1	6	18	35	1	20	9	36	13	35	25	22	39	46	25	41	19	40	2	50	44	48	12	42	31	43	2	22	7	39	12	31	16	37	47	25	26	5	40	
47	1	3	28	39	7	30	22	31	49	4	36	13	34	50	22	29	29	8	44	15	20	29	46	12	22	41	30	6	7	20	15	31	32	2	23	36	40	42	23	
Reldue
-1	2831	-1	-1
-1	3171	-1	-1
-1	3454	-1	-1
-1	3138	-1	-1
-1	845	-1	-1
-1	1645	-1	-1
-1	1063	-1	-1
-1	2934	-1	-1
-1	1955	-1	-1
-1	3640	-1	-1
-1	3770	-1	-1
-1	3874	-1	-1
-1	2766	-1	-1
-1	2555	-1	-1
-1	887	-1	-1
-1	2733	-1	-1
-1	1704	-1	-1
-1	952	-1	-1
-1	1886	-1	-1
-1	3917	-1	-1
-1	4240	-1	-1
-1	927	-1	-1
-1	1690	-1	-1
-1	2572	-1	-1
-1	1791	-1	-1
-1	3754	-1	-1
-1	2028	-1	-1
-1	2353	-1	-1
-1	2821	-1	-1
-1	3606	-1	-1
-1	3693	-1	-1
-1	1316	-1	-1
-1	4212	-1	-1
-1	2093	-1	-1
-1	3190	-1	-1
-1	1199	-1	-1
-1	1394	-1	-1
-1	3117	-1	-1
-1	1126	-1	-1
-1	1418	-1	-1
