Families	20
Machines	10
MaxSetupTime	50

Number of Jobs in each Family
3	7	2	10	10	7	9	9	10	7	5	6	7	8	3	10	1	8	1	1	

Jobs in each Family
0	1	2	
3	4	5	6	7	8	9	
10	11	
12	13	14	15	16	17	18	19	20	21	
22	23	24	25	26	27	28	29	30	31	
32	33	34	35	36	37	38	
39	40	41	42	43	44	45	46	47	
48	49	50	51	52	53	54	55	56	
57	58	59	60	61	62	63	64	65	66	
67	68	69	70	71	72	73	
74	75	76	77	78	
79	80	81	82	83	84	
85	86	87	88	89	90	91	
92	93	94	95	96	97	98	99	
100	101	102	
103	104	105	106	107	108	109	110	111	112	
113	
114	115	116	117	118	119	120	121	
122	
123	

Total number of jobs
124

Processing times of jobs
1	10	7	6	4	4	6	5	4	6	
9	10	4	2	3	7	4	10	2	10	
1	3	4	2	10	10	2	8	1	5	
5	5	2	7	3	9	1	4	3	10	
2	3	5	5	10	5	2	8	5	2	
6	7	1	6	4	8	8	9	10	8	
6	2	8	8	10	10	8	2	5	4	
5	3	4	10	9	9	7	2	1	7	
6	10	7	6	3	1	3	9	9	3	
3	10	4	8	2	6	8	10	7	4	
7	2	9	2	9	2	5	8	9	7	
5	7	2	2	5	3	10	5	6	1	
10	7	1	7	3	6	6	7	1	6	
10	5	10	2	6	7	6	10	6	6	
7	2	8	2	6	7	7	2	5	4	
9	6	6	8	3	1	8	6	4	8	
4	2	9	3	8	2	6	7	6	9	
6	8	5	7	7	7	2	7	2	4	
6	1	4	4	9	5	6	6	4	6	
7	1	10	5	2	4	3	2	9	8	
5	5	6	2	3	10	7	2	1	10	
2	9	6	9	6	2	1	4	10	7	
3	2	10	1	6	1	1	6	7	7	
5	10	4	7	7	3	10	2	2	8	
4	2	2	2	3	6	9	7	3	4	
2	5	5	1	6	9	1	9	2	3	
3	8	5	9	9	5	4	10	3	8	
6	4	4	1	10	1	10	7	4	10	
9	2	3	5	6	5	9	1	5	2	
7	4	9	8	5	2	1	6	2	10	
1	1	9	9	3	1	10	8	2	1	
6	8	1	4	10	3	9	4	5	10	
6	8	7	6	6	10	10	1	2	3	
8	6	7	1	4	5	4	5	6	9	
10	3	1	10	10	2	4	10	10	6	
10	1	7	8	8	6	4	9	5	8	
6	1	5	6	2	5	7	10	10	4	
9	1	7	9	3	10	8	6	10	3	
10	2	9	10	2	4	10	10	9	7	
5	1	8	5	4	8	10	10	6	7	
2	3	4	5	1	9	9	5	2	2	
8	9	10	7	4	4	6	9	8	5	
4	6	7	7	9	2	7	3	1	8	
2	3	7	10	1	2	7	6	7	7	
1	4	5	2	2	8	4	5	4	3	
3	6	7	1	2	2	8	10	7	3	
3	6	5	8	8	2	4	4	3	7	
10	9	10	1	6	6	1	6	7	9	
5	3	7	5	2	3	6	8	8	6	
3	1	4	2	3	2	4	3	1	7	
2	2	8	3	8	9	7	9	1	1	
6	5	2	7	7	1	5	6	4	8	
9	9	9	9	2	2	3	6	10	10	
3	6	10	9	6	1	9	8	9	6	
6	1	5	6	5	6	9	4	8	1	
10	3	10	1	8	2	10	10	2	3	
8	6	9	9	10	10	6	9	6	4	
1	2	9	6	2	6	2	8	8	6	
2	8	10	6	8	10	3	6	7	3	
8	4	2	9	6	9	4	10	5	5	
1	8	6	3	6	5	9	1	5	4	
2	8	1	8	5	10	2	6	4	2	
9	2	1	9	6	4	8	9	5	9	
10	8	10	2	9	3	1	4	5	6	
9	5	5	6	3	4	6	5	5	7	
6	5	10	4	8	8	6	5	7	7	
8	3	4	5	1	3	1	3	6	8	
5	8	9	6	6	10	4	5	10	8	
1	7	10	7	1	8	3	9	8	4	
6	8	1	4	1	1	1	5	4	6	
6	7	2	1	10	3	1	6	5	6	
3	2	6	8	7	4	7	5	4	8	
5	9	10	5	5	7	4	10	1	6	
3	1	6	8	8	3	4	9	2	1	
8	4	6	5	2	10	7	8	1	6	
8	5	10	9	10	6	8	4	3	7	
3	8	1	4	5	2	2	1	4	1	
8	3	6	7	9	1	2	8	5	9	
7	3	10	2	1	6	3	3	8	8	
3	7	6	1	2	9	6	1	7	9	
6	9	2	1	4	7	4	4	6	9	
3	10	9	5	6	9	10	4	7	7	
10	2	6	8	9	10	7	9	10	6	
6	2	3	10	5	1	8	5	8	3	
5	9	2	9	3	3	9	7	8	5	
9	2	1	1	4	10	7	5	3	8	
8	4	10	8	9	6	10	7	8	4	
3	8	10	8	2	7	2	5	3	2	
5	7	4	8	7	6	8	9	3	6	
6	2	2	1	1	1	4	1	4	4	
1	9	6	7	6	6	1	2	10	10	
1	7	10	2	10	1	5	10	5	1	
8	10	3	9	2	8	10	7	10	8	
8	5	3	7	1	9	2	2	1	3	
4	6	6	3	10	2	10	9	10	8	
6	9	2	9	6	1	10	2	2	4	
5	3	4	5	1	10	10	7	7	8	
2	9	2	5	2	7	8	6	1	7	
2	5	8	10	5	7	2	9	10	10	
9	5	2	6	4	10	9	2	5	4	
8	9	5	1	2	7	1	7	7	1	
6	2	6	7	7	4	3	10	6	5	
8	8	10	3	4	8	6	1	6	10	
10	8	1	7	2	4	9	3	7	6	
10	7	8	4	6	7	4	2	8	1	
1	8	5	8	7	7	10	7	7	3	
5	6	8	3	6	2	10	5	10	7	
6	3	7	7	9	8	1	9	4	9	
6	8	1	9	8	5	5	9	8	1	
1	3	10	3	4	3	4	5	8	2	
3	1	1	4	1	2	9	1	4	6	
7	3	5	2	9	6	10	1	7	10	
4	10	1	6	3	5	7	6	8	7	
8	9	1	4	2	2	1	6	4	8	
2	3	5	4	7	9	6	9	6	6	
9	3	6	1	9	3	7	10	1	1	
2	1	9	9	10	4	6	6	8	6	
2	10	4	10	5	5	3	1	8	3	
4	1	6	9	8	4	4	10	6	9	
10	6	7	3	2	10	9	5	6	1	
5	2	7	8	5	6	1	1	1	2	
9	3	4	2	7	4	2	5	1	1	
3	9	9	8	10	7	7	7	7	8	
1	9	10	4	8	3	1	2	6	4	

Stepup times between family, where [f][f] represents initial setup time
On machine	1
21	15	6	50	13	2	33	32	49	25	26	41	17	6	38	9	25	50	39	21	
16	44	13	50	34	46	34	29	21	15	24	3	23	28	1	15	32	6	37	16	
27	19	39	39	2	24	16	38	39	34	23	50	44	9	19	26	26	36	46	17	
30	39	41	21	36	12	42	13	8	24	29	43	27	30	6	8	22	6	9	15	
11	29	7	19	47	15	44	31	50	22	3	41	16	24	47	48	24	38	36	17	
50	50	45	22	47	35	50	11	11	7	46	27	36	14	20	24	43	19	38	31	
28	47	30	20	47	9	15	40	30	12	40	8	6	21	11	11	9	10	37	14	
30	10	43	3	40	4	37	29	22	32	26	9	30	37	17	38	40	23	22	42	
27	43	40	24	32	6	37	9	14	29	42	49	40	14	3	36	34	11	28	15	
21	8	10	37	42	5	7	18	15	18	41	9	12	38	45	49	25	17	2	27	
23	13	11	1	42	4	6	26	35	3	22	8	24	30	19	41	18	3	15	25	
16	17	4	23	47	28	42	11	13	4	47	2	30	1	3	13	16	28	13	34	
38	6	30	50	48	28	33	19	22	31	19	2	5	40	10	37	10	43	23	2	
25	42	27	28	9	41	30	33	28	45	19	2	17	3	18	13	43	7	24	27	
4	39	32	39	36	25	30	23	25	9	22	38	29	37	16	47	21	30	26	11	
43	18	6	6	12	50	18	41	49	18	18	6	41	2	11	49	40	13	4	37	
50	18	16	17	31	5	24	18	43	8	47	46	39	37	6	30	40	20	43	27	
49	32	16	20	18	2	44	28	12	38	27	8	1	8	11	30	47	29	20	37	
42	28	15	32	48	49	17	35	21	24	9	22	16	35	11	1	22	5	50	27	
25	25	12	23	46	41	13	24	11	42	46	47	9	21	38	22	1	22	7	46	
On machine	2
5	42	13	24	38	39	20	47	43	19	5	4	1	24	22	34	22	6	15	14	
17	21	28	3	14	42	42	17	10	23	32	12	36	9	6	26	5	5	18	37	
21	48	13	13	46	38	14	21	12	2	46	35	3	2	36	21	24	34	18	36	
6	19	4	29	30	2	14	19	16	26	34	48	28	32	36	11	6	21	23	39	
23	26	22	49	39	5	11	46	49	16	50	27	50	32	45	16	34	42	44	22	
12	7	6	33	48	6	15	1	13	8	8	5	9	11	6	7	42	27	21	11	
49	41	22	24	46	50	43	26	11	35	15	48	2	2	9	6	10	8	42	39	
48	42	25	9	14	35	18	38	39	25	48	3	28	50	46	18	37	12	49	46	
49	17	33	22	6	30	42	21	21	28	38	41	15	14	41	1	40	14	48	31	
11	1	18	11	41	12	30	5	2	2	4	6	9	11	9	41	25	40	15	42	
19	39	1	4	37	35	10	50	43	46	33	33	20	14	49	5	33	34	44	34	
8	31	40	4	47	31	30	1	21	21	37	39	15	19	50	22	2	20	5	2	
15	30	35	1	9	7	49	14	28	29	16	5	33	36	11	22	42	42	44	16	
44	2	46	27	14	1	8	31	29	15	31	44	35	10	44	42	31	44	50	43	
22	9	15	28	20	34	8	1	31	44	35	3	7	50	23	4	37	49	1	46	
24	28	46	4	49	12	13	35	40	8	14	46	4	43	23	37	22	38	38	8	
17	32	3	49	34	4	47	29	13	48	17	45	11	38	22	43	35	21	39	12	
20	10	31	42	36	29	5	13	50	44	45	32	40	23	33	34	12	38	23	47	
12	14	17	12	20	2	17	24	4	48	42	31	12	34	31	16	46	34	22	28	
40	44	33	21	17	8	44	49	26	35	28	30	7	13	8	41	46	19	28	21	
On machine	3
43	10	11	14	32	13	15	7	45	36	9	38	18	26	23	5	18	6	26	48	
48	31	25	1	12	35	50	35	48	46	44	24	36	20	17	48	42	33	33	10	
19	38	31	11	25	43	8	8	17	1	21	46	39	25	40	31	45	15	29	12	
26	41	2	17	31	22	26	21	22	36	44	16	36	14	42	15	2	37	39	18	
31	26	46	18	35	47	36	6	12	5	28	30	17	14	42	17	21	49	30	18	
20	12	26	23	34	27	15	42	13	5	18	30	12	4	1	2	17	40	6	16	
20	23	14	26	46	44	24	28	27	14	13	31	20	33	29	45	5	50	22	25	
21	13	4	4	24	37	42	22	5	1	43	13	36	26	36	28	25	11	13	16	
26	26	21	27	12	4	42	50	25	18	19	34	36	46	11	16	44	3	21	40	
29	7	6	24	13	33	2	22	46	42	46	18	40	8	36	21	13	14	18	17	
23	6	44	47	5	47	22	4	14	11	28	39	12	9	21	41	42	19	27	21	
11	24	37	41	36	7	14	4	1	44	4	49	5	23	14	10	20	12	5	7	
13	20	1	42	22	35	28	29	46	2	34	23	39	17	48	49	28	30	25	8	
42	6	48	41	1	33	5	43	5	31	46	44	38	12	21	38	45	39	49	19	
45	48	35	16	27	37	36	41	35	29	16	49	16	6	6	12	47	39	44	21	
14	33	36	49	47	20	19	40	47	24	36	30	44	49	15	34	22	8	33	18	
29	4	31	32	42	49	49	33	9	40	15	33	24	29	11	10	24	28	7	44	
49	15	47	40	12	49	4	23	9	7	15	2	44	32	3	21	16	38	15	37	
13	14	14	21	32	48	19	3	5	12	24	45	32	6	40	15	24	7	45	18	
32	24	10	24	48	39	5	37	38	38	5	40	33	22	39	11	34	33	1	36	
On machine	4
28	4	28	47	15	10	11	11	42	27	41	43	20	14	6	34	29	39	45	22	
13	46	49	41	7	42	11	48	41	46	30	40	17	41	38	1	48	1	25	38	
28	23	34	42	42	44	50	36	1	39	34	11	41	1	50	28	49	38	8	42	
8	21	26	10	34	40	25	27	36	48	46	17	41	25	49	9	22	14	34	39	
4	23	41	7	33	41	9	32	5	1	29	25	39	19	29	44	45	23	5	9	
16	2	23	31	43	49	7	44	21	43	42	31	11	8	18	13	18	36	10	38	
41	19	34	15	14	4	36	25	1	3	50	32	15	42	25	11	7	50	25	37	
48	3	27	19	42	47	47	44	30	13	12	36	35	2	15	25	5	41	5	32	
50	29	50	5	15	42	12	22	10	2	14	23	40	23	4	14	23	1	7	21	
45	21	38	9	14	1	20	46	31	15	40	35	34	25	13	4	31	11	2	50	
20	16	28	18	39	44	4	36	8	50	43	9	20	20	1	25	28	41	42	9	
32	18	22	44	41	11	36	1	29	23	9	25	9	7	26	14	35	49	49	12	
17	42	21	47	47	33	22	1	4	27	1	33	20	34	39	20	17	32	9	35	
32	14	47	16	26	41	40	36	25	48	47	26	1	31	6	19	22	38	26	17	
4	29	19	24	30	33	28	25	29	2	40	7	18	22	48	18	10	36	22	38	
47	5	43	4	24	47	48	15	29	11	42	31	44	36	30	39	17	30	15	7	
46	30	44	48	36	9	26	32	46	40	29	50	6	27	42	14	32	22	18	8	
27	46	45	10	45	2	8	46	9	17	3	22	32	34	16	3	19	40	17	3	
26	20	30	3	24	24	20	44	25	28	5	6	20	48	27	9	46	47	31	30	
26	28	17	27	6	19	14	31	26	34	44	10	3	7	14	13	25	50	29	16	
On machine	5
33	5	24	43	14	20	22	49	3	36	23	34	13	47	5	18	46	48	9	48	
23	40	7	21	33	16	17	15	16	6	24	3	21	10	10	15	34	17	32	10	
3	32	41	2	44	9	15	38	36	2	25	41	8	12	45	43	16	1	41	19	
24	42	25	49	27	17	5	4	16	46	9	24	45	9	36	31	35	20	46	23	
32	12	43	45	26	26	41	20	1	42	33	10	42	12	10	18	22	49	4	10	
9	45	9	14	11	43	8	36	43	15	26	47	19	17	29	10	49	16	22	22	
29	9	38	30	2	4	43	6	18	44	16	9	24	17	19	41	43	7	12	42	
1	18	44	3	47	40	4	46	48	26	11	28	1	23	28	48	25	10	45	34	
41	42	13	29	34	26	30	25	30	16	49	3	17	47	45	11	6	25	33	39	
32	24	16	7	10	37	7	46	42	3	16	39	36	48	47	28	10	32	43	49	
22	18	25	44	47	50	42	3	47	42	5	27	38	10	15	8	34	5	33	41	
1	29	23	22	5	27	1	12	31	20	12	34	37	34	19	4	9	16	47	37	
17	1	41	33	21	9	2	41	7	40	32	42	5	1	22	46	38	45	19	31	
8	10	17	49	7	14	22	24	20	1	18	44	32	19	44	9	15	1	10	5	
15	19	7	26	16	35	36	27	16	12	20	35	26	34	47	47	28	9	24	10	
16	44	18	18	38	5	4	11	9	31	34	12	3	22	31	41	36	33	8	29	
4	38	24	44	29	46	10	24	36	25	10	48	27	36	44	31	17	5	16	4	
48	48	6	17	21	4	28	34	41	7	14	1	12	34	10	48	9	50	9	14	
1	26	7	9	38	21	3	42	24	33	22	32	24	34	37	18	14	9	1	23	
5	43	1	41	5	8	2	7	38	3	25	25	7	15	5	5	5	39	25	44	
On machine	6
16	38	24	14	30	26	15	50	25	41	9	47	43	2	13	33	23	45	21	32	
21	5	25	39	22	21	31	35	14	42	31	37	46	14	1	14	36	3	13	28	
7	47	19	32	36	20	44	29	11	5	9	36	23	12	46	33	13	6	46	45	
37	14	9	31	29	40	47	4	45	41	28	46	47	8	9	44	14	12	26	43	
43	24	36	43	49	45	44	4	26	12	8	7	29	40	13	44	10	40	44	19	
42	8	34	17	45	41	37	3	23	21	34	24	29	23	14	28	24	34	5	28	
7	21	16	41	3	34	35	47	9	37	40	15	2	31	38	41	20	13	46	47	
43	6	30	8	10	30	30	2	24	30	49	16	6	2	42	33	3	42	23	16	
4	42	44	34	3	18	46	27	24	34	3	40	27	19	11	5	20	47	23	28	
49	27	37	42	17	38	39	33	2	40	46	20	33	36	24	26	38	1	26	18	
8	24	49	27	43	26	35	37	2	7	10	49	46	14	50	22	17	7	33	28	
22	8	49	24	4	18	36	27	44	17	4	44	16	6	13	16	48	16	3	2	
19	25	8	29	50	38	25	28	21	32	8	22	15	36	41	38	43	3	13	23	
18	24	40	33	5	43	29	10	6	48	2	38	3	46	2	8	25	42	9	20	
21	11	46	47	12	34	45	35	42	3	48	20	7	1	1	19	7	14	31	19	
48	19	20	33	40	49	35	35	50	19	45	8	29	7	17	13	41	20	38	29	
24	30	12	27	25	15	30	36	18	9	19	24	44	2	35	27	22	3	35	24	
7	18	1	3	2	34	6	21	8	20	43	34	36	3	40	11	6	22	36	16	
40	39	27	28	38	2	42	31	20	8	7	45	8	13	22	24	38	5	27	17	
38	1	47	50	45	16	24	40	24	11	42	29	4	44	16	41	20	46	11	16	
On machine	7
39	28	1	41	11	34	47	27	16	19	17	20	47	9	29	22	6	33	25	16	
11	37	43	36	43	10	7	1	19	24	18	28	28	12	20	29	1	12	29	49	
38	35	21	18	20	13	18	25	48	33	30	38	48	31	14	6	12	8	44	49	
5	18	19	46	26	24	39	8	10	30	45	2	38	50	9	15	46	8	16	1	
2	32	24	13	37	6	25	43	24	43	38	15	35	26	35	27	40	36	27	27	
16	23	5	14	19	14	39	22	7	26	40	9	48	34	46	1	18	25	22	33	
35	18	25	39	17	38	48	43	6	30	23	47	10	32	11	46	3	24	29	33	
32	10	11	22	3	21	5	47	33	21	46	2	46	19	17	44	44	1	45	29	
50	27	40	1	34	50	15	19	26	5	23	27	8	14	14	12	22	8	33	10	
13	9	4	31	21	31	29	49	45	36	3	2	25	43	9	17	28	23	18	45	
46	46	4	5	44	9	16	44	46	13	18	16	9	36	4	8	47	5	14	22	
42	20	21	14	29	44	34	47	10	10	2	23	22	15	37	38	38	41	19	28	
14	17	11	24	43	45	48	14	5	30	37	38	39	47	40	13	17	36	11	10	
33	46	4	1	46	29	5	44	20	30	11	43	32	34	37	38	4	45	7	41	
1	21	6	20	23	49	33	40	15	30	33	45	16	50	7	23	49	46	25	28	
17	42	47	23	49	6	29	20	41	16	32	26	26	46	24	12	28	46	39	33	
26	33	41	49	9	45	19	25	3	19	10	38	17	34	24	31	3	5	22	40	
3	9	13	10	4	5	42	44	18	3	21	22	44	43	48	22	13	23	30	9	
18	23	39	3	9	49	18	24	11	29	29	20	5	41	9	42	34	34	29	15	
36	15	36	15	35	32	49	39	42	14	9	19	8	24	11	41	19	28	4	28	
On machine	8
7	4	26	43	6	22	17	18	48	7	37	9	6	26	19	34	14	33	37	35	
8	23	26	49	17	7	20	37	47	13	44	48	35	14	24	45	34	7	7	8	
24	25	23	28	2	7	1	28	48	44	45	5	42	31	10	38	33	20	24	32	
21	47	24	11	8	12	3	2	1	35	15	17	25	34	34	29	34	39	34	29	
34	22	47	22	25	1	25	49	36	19	32	16	49	24	34	11	27	22	28	10	
17	23	10	35	27	36	49	11	3	5	31	24	35	35	45	28	29	3	27	10	
4	23	34	37	36	50	47	44	47	32	36	3	43	50	35	11	29	28	6	33	
11	38	9	32	47	31	9	50	34	48	27	42	6	45	28	29	5	20	21	27	
9	48	46	50	37	2	17	49	15	42	38	7	34	6	41	47	47	8	15	10	
47	31	39	8	6	49	31	16	12	20	11	27	48	9	15	45	41	8	19	3	
15	7	17	29	32	30	27	30	9	45	1	17	4	32	4	45	47	12	42	4	
36	26	42	41	41	30	38	20	40	37	15	9	24	16	44	15	33	10	19	32	
13	29	7	10	10	15	21	26	9	36	18	12	16	29	31	28	27	28	36	14	
41	42	8	34	50	46	26	17	13	36	23	17	50	7	28	48	9	45	36	46	
14	20	12	2	15	21	14	50	39	14	43	5	17	38	9	33	29	16	20	41	
19	4	9	2	20	12	10	21	39	3	11	21	33	25	33	28	40	43	35	38	
43	43	17	40	50	27	45	25	49	6	25	32	49	23	22	20	1	15	29	47	
38	16	37	14	35	26	23	3	25	18	25	23	23	1	4	8	20	32	3	2	
36	50	35	22	41	30	30	38	27	36	43	32	6	9	40	25	6	38	27	49	
6	15	36	11	22	38	7	3	28	25	45	44	44	40	32	27	14	47	41	46	
On machine	9
5	18	38	16	49	41	21	26	42	45	29	6	9	7	1	20	26	27	24	10	
44	18	16	25	50	38	32	15	25	16	15	47	36	37	16	1	46	41	17	29	
21	13	11	31	11	25	38	31	45	12	27	5	26	8	6	18	44	43	25	45	
3	10	7	18	19	40	18	49	18	13	14	34	27	20	37	11	24	17	50	27	
26	17	20	41	6	16	49	20	34	38	33	49	22	35	46	35	10	45	31	3	
5	49	10	29	23	20	42	44	37	41	10	42	3	4	28	8	23	18	15	39	
25	48	39	11	50	7	24	40	23	29	12	38	49	23	23	7	17	28	48	40	
19	44	8	26	24	15	19	33	11	26	38	39	11	29	35	30	41	48	9	8	
49	33	29	36	11	14	37	47	6	20	1	3	29	15	5	22	16	34	11	25	
12	22	31	39	23	2	7	33	48	28	32	27	47	27	18	19	28	24	36	3	
43	48	32	17	49	10	28	46	49	20	50	48	42	41	25	12	31	35	16	16	
44	21	32	30	33	17	41	17	12	40	32	2	32	36	29	24	26	10	34	12	
23	28	31	25	24	26	25	5	12	30	32	34	47	12	13	24	24	50	20	6	
9	44	15	7	29	2	9	42	7	39	15	6	34	3	5	30	49	33	19	8	
35	34	25	11	9	34	44	13	21	10	39	5	6	37	20	9	33	32	27	9	
49	44	40	8	7	15	14	13	31	1	40	18	16	44	13	2	47	27	11	3	
27	9	10	20	7	28	45	29	39	14	28	8	47	15	22	23	49	40	29	13	
14	35	34	23	37	4	10	17	20	39	50	40	30	11	15	3	9	31	42	25	
8	33	36	29	13	39	12	37	1	9	39	31	6	33	26	10	40	45	41	6	
6	29	16	7	18	22	28	25	24	50	34	6	45	33	38	10	40	9	11	45	
On machine	10
37	21	25	30	7	6	40	29	46	13	3	49	13	34	2	28	36	4	3	4	
26	48	45	50	31	29	9	18	45	49	26	13	50	35	27	17	46	28	38	42	
50	9	36	13	11	17	27	20	18	1	40	39	23	36	23	42	43	25	39	6	
33	13	30	45	16	5	32	17	39	38	15	31	10	19	48	49	19	22	37	4	
46	39	48	49	21	12	17	36	46	34	8	16	25	11	29	2	9	5	2	17	
10	31	18	18	16	39	34	42	1	15	3	5	5	46	34	5	32	19	38	25	
12	36	16	33	25	11	9	36	8	28	26	24	7	6	34	41	6	18	5	39	
46	7	36	12	28	20	10	39	2	16	5	22	29	50	29	25	14	10	12	11	
27	49	38	20	29	36	13	18	27	4	27	12	31	14	12	19	15	3	5	41	
6	45	44	39	36	44	35	9	36	37	47	14	34	8	2	29	46	17	36	49	
12	13	16	45	29	36	40	37	44	14	48	15	41	41	35	39	16	16	46	37	
50	28	40	4	44	39	12	7	47	49	27	15	21	39	50	48	19	15	47	31	
40	27	45	20	20	36	9	34	27	37	38	8	9	40	4	45	11	6	4	21	
32	38	43	9	42	11	4	34	23	24	34	47	17	11	44	17	16	8	48	18	
2	32	26	30	22	23	10	4	42	25	12	36	43	44	3	20	8	47	7	48	
35	2	24	8	17	23	19	20	33	6	39	45	36	25	6	42	30	49	10	42	
41	20	46	45	48	37	8	30	20	46	49	21	39	46	32	45	17	1	35	15	
8	26	9	50	35	25	38	47	18	7	42	50	25	17	37	43	41	24	1	22	
6	6	32	28	27	2	9	10	6	27	43	7	12	31	34	35	6	26	14	17	
47	9	41	22	4	20	40	39	31	8	8	30	7	19	14	17	2	47	43	15	
Reldue
-1	2156	-1	-1
-1	1631	-1	-1
-1	2088	-1	-1
-1	2131	-1	-1
-1	1809	-1	-1
-1	1581	-1	-1
-1	2271	-1	-1
-1	999	-1	-1
-1	963	-1	-1
-1	956	-1	-1
-1	982	-1	-1
-1	873	-1	-1
-1	1141	-1	-1
-1	1383	-1	-1
-1	1400	-1	-1
-1	1225	-1	-1
-1	2366	-1	-1
-1	1204	-1	-1
-1	2270	-1	-1
-1	583	-1	-1
