Families	20
Machines	50
MaxSetupTime	50

Number of Jobs in each Family
4	9	3	9	7	7	10	1	6	2	6	8	8	9	3	8	6	5	4	2	

Jobs in each Family
0	1	2	3	
4	5	6	7	8	9	10	11	12	
13	14	15	
16	17	18	19	20	21	22	23	24	
25	26	27	28	29	30	31	
32	33	34	35	36	37	38	
39	40	41	42	43	44	45	46	47	48	
49	
50	51	52	53	54	55	
56	57	
58	59	60	61	62	63	
64	65	66	67	68	69	70	71	
72	73	74	75	76	77	78	79	
80	81	82	83	84	85	86	87	88	
89	90	91	
92	93	94	95	96	97	98	99	
100	101	102	103	104	105	
106	107	108	109	110	
111	112	113	114	
115	116	

Total number of jobs
117

Processing times of jobs
5	6	2	8	2	9	8	9	4	10	9	1	8	7	2	8	3	5	7	7	8	10	3	4	7	6	8	7	4	1	6	10	2	7	4	2	9	1	4	5	4	3	7	5	2	2	1	1	1	7	
3	2	5	5	3	9	2	2	10	4	3	2	5	1	3	8	3	8	9	1	10	5	3	4	1	8	1	5	6	7	9	6	4	9	2	6	4	9	2	7	1	3	5	8	10	8	4	10	2	1	
10	2	7	8	7	5	4	4	10	1	4	10	5	8	8	5	2	4	8	7	10	5	8	4	2	10	5	7	5	9	7	3	6	4	10	1	5	9	6	2	5	9	10	8	7	8	2	1	6	7	
8	9	9	1	4	6	7	9	8	10	5	2	5	3	6	5	5	2	8	10	2	4	7	7	1	6	1	8	1	8	1	10	6	6	7	4	6	4	4	5	1	5	9	7	10	3	1	9	3	5	
4	3	2	4	10	8	9	4	1	4	3	5	9	2	3	5	5	10	7	8	10	5	3	7	6	5	3	4	10	1	3	7	10	8	4	2	8	9	9	8	6	6	5	8	3	3	10	8	3	3	
6	6	3	4	1	1	2	4	2	7	8	10	2	6	4	2	3	6	4	4	9	5	9	10	5	2	4	7	6	9	9	2	6	10	7	5	3	3	9	2	8	1	1	2	8	2	4	5	5	1	
6	5	5	4	7	8	4	1	5	2	5	9	6	5	7	8	5	3	8	1	6	10	9	2	10	6	9	5	9	3	5	6	1	1	6	7	4	10	5	6	7	8	4	7	6	1	9	9	9	6	
8	4	4	2	3	6	3	3	6	8	6	9	10	4	5	6	9	10	4	2	8	8	6	3	5	4	9	10	4	1	9	5	3	1	3	6	9	10	6	3	6	5	10	4	1	8	1	8	5	1	
10	6	5	4	9	2	8	7	10	2	6	5	6	1	2	6	1	2	1	6	3	7	4	10	6	10	7	8	5	7	7	2	9	3	7	5	6	5	9	6	7	6	7	1	2	4	9	10	7	1	
9	10	3	10	5	6	5	8	10	3	7	1	10	6	4	2	6	3	7	9	9	6	9	10	10	6	4	7	6	9	9	10	10	9	6	9	4	6	5	6	1	4	6	4	6	4	7	3	5	6	
7	8	4	5	10	1	6	9	2	7	4	6	1	10	4	5	8	10	10	5	6	5	1	10	2	5	5	10	1	1	8	4	7	3	4	8	3	10	6	4	9	1	3	2	6	4	3	6	4	9	
9	7	3	6	1	8	9	7	4	2	4	1	10	10	2	8	2	2	7	4	1	7	7	1	1	7	9	9	9	10	1	6	8	5	4	4	10	10	4	7	3	10	3	3	10	10	4	10	9	4	
8	4	4	7	4	6	1	6	6	6	7	1	3	4	1	5	10	7	2	2	3	5	10	2	10	10	3	1	10	7	9	4	8	4	1	5	10	9	1	4	2	2	10	2	9	4	8	5	10	3	
7	6	3	4	10	1	7	3	7	10	1	4	1	7	9	7	10	10	8	10	8	7	1	10	1	9	9	6	5	9	6	4	10	10	6	9	6	4	8	10	1	8	8	7	4	10	8	5	4	1	
7	3	3	4	10	4	8	7	7	6	6	4	4	5	2	10	2	4	5	2	8	7	2	1	10	2	10	9	2	10	4	10	2	1	1	7	10	10	9	4	3	9	6	8	3	7	7	7	9	7	
10	7	10	7	8	9	4	1	10	5	6	7	4	7	2	10	4	10	10	7	9	4	3	2	7	3	2	8	5	1	8	6	1	10	1	10	8	3	1	3	7	7	5	2	9	9	6	9	10	8	
8	2	4	4	3	3	2	8	8	2	7	1	4	8	3	8	7	7	2	7	9	5	8	4	8	2	8	2	4	9	2	5	4	8	5	9	2	7	4	5	10	9	3	8	7	1	2	6	7	7	
4	10	5	4	2	5	3	3	8	2	1	4	2	5	2	9	1	5	10	8	8	4	3	3	1	10	8	3	9	9	1	8	1	3	4	2	5	10	5	3	6	9	3	8	8	7	2	10	3	6	
7	8	5	10	4	1	9	8	8	4	9	2	7	1	4	6	10	9	4	6	5	6	10	2	6	3	8	8	6	1	3	2	6	10	1	3	9	9	4	1	2	8	9	2	5	10	5	8	3	1	
8	10	1	5	9	3	7	7	2	5	10	9	2	9	3	7	4	10	8	8	2	8	3	6	5	4	4	6	5	9	7	5	1	9	5	7	2	10	1	5	8	9	5	1	9	9	10	2	4	10	
2	9	3	8	8	2	9	1	3	3	10	8	10	4	1	10	5	8	4	2	2	3	3	3	5	5	10	8	1	6	10	2	6	5	7	7	10	10	8	2	4	4	7	7	8	9	10	8	7	8	
10	2	3	9	3	10	2	3	1	2	10	2	9	7	1	5	8	4	5	10	10	6	2	5	1	1	9	8	4	2	1	4	8	1	4	3	7	5	8	2	1	9	6	3	4	1	7	2	2	10	
9	10	10	5	5	9	1	8	9	6	9	7	7	3	7	2	3	5	1	9	2	9	1	4	9	8	4	9	1	1	1	5	7	7	3	5	10	6	1	7	7	2	1	8	6	6	5	4	10	9	
7	1	9	4	3	5	10	3	7	2	7	7	8	9	5	2	9	2	8	6	3	5	5	6	5	3	2	5	5	5	10	4	8	6	7	3	1	6	4	9	8	4	6	10	7	6	1	5	9	9	
5	3	8	8	2	6	8	2	3	1	8	6	7	1	9	5	2	10	4	3	10	3	8	2	3	7	5	7	3	9	9	9	6	6	3	5	10	8	6	8	1	1	1	5	6	1	3	4	5	2	
8	4	2	1	2	3	10	8	6	10	1	3	1	7	8	10	10	10	8	8	5	10	6	8	1	7	6	1	1	4	3	3	2	6	9	6	8	5	2	5	7	9	10	1	5	7	5	10	2	2	
4	9	5	1	1	5	6	5	10	6	2	4	4	1	3	3	3	6	4	5	2	2	6	8	10	10	2	1	10	4	3	3	5	4	6	5	5	7	6	3	2	5	3	6	7	6	10	3	8	2	
4	5	4	5	4	5	8	2	1	8	5	10	2	2	6	1	3	6	2	4	3	4	7	5	6	8	4	10	5	2	5	9	3	2	7	7	9	6	5	2	7	7	7	5	6	6	7	4	9	8	
3	3	10	5	4	6	9	9	2	4	5	10	9	9	2	9	3	5	10	8	6	6	6	6	4	1	4	8	7	8	4	5	2	7	9	1	5	4	8	5	4	5	4	10	1	3	1	3	1	6	
8	4	7	1	1	9	6	6	6	8	8	5	10	3	3	4	6	9	4	10	1	2	10	6	4	3	5	9	1	5	1	1	3	2	5	5	2	9	2	5	9	4	10	5	9	7	9	1	3	1	
4	4	3	6	10	2	3	2	3	9	6	7	6	6	1	7	6	8	7	2	4	9	3	6	1	5	9	7	9	8	3	1	3	2	7	5	10	2	10	9	9	5	4	8	6	2	3	10	6	6	
10	10	6	3	6	1	8	1	2	6	4	1	4	3	4	9	5	3	10	6	2	9	7	1	1	3	5	4	5	9	5	4	2	1	5	7	5	4	10	7	4	5	1	3	5	2	6	7	7	2	
9	5	7	3	5	3	4	1	4	2	3	6	1	9	6	9	9	3	4	9	9	5	9	7	1	4	7	3	3	7	10	1	1	6	3	6	7	6	6	10	4	8	3	10	1	5	8	9	9	9	
9	10	6	6	4	8	10	10	2	1	2	3	1	3	5	5	5	4	2	9	9	8	5	2	8	6	1	7	1	5	8	5	5	10	7	3	6	8	4	2	1	2	9	8	2	8	10	8	7	5	
9	10	9	8	10	1	2	1	6	9	1	9	8	8	3	7	2	9	7	2	4	9	1	7	2	1	7	7	9	3	1	3	2	7	4	6	8	4	3	1	5	7	5	7	6	2	4	9	5	3	
9	5	6	10	8	5	9	1	1	2	9	7	6	2	4	8	3	10	9	6	2	9	7	3	6	8	3	4	6	7	7	6	3	10	6	6	2	1	9	7	4	8	7	2	6	9	7	5	7	6	
8	6	10	2	3	1	4	6	5	3	9	6	5	8	2	7	9	7	10	4	1	5	3	5	8	4	8	1	1	6	6	1	8	1	4	5	10	4	10	4	5	9	2	1	4	7	8	2	6	10	
7	5	5	4	9	10	7	1	9	3	6	10	5	8	5	10	7	8	2	5	2	2	8	7	4	5	5	9	6	10	6	6	6	8	2	9	2	3	3	1	7	1	10	5	1	5	2	2	7	2	
2	8	9	3	8	10	1	4	3	7	4	5	2	3	2	3	5	3	6	8	3	10	9	10	8	8	9	5	10	7	8	6	2	10	9	3	5	3	10	7	9	3	5	5	6	1	9	5	9	2	
3	5	6	1	4	1	7	5	2	7	8	6	6	2	5	10	3	9	9	2	4	3	10	5	9	7	9	1	4	3	2	7	2	7	6	3	1	7	4	8	9	5	8	9	6	10	3	5	7	7	
1	7	8	3	10	5	8	8	6	1	5	5	7	5	8	9	1	5	4	9	4	3	8	2	10	6	7	9	3	6	1	7	9	1	4	4	1	6	8	8	6	1	9	10	2	4	5	1	1	2	
10	7	5	5	9	10	2	6	7	7	7	3	1	10	7	3	1	6	5	8	7	2	5	2	4	6	1	2	6	9	3	9	2	3	2	8	7	6	8	7	8	6	8	8	10	5	2	8	2	7	
10	6	7	2	5	10	3	4	10	5	3	6	3	9	2	10	1	3	8	4	1	6	4	5	6	8	2	3	8	6	5	10	5	9	4	9	2	1	8	7	1	2	8	10	3	2	3	4	3	8	
9	8	5	8	3	6	3	10	7	8	8	5	10	7	1	3	3	8	1	4	6	8	10	6	4	10	7	6	2	6	7	8	4	10	8	7	8	1	5	10	5	5	7	1	2	2	4	9	10	5	
3	7	9	9	6	9	9	4	9	3	9	1	1	4	8	10	4	2	5	9	5	9	5	9	2	3	7	6	7	6	7	8	2	5	8	7	1	4	5	10	5	5	2	7	3	10	10	10	6	1	
4	2	3	4	3	8	8	4	2	5	3	10	1	5	4	2	7	10	3	10	1	4	7	4	10	2	5	10	8	10	10	5	2	7	10	4	3	6	8	8	7	9	2	9	3	1	5	7	2	3	
4	9	2	1	10	8	5	8	9	5	8	1	1	1	3	3	7	4	9	8	4	9	8	4	5	4	8	1	10	6	4	9	2	1	3	3	9	9	7	5	3	5	2	9	9	2	5	5	9	2	
1	6	1	1	8	1	7	3	7	7	2	4	5	8	9	4	2	4	9	2	1	1	6	1	2	2	8	8	1	1	3	2	1	6	1	4	7	5	2	4	7	5	7	5	6	10	4	5	7	7	
1	5	9	4	7	4	3	6	7	7	1	5	8	3	8	4	4	5	1	5	5	7	6	6	3	4	4	2	3	6	8	1	9	2	8	7	7	5	5	8	8	1	9	3	4	5	7	9	7	9	
8	4	1	5	3	9	2	6	9	8	2	8	1	9	10	1	2	1	6	6	8	3	5	5	6	9	10	9	3	7	2	1	3	8	5	7	2	4	10	4	8	5	2	7	8	7	2	9	1	8	
5	1	1	10	9	2	3	9	8	10	8	8	7	10	6	3	8	6	5	7	3	7	4	6	3	4	7	4	3	7	1	10	6	6	8	2	4	5	9	5	6	5	3	8	4	9	8	2	7	10	
5	4	2	2	9	7	9	4	2	1	5	10	5	7	6	8	7	5	7	1	3	2	10	4	7	6	7	10	3	5	4	7	6	9	2	5	4	6	7	10	10	3	6	5	3	8	10	9	6	9	
3	10	6	5	9	8	5	7	7	4	5	10	4	5	6	10	9	5	4	5	4	4	10	3	3	1	7	9	6	1	5	10	3	4	8	7	9	7	7	1	7	9	2	5	6	9	8	6	9	3	
1	5	2	6	4	5	7	1	6	9	4	8	9	4	3	3	3	5	6	1	2	8	1	6	9	10	10	6	9	10	2	5	10	5	6	10	6	7	5	6	1	8	8	8	2	4	9	3	8	5	
6	5	5	1	8	8	4	10	7	3	4	2	7	8	3	1	8	3	8	1	4	6	2	6	5	7	7	5	2	10	10	3	1	3	3	2	2	1	8	10	5	10	10	2	5	7	7	5	6	4	
6	9	2	8	5	4	6	7	4	4	10	1	10	1	2	6	9	10	6	4	4	8	7	5	5	1	7	2	4	7	4	8	9	2	3	7	8	2	7	8	7	6	4	4	10	5	1	10	3	1	
5	3	3	4	6	4	2	6	1	4	4	6	2	8	6	5	5	3	4	7	4	4	1	6	2	5	6	3	6	4	6	1	6	7	9	5	4	2	5	10	8	5	6	6	7	3	4	7	10	2	
9	6	1	1	1	4	2	5	6	6	8	6	9	8	7	9	10	6	9	8	8	1	4	3	4	5	4	10	9	5	6	3	10	10	9	4	1	2	10	1	2	8	4	3	1	9	7	8	2	8	
4	5	10	7	9	4	2	2	6	5	7	2	9	10	6	5	3	8	5	5	7	8	6	4	2	9	9	5	3	6	7	7	7	3	8	6	4	4	6	6	1	4	7	4	3	6	9	9	10	10	
7	9	6	7	2	6	1	2	9	10	8	4	2	10	1	1	2	4	2	5	2	2	9	1	3	3	1	4	1	8	6	2	1	8	3	2	9	8	9	7	6	8	3	4	7	7	8	8	1	7	
5	1	2	4	10	2	4	2	3	6	9	9	4	1	2	6	4	2	8	4	1	9	10	2	10	5	6	4	1	1	1	9	1	1	9	7	1	8	6	3	2	3	4	7	1	2	4	2	1	2	
3	10	6	8	2	9	10	7	4	9	8	3	2	5	10	6	5	7	10	8	4	7	1	2	10	8	8	7	7	3	6	8	1	10	7	6	10	10	1	5	1	4	6	6	5	1	7	5	1	5	
7	5	5	7	9	3	8	3	7	6	5	10	9	2	3	4	7	2	6	7	6	10	2	1	8	6	7	9	9	1	8	9	6	10	9	9	4	8	7	1	6	2	5	4	4	4	9	7	4	8	
2	3	4	10	6	2	10	6	2	3	4	8	3	9	2	7	8	4	1	1	5	3	4	8	5	1	3	4	5	7	5	9	2	2	3	5	2	7	8	1	8	6	5	4	8	4	1	4	6	9	
3	2	8	7	6	9	9	3	5	8	3	2	2	2	6	5	10	2	10	6	10	5	6	6	5	7	5	6	5	9	10	9	1	4	1	2	6	10	3	6	8	3	8	2	10	2	3	1	2	6	
6	9	4	9	8	3	6	2	10	2	7	1	4	3	4	7	5	7	10	5	8	1	8	1	9	7	6	7	6	6	10	5	9	8	9	1	9	2	8	9	2	5	1	1	7	10	9	4	10	10	
1	9	2	6	6	1	5	4	8	8	6	8	7	4	9	8	9	4	10	8	3	7	2	9	2	4	5	5	4	9	3	9	6	6	1	8	4	9	6	8	7	3	10	9	6	4	9	8	7	8	
9	6	1	3	1	5	4	2	7	6	4	5	1	10	9	2	6	7	5	3	7	6	8	2	5	5	5	5	4	2	10	4	10	4	6	8	6	7	4	6	7	1	10	5	4	9	3	5	3	5	
6	3	2	8	10	6	2	5	9	5	1	9	3	3	9	5	1	1	7	5	7	1	6	10	5	9	7	10	6	8	1	10	4	10	7	9	3	5	4	10	6	6	9	5	4	6	2	1	1	9	
4	10	10	7	6	10	10	8	1	3	1	9	9	10	8	4	7	1	7	8	10	9	9	3	5	8	3	5	3	1	5	6	2	10	8	5	2	6	1	8	3	1	5	4	10	3	1	6	5	5	
5	4	7	4	2	2	4	9	5	9	5	7	4	9	10	10	8	5	9	10	4	4	1	4	2	1	3	1	5	7	10	7	4	2	6	5	10	5	9	1	3	3	3	3	8	9	6	2	10	4	
2	1	5	6	10	4	4	4	10	6	7	7	9	2	6	10	3	9	4	8	7	9	2	7	4	9	4	5	8	5	3	8	10	4	1	10	1	4	5	5	6	8	9	1	1	1	2	2	8	10	
2	4	7	2	6	3	10	7	2	9	1	5	4	5	2	7	5	6	7	10	2	5	1	8	5	3	6	6	2	6	1	1	3	2	8	10	7	3	3	3	4	8	9	5	4	10	6	1	6	1	
5	4	2	3	4	2	6	7	1	3	7	1	10	8	4	4	10	5	6	5	2	6	8	2	5	4	9	4	5	9	9	4	4	9	7	2	1	10	10	1	5	2	10	7	1	8	7	9	8	5	
4	1	6	3	6	1	1	3	5	7	5	5	9	1	5	7	1	3	4	4	8	1	3	3	9	1	5	10	1	1	6	9	7	8	3	9	7	6	10	10	4	9	2	4	3	7	6	7	10	6	
7	4	6	6	3	4	6	9	1	1	9	9	3	6	6	3	6	5	4	1	7	6	6	3	3	8	4	8	1	7	7	1	10	9	7	4	5	1	4	8	5	8	3	3	10	7	9	10	8	3	
10	3	10	1	10	8	1	2	2	7	10	2	9	10	9	1	6	8	6	3	5	1	5	2	7	2	4	6	5	2	7	10	2	5	1	3	8	4	8	9	8	1	7	9	6	2	5	1	8	4	
6	1	9	8	2	9	8	4	4	8	5	5	7	2	1	8	4	10	1	10	10	7	5	3	3	2	1	4	10	10	2	10	4	3	10	6	6	3	8	10	6	1	8	2	1	2	4	4	4	8	
8	2	2	1	4	6	4	3	9	8	8	1	2	2	5	10	9	9	1	3	10	6	3	6	1	7	7	3	6	5	5	2	7	7	9	8	6	3	7	5	9	9	1	1	7	9	10	5	5	1	
5	5	6	1	10	3	10	9	10	3	5	6	7	3	6	8	3	1	9	2	5	4	5	9	9	9	1	6	4	5	9	8	8	7	1	4	10	4	7	1	6	4	7	9	2	10	9	3	2	3	
1	2	9	10	10	10	7	9	3	7	4	3	1	7	1	9	8	3	2	9	6	6	8	8	6	1	1	1	8	8	5	1	10	8	2	4	8	8	10	8	1	9	10	3	3	7	9	9	8	6	
3	2	6	3	2	5	10	9	4	9	1	7	5	5	7	2	6	6	1	7	4	8	7	6	1	2	6	1	3	5	7	10	1	9	8	8	4	6	7	10	7	2	7	10	7	1	4	8	10	3	
1	8	10	9	5	2	8	8	5	4	10	7	7	4	3	8	10	4	8	5	8	1	6	3	7	2	9	7	8	2	10	3	9	10	8	1	2	5	5	9	10	8	5	4	8	10	5	6	10	8	
4	7	5	4	3	2	8	2	10	1	6	5	2	9	6	7	6	8	1	6	10	7	4	10	4	1	7	10	9	3	6	4	5	8	3	10	9	8	3	3	10	10	2	3	5	9	5	8	10	1	
5	3	1	2	1	8	3	7	1	3	3	2	3	10	1	9	6	7	1	8	1	6	10	1	10	9	6	5	2	2	5	6	6	6	10	9	5	9	9	9	4	8	4	4	4	5	2	4	9	9	
1	10	1	9	1	4	3	7	8	6	10	1	9	3	8	6	2	8	1	3	4	4	5	7	6	4	5	8	7	4	1	7	9	4	5	6	1	7	9	4	7	2	3	3	3	4	3	8	1	3	
5	5	6	6	6	8	8	9	9	2	9	3	3	9	1	9	3	1	3	4	10	6	7	5	4	2	1	9	7	2	9	9	3	9	8	1	1	6	6	3	8	1	3	1	1	10	1	9	10	7	
5	4	6	7	9	10	8	8	1	2	1	6	10	1	3	6	4	10	9	7	10	7	4	10	6	3	6	8	8	8	7	7	7	7	2	8	3	5	2	7	9	8	8	10	8	1	10	5	4	6	
1	3	10	4	3	1	2	8	4	8	9	5	6	2	9	3	8	10	5	3	8	9	5	1	4	9	1	7	7	3	9	5	1	5	2	3	1	7	7	1	6	1	6	10	9	4	10	8	3	4	
3	8	7	1	2	10	3	2	9	6	9	9	6	3	2	5	7	6	4	3	9	3	6	8	2	6	7	8	7	6	9	6	2	6	4	1	9	10	3	1	5	4	9	5	8	7	9	5	1	10	
8	9	3	6	8	3	9	6	8	7	1	4	2	3	6	8	10	3	7	4	10	10	10	6	3	1	8	10	10	3	2	7	8	5	1	7	9	10	8	10	7	8	3	5	10	3	10	3	1	2	
9	9	8	7	10	5	5	7	1	8	9	3	2	5	6	1	10	8	4	2	10	2	9	9	5	10	5	8	1	5	10	1	4	7	10	5	6	3	5	2	4	3	10	5	6	2	9	9	6	7	
9	10	10	7	8	8	2	7	9	1	4	10	1	2	2	5	8	2	7	10	1	4	6	3	1	6	8	2	2	1	3	1	8	9	10	3	9	9	10	3	1	2	2	1	7	10	6	4	8	1	
2	5	3	8	6	2	5	6	1	9	3	1	7	5	5	7	8	8	3	7	6	1	4	8	4	6	5	4	2	7	4	9	1	2	5	2	5	3	9	9	4	8	3	3	5	2	8	2	2	7	
6	4	9	7	4	4	10	8	5	6	6	1	5	8	9	9	9	6	6	5	8	6	2	2	4	4	7	10	2	9	4	2	1	9	2	10	6	2	4	6	3	3	9	1	9	2	7	5	4	7	
10	9	9	5	2	8	2	6	5	1	9	9	9	2	7	2	3	4	3	6	7	2	9	7	3	6	10	9	9	7	4	3	3	3	2	4	6	8	10	10	2	6	7	4	4	2	9	4	4	4	
4	2	2	9	9	2	6	7	6	5	6	5	5	8	7	5	1	3	1	6	8	9	1	9	9	6	4	9	7	4	6	8	8	6	10	1	7	5	5	6	2	1	9	4	2	10	1	2	1	8	
2	10	8	9	1	6	7	10	10	8	3	2	4	6	1	1	9	10	7	5	8	6	10	7	9	1	2	3	8	5	8	7	8	8	9	5	8	10	1	5	4	8	2	10	1	1	9	7	8	9	
4	7	2	4	2	5	7	9	7	2	7	1	5	3	4	10	7	9	9	2	10	5	8	2	5	4	8	6	5	3	9	9	2	4	2	10	4	5	1	3	10	5	7	8	6	1	9	7	9	4	
4	6	3	3	1	5	8	10	5	5	9	6	2	7	9	3	3	10	5	2	5	9	3	1	1	5	2	8	9	5	5	3	1	4	7	4	3	10	4	6	5	3	4	1	3	7	9	10	9	8	
1	5	8	1	4	8	3	4	8	3	2	10	1	5	1	6	2	2	1	9	9	9	2	3	6	4	6	4	7	9	2	8	6	7	10	2	8	1	1	3	2	9	3	6	5	5	1	5	5	10	
5	7	7	3	10	2	6	1	3	9	8	1	3	7	5	3	10	5	7	1	9	6	2	10	8	9	9	4	9	4	10	7	8	2	1	6	2	3	5	5	8	1	10	7	6	5	10	9	9	2	
8	3	6	8	7	3	10	2	9	6	7	6	5	9	6	3	6	3	6	8	1	1	3	9	1	8	6	7	8	10	1	2	2	8	5	10	6	1	7	4	9	3	1	1	5	2	1	9	1	5	
6	6	5	8	10	4	6	9	2	1	9	9	6	6	1	3	1	1	9	8	3	9	10	6	4	3	10	2	6	7	5	10	10	7	6	1	7	2	6	7	9	1	5	2	8	1	10	9	2	2	
6	4	10	2	5	5	2	10	8	5	10	3	6	6	1	5	6	8	8	6	8	4	2	6	9	1	5	6	3	8	7	8	1	5	10	6	3	1	2	3	2	2	10	7	7	4	7	10	10	3	
6	6	2	2	10	6	10	3	2	5	3	7	1	6	6	3	9	8	10	10	6	7	10	1	8	10	1	9	6	1	1	6	9	10	5	10	10	7	9	7	2	6	2	5	2	1	2	6	5	10	
8	5	5	3	9	5	5	7	5	8	5	9	3	9	6	3	2	5	5	1	2	6	4	6	1	8	4	8	10	10	2	3	3	1	6	3	1	9	7	10	6	1	4	4	2	9	8	3	10	7	
7	4	9	2	3	5	10	3	7	9	10	7	2	2	2	2	3	4	7	7	10	10	6	1	9	9	6	10	2	10	6	10	10	2	8	3	9	8	1	7	4	2	9	10	8	8	8	4	10	6	
8	3	2	1	9	6	10	2	8	10	4	7	6	7	6	3	10	5	8	3	2	8	8	8	8	3	4	7	4	2	3	10	1	10	2	9	7	1	4	2	9	4	10	9	8	6	4	1	5	8	
10	3	5	8	4	1	4	2	6	1	1	9	2	10	2	7	7	3	5	9	5	3	6	5	4	9	9	6	6	1	9	10	3	3	7	3	2	5	4	9	7	3	7	6	3	10	8	4	5	3	
4	7	1	1	2	10	7	3	4	5	3	2	7	8	2	6	4	9	4	7	2	7	1	7	7	9	7	9	8	3	1	5	1	6	6	8	1	3	2	9	3	9	3	4	8	6	7	10	8	2	
5	9	8	2	5	7	5	1	7	9	8	1	3	4	10	2	1	1	10	3	1	8	9	5	10	1	5	7	10	4	7	6	10	9	7	7	4	7	1	9	1	9	7	9	4	2	6	2	10	8	
8	8	6	5	3	4	5	10	6	9	5	5	9	8	6	10	1	5	5	10	8	2	4	9	5	8	4	10	6	5	9	8	3	10	9	7	5	8	7	10	2	7	5	5	8	7	9	10	10	2	
6	4	2	6	1	1	8	10	5	1	2	1	5	6	3	8	9	10	10	7	8	2	2	9	6	5	4	4	3	5	7	9	9	7	1	1	9	6	5	3	10	4	10	1	8	1	2	2	9	4	
2	7	7	1	8	3	2	9	1	9	8	7	9	3	6	10	2	2	7	8	6	9	10	4	1	9	4	7	10	9	3	2	6	7	7	7	9	1	9	6	7	6	3	8	5	1	3	3	10	6	
9	6	8	7	4	7	6	7	6	9	9	9	6	3	1	1	1	4	9	8	7	8	1	1	7	8	8	5	5	3	8	9	2	9	3	5	7	8	1	1	8	6	7	9	8	4	10	9	10	7	
4	3	9	2	7	10	3	7	3	7	2	1	5	1	7	10	8	4	7	10	10	2	4	8	8	6	8	10	10	5	8	6	5	1	1	6	2	6	1	2	8	7	3	10	10	7	6	6	4	10	

Stepup times between family, where [f][f] represents initial setup time
On machine	1
24	13	16	22	45	2	30	41	50	8	39	44	16	43	49	11	7	43	14	47	
24	12	16	5	20	48	26	37	13	17	4	41	46	4	19	40	35	27	28	42	
4	2	48	48	12	34	45	22	3	50	38	6	22	43	20	21	19	26	24	3	
25	12	12	7	6	46	42	49	9	12	4	18	30	43	8	15	26	44	18	15	
39	13	41	40	16	18	42	25	45	35	43	13	2	40	44	34	5	19	42	30	
19	8	1	3	24	30	26	46	47	32	23	36	30	48	21	3	3	32	15	37	
30	23	40	6	23	43	12	16	21	33	42	22	11	44	36	22	32	10	3	19	
44	21	36	36	17	7	1	42	10	37	34	19	16	49	50	4	42	20	10	34	
35	6	25	43	36	37	42	32	40	21	16	42	44	18	46	19	24	48	45	17	
21	21	40	1	26	26	2	39	44	15	6	13	5	26	32	49	4	24	24	46	
49	3	2	35	8	33	31	8	26	49	47	45	27	47	14	41	30	33	13	39	
43	50	1	20	20	29	17	41	47	10	6	17	1	13	26	26	40	43	9	39	
37	26	25	9	13	48	42	35	22	41	44	42	37	17	26	30	50	6	48	33	
9	30	18	43	17	6	41	12	4	34	20	18	31	49	17	50	30	10	6	3	
4	26	50	34	49	2	12	28	46	9	8	7	46	27	22	24	5	1	36	36	
1	10	10	36	15	35	16	48	20	12	27	20	8	12	7	42	6	29	13	44	
8	48	6	36	5	23	50	16	39	28	18	34	9	36	41	27	17	34	29	44	
32	49	46	22	22	44	29	11	44	6	29	28	47	18	24	4	17	7	30	33	
25	25	5	36	2	39	34	15	35	27	26	1	6	10	35	34	37	19	21	7	
9	32	16	33	10	43	10	3	24	15	46	27	20	19	49	50	13	50	32	15	
On machine	2
45	40	32	18	5	14	40	6	39	21	21	39	47	1	12	36	48	41	35	30	
19	45	31	12	39	45	35	46	30	43	33	45	15	15	43	31	1	50	24	6	
46	35	34	13	34	40	15	18	34	26	36	4	9	39	48	5	47	27	48	41	
32	37	39	8	24	3	34	23	13	43	19	46	12	42	38	7	14	3	34	40	
18	9	37	29	20	4	36	11	3	16	42	14	4	49	42	22	10	23	44	42	
42	35	24	26	6	49	36	22	19	29	23	48	47	28	46	48	34	9	2	10	
27	21	22	50	38	20	27	6	1	8	19	48	47	14	33	44	30	22	7	35	
4	13	32	17	27	40	12	30	35	18	1	47	29	7	43	24	33	40	10	12	
50	23	23	2	19	10	49	42	23	17	28	48	7	31	49	21	4	23	7	8	
49	21	27	41	35	1	15	50	39	9	31	28	12	14	44	34	17	47	35	17	
43	48	23	21	6	48	47	49	29	20	26	45	44	16	41	22	37	49	7	25	
15	34	27	48	43	28	44	24	15	31	28	30	24	40	19	1	41	38	21	32	
20	1	13	5	15	12	4	16	23	39	14	25	15	2	9	22	8	6	35	19	
27	16	8	35	23	14	10	19	17	7	49	27	39	37	8	42	50	4	31	13	
29	45	36	31	7	43	26	33	20	49	16	44	43	37	5	18	25	25	38	30	
32	31	25	22	24	37	47	30	33	7	35	44	14	7	13	12	9	39	1	24	
14	42	10	22	33	28	41	46	31	30	32	2	25	34	4	34	30	26	22	44	
33	31	17	27	11	11	45	8	32	46	44	46	2	14	29	36	15	8	27	3	
18	17	33	33	35	11	15	18	11	43	25	37	10	11	22	48	4	17	46	16	
17	5	37	38	8	7	43	42	9	42	8	33	15	50	14	37	19	27	12	45	
On machine	3
2	37	4	30	17	27	25	45	18	40	10	5	41	2	49	24	24	17	50	48	
26	20	20	33	33	1	19	18	7	42	25	50	29	34	49	10	30	46	15	23	
10	24	32	44	4	15	34	18	33	9	43	5	22	19	7	42	22	4	46	28	
30	27	10	13	50	38	46	14	1	32	4	22	12	5	24	43	28	26	35	6	
22	27	13	13	34	5	14	33	21	36	29	15	8	38	29	25	28	16	7	14	
7	45	32	30	5	9	47	22	31	49	24	2	15	33	39	10	27	20	9	21	
15	48	42	39	50	24	32	36	7	32	41	49	40	45	44	27	26	25	39	7	
44	16	37	31	25	33	19	20	43	31	11	48	9	11	5	36	28	44	2	36	
4	31	40	19	15	26	12	21	41	44	3	17	39	28	36	37	8	42	6	40	
4	49	7	4	31	46	4	24	7	1	45	3	1	30	21	43	20	11	36	44	
24	27	20	28	32	41	27	15	49	9	11	17	48	38	38	23	3	2	7	28	
6	13	11	26	13	44	11	50	3	37	35	7	22	50	23	16	19	3	28	8	
24	21	36	40	37	5	27	24	43	27	13	28	20	43	35	6	21	4	25	15	
22	48	5	33	19	45	8	6	14	23	37	35	6	2	19	46	47	15	15	38	
20	21	39	22	13	41	30	12	22	14	12	25	1	1	23	37	9	6	4	17	
7	4	43	18	4	2	26	46	33	19	2	44	45	19	36	25	34	30	22	35	
13	49	5	32	24	44	24	19	11	49	48	45	46	38	12	41	47	39	16	38	
2	17	46	17	48	40	17	49	14	35	30	40	27	19	34	7	50	9	10	8	
6	7	23	39	23	5	3	36	46	26	20	32	49	50	33	12	34	35	7	29	
17	42	10	4	13	35	27	35	12	22	34	48	40	35	29	4	27	25	35	13	
On machine	4
14	17	31	42	44	36	43	10	30	36	44	29	36	24	16	35	34	45	31	45	
9	49	6	18	3	30	42	13	39	39	25	14	5	3	36	3	46	42	25	40	
39	19	5	24	41	34	26	23	19	32	25	10	3	44	38	13	26	22	3	17	
32	27	38	19	31	14	35	42	30	10	36	25	49	6	14	2	22	27	45	7	
11	36	19	31	33	31	33	33	10	47	6	41	18	25	17	50	19	31	17	37	
43	35	34	16	42	4	35	48	12	41	48	5	49	4	49	37	43	14	28	23	
39	15	30	25	26	14	13	26	35	50	18	23	33	9	1	19	2	16	29	13	
17	24	21	49	42	14	29	14	17	5	2	18	41	1	36	46	45	28	36	43	
11	2	26	42	34	6	50	34	23	44	46	30	36	45	7	30	33	50	7	33	
39	4	49	32	23	7	5	42	39	23	48	7	25	16	44	37	15	44	37	49	
23	26	16	16	46	17	33	19	47	44	46	31	2	23	50	2	12	49	13	37	
16	18	13	35	26	47	17	8	2	1	33	41	5	43	31	12	8	12	14	48	
31	9	31	7	45	16	34	23	20	22	21	15	44	18	39	24	49	31	32	46	
14	32	23	2	2	50	12	9	9	47	6	39	33	3	21	34	5	24	48	35	
36	20	29	16	49	25	32	5	39	18	42	15	49	2	29	39	2	12	12	5	
42	15	16	31	13	25	46	16	36	44	12	17	22	15	22	6	26	48	34	45	
1	28	29	6	10	20	13	41	7	5	42	20	28	18	20	34	33	45	13	27	
7	31	46	50	49	17	46	35	31	42	9	50	33	46	7	21	8	48	41	38	
40	5	32	42	25	28	39	19	23	47	17	18	16	37	39	20	37	7	18	48	
32	47	7	22	35	27	6	32	40	12	7	33	13	40	30	43	33	38	32	31	
On machine	5
3	7	11	13	46	25	29	12	8	4	12	19	41	41	49	10	5	47	13	15	
12	4	21	42	44	37	26	39	3	42	18	40	34	14	3	15	33	26	3	50	
29	28	5	42	38	33	30	9	1	33	42	3	17	39	45	20	41	47	6	38	
41	26	21	4	45	40	29	14	38	5	28	12	18	35	43	14	36	37	15	50	
35	4	32	16	29	2	20	43	1	45	34	41	33	7	17	30	9	7	37	2	
29	8	17	35	12	42	2	36	41	49	25	8	30	4	20	1	35	31	13	2	
13	39	47	12	45	24	40	1	10	12	9	36	31	42	18	41	10	11	16	35	
4	36	16	31	45	15	13	33	10	35	7	31	28	20	32	17	34	31	10	8	
37	7	28	25	28	4	41	46	32	11	18	49	6	13	33	24	40	41	16	34	
42	32	6	32	8	40	36	9	14	11	42	44	32	28	27	23	2	29	29	44	
23	2	28	39	34	38	33	3	33	39	46	15	47	34	34	40	24	8	18	11	
43	14	32	16	36	3	26	11	13	21	41	30	34	15	18	28	32	27	14	2	
19	33	30	34	23	38	9	46	22	32	40	19	29	17	34	12	16	32	39	24	
10	25	43	21	45	35	26	22	7	9	37	50	18	39	14	3	47	30	25	31	
41	10	6	23	42	41	19	50	12	37	18	38	8	17	18	16	50	1	31	9	
33	39	25	5	11	17	25	8	39	48	23	27	28	3	36	47	8	50	43	42	
20	19	8	25	32	1	27	36	1	3	18	10	33	46	11	13	6	13	17	16	
15	43	39	11	40	45	42	49	20	10	5	30	39	9	48	2	10	3	32	14	
50	24	25	44	39	14	12	3	21	10	26	13	35	35	6	47	38	36	43	34	
28	49	13	16	2	24	38	14	32	32	13	2	28	45	48	40	50	34	32	40	
On machine	6
2	38	14	22	19	34	25	32	5	32	41	9	36	11	34	41	22	41	16	18	
46	12	39	15	48	19	39	1	16	29	9	13	41	13	3	13	35	4	23	2	
9	29	5	39	31	18	8	25	9	36	48	26	23	4	12	7	31	4	15	34	
3	15	39	44	2	1	50	24	5	35	9	50	47	33	29	5	50	7	26	42	
47	7	25	48	10	37	22	25	27	3	36	49	15	22	9	38	12	38	9	32	
45	33	11	47	5	10	3	43	47	39	17	27	15	29	27	28	46	34	50	12	
50	45	13	43	25	42	11	25	8	4	46	13	31	5	36	13	17	20	2	6	
45	49	23	2	49	2	34	27	46	38	45	2	24	42	50	31	11	23	2	5	
30	35	25	15	20	32	7	9	15	36	45	21	6	27	7	7	21	43	15	32	
18	45	3	36	39	18	9	24	49	17	40	27	23	18	7	11	38	10	44	31	
25	37	10	26	19	49	45	4	11	17	50	46	36	3	16	2	21	18	46	32	
29	16	39	34	11	36	28	34	24	36	9	29	31	47	21	10	45	41	16	6	
32	26	37	42	48	10	32	8	21	39	29	44	35	3	32	13	25	29	6	21	
21	27	12	50	49	38	18	48	2	29	49	39	29	43	17	30	23	10	26	32	
39	31	36	17	8	8	36	7	3	17	47	35	28	7	20	31	49	13	37	4	
30	33	4	8	14	20	1	44	46	12	18	35	19	48	13	22	50	43	41	25	
20	12	8	16	11	37	11	39	6	8	1	50	27	7	6	26	31	3	36	49	
21	42	14	17	10	38	23	32	21	10	4	10	33	42	34	25	37	50	42	28	
6	49	42	38	19	23	12	6	2	7	47	11	30	34	49	17	31	23	38	12	
37	7	9	10	45	15	49	42	14	38	45	38	34	42	12	48	29	30	9	10	
On machine	7
20	38	26	43	43	28	23	48	26	33	21	16	1	11	34	48	38	47	6	47	
45	39	14	27	4	37	34	44	32	23	50	15	23	6	43	27	8	34	32	38	
48	34	12	43	29	31	20	5	25	37	12	28	2	28	11	42	12	41	16	39	
42	26	6	46	33	13	14	24	12	46	3	37	7	23	34	43	34	1	43	24	
42	46	45	32	8	29	9	25	22	18	20	5	34	3	47	43	17	32	20	16	
12	13	15	10	20	47	30	6	29	21	40	40	29	21	6	41	35	15	2	15	
4	15	18	46	13	46	4	23	19	50	39	17	46	4	48	31	50	23	45	27	
19	50	43	26	37	16	6	9	9	19	47	31	37	16	33	21	1	47	35	27	
49	28	32	40	6	39	50	36	12	1	9	43	31	24	2	27	12	11	2	5	
18	26	10	42	46	41	35	24	13	30	23	36	22	16	26	1	1	6	40	37	
17	30	3	47	8	16	47	22	16	32	48	35	33	3	14	49	18	33	7	43	
46	42	16	22	42	29	1	23	28	5	43	47	11	32	17	35	37	33	9	45	
17	8	2	34	23	40	40	28	19	42	27	40	1	1	47	29	32	50	3	50	
40	47	6	12	33	18	32	4	22	21	15	49	45	15	37	11	41	48	7	4	
18	44	13	49	27	20	7	48	27	22	38	27	37	34	30	32	30	34	39	34	
13	45	1	43	29	45	37	40	1	22	6	12	47	26	4	32	42	38	32	17	
6	11	27	46	22	37	30	10	19	10	11	31	9	3	31	1	1	42	36	27	
37	29	38	16	22	37	1	10	39	24	29	32	15	29	7	10	36	48	19	14	
32	41	37	26	31	39	40	23	27	11	16	25	24	28	20	24	23	2	35	41	
12	15	23	36	28	31	6	16	50	37	13	17	35	13	6	43	19	9	27	33	
On machine	8
28	6	14	15	12	35	2	34	35	24	36	27	19	31	44	31	4	18	2	9	
50	3	7	29	37	7	22	15	9	50	14	39	23	24	13	46	35	41	29	21	
36	2	35	28	1	35	2	18	2	26	21	12	2	44	33	46	4	48	31	18	
46	39	30	25	48	24	34	32	37	1	22	39	29	27	4	23	20	49	7	46	
36	14	21	2	1	15	2	11	28	50	3	44	50	12	44	7	10	31	14	36	
43	29	38	1	37	38	11	11	31	12	31	3	41	23	44	21	12	10	27	9	
37	31	16	42	27	30	29	37	40	18	8	31	47	17	19	37	21	29	36	39	
31	23	16	23	35	38	36	26	11	27	34	39	32	4	48	46	39	44	6	50	
49	4	13	49	13	45	40	9	13	17	46	43	48	16	27	14	28	25	30	27	
21	44	34	15	20	25	4	36	36	32	27	10	23	40	2	27	30	6	38	33	
10	34	38	17	3	32	45	15	30	11	39	15	29	31	35	12	46	41	11	46	
29	48	36	1	21	50	4	16	3	42	16	3	43	13	37	41	35	46	35	43	
6	15	22	19	15	44	9	44	12	30	22	41	48	25	20	23	39	19	39	20	
15	34	2	20	21	5	10	19	37	8	44	7	2	49	42	31	50	21	37	40	
12	36	46	47	29	47	36	42	38	27	28	40	31	40	10	33	2	30	27	23	
46	19	36	31	29	4	4	2	26	15	42	35	14	19	48	9	1	5	49	14	
46	25	34	45	35	35	23	48	27	49	1	14	39	5	31	11	21	46	16	17	
14	32	17	49	48	42	29	22	37	10	7	44	21	17	13	40	1	8	5	49	
44	7	23	48	17	27	44	48	1	30	3	32	3	27	2	12	23	35	6	38	
8	16	15	4	5	21	20	33	23	4	9	47	6	39	17	8	33	35	11	9	
On machine	9
49	28	26	37	19	14	12	6	2	6	2	41	18	26	4	32	28	47	39	20	
8	20	4	36	3	10	30	29	30	24	5	25	32	24	29	7	16	13	48	18	
9	7	10	1	45	38	48	35	25	1	1	40	47	19	37	16	50	16	37	10	
39	13	42	24	42	3	4	8	47	15	12	38	50	15	31	39	47	43	12	38	
27	13	5	13	35	28	6	19	12	9	47	32	5	11	50	8	3	42	14	42	
44	38	36	29	48	43	16	27	19	46	3	42	11	24	32	17	8	9	7	18	
19	47	20	9	22	22	20	3	46	29	13	13	9	15	41	4	2	29	45	36	
46	18	20	35	45	23	42	23	17	7	25	15	11	34	20	16	44	23	23	26	
6	16	14	16	12	44	40	48	13	27	33	17	9	45	20	35	43	30	27	29	
36	14	31	18	34	49	37	28	11	4	34	35	26	30	21	13	27	35	13	30	
48	25	16	38	28	19	33	39	38	43	43	47	29	6	12	15	47	11	48	4	
20	40	13	40	23	43	28	34	37	1	28	23	42	10	30	44	4	50	35	15	
41	13	37	20	13	21	40	38	33	7	2	35	41	20	4	20	14	36	28	32	
45	8	18	40	31	31	7	2	19	9	27	30	25	11	40	36	25	3	26	8	
20	47	16	33	34	29	16	2	47	38	21	47	15	41	26	22	17	16	21	14	
29	37	15	48	3	48	28	48	10	41	16	31	2	25	39	9	44	24	10	28	
17	1	10	21	47	47	6	25	4	12	2	1	50	48	9	10	44	19	29	13	
27	34	11	49	4	46	2	37	39	5	45	14	15	45	46	37	1	33	21	10	
46	48	50	34	46	17	5	24	28	20	3	26	46	27	25	6	27	8	38	44	
45	30	6	32	46	39	10	5	19	25	6	19	39	23	42	9	33	43	39	16	
On machine	10
45	8	1	10	24	11	41	32	29	32	32	26	9	19	20	23	22	3	43	1	
45	10	1	30	50	27	11	24	26	31	41	27	37	8	36	46	42	48	1	30	
36	14	21	9	44	48	39	20	50	45	6	9	9	49	41	50	20	25	27	36	
46	45	36	37	10	30	32	35	24	19	13	10	14	15	22	26	23	2	15	32	
5	28	5	29	11	44	21	37	18	15	1	27	3	17	45	13	50	9	6	6	
46	9	24	45	42	27	17	13	20	48	13	2	40	38	48	47	26	18	43	42	
23	45	23	37	46	32	17	44	15	6	22	45	27	46	12	16	7	32	36	34	
13	27	38	25	4	25	47	44	28	12	30	45	47	2	31	43	8	37	37	10	
19	34	25	36	24	12	6	15	44	37	2	34	12	44	15	27	45	24	41	32	
31	9	50	3	32	34	22	3	22	25	44	47	44	12	20	10	9	17	7	42	
33	31	17	2	6	24	10	7	27	20	21	45	45	37	41	12	48	49	36	40	
35	22	21	11	12	1	16	10	41	29	42	36	44	26	26	23	21	17	42	13	
2	17	23	4	27	4	19	45	21	50	12	29	24	47	47	28	21	9	48	5	
46	6	25	24	28	9	10	24	12	27	18	12	31	1	40	44	16	26	16	9	
26	26	2	47	8	25	30	30	9	38	36	13	15	24	25	41	28	1	15	22	
40	36	12	23	6	22	27	34	8	24	5	5	44	4	38	42	12	20	18	46	
16	2	50	35	38	28	2	31	17	49	46	1	35	37	14	6	15	49	50	38	
44	11	22	41	3	14	43	30	22	28	5	7	10	23	40	47	22	15	3	19	
18	50	48	46	47	31	9	21	2	46	32	15	39	33	16	42	34	50	16	29	
27	25	44	46	36	19	1	30	1	40	43	8	24	46	7	40	47	43	16	13	
On machine	11
15	7	50	9	12	19	43	10	34	17	11	11	40	18	48	5	16	29	15	37	
15	1	29	42	30	16	16	44	49	48	3	45	10	44	12	50	39	3	24	37	
39	4	37	6	48	6	34	40	43	21	18	17	45	18	28	2	1	7	23	48	
8	1	39	40	27	2	24	26	8	1	13	29	30	16	9	16	4	2	2	12	
11	42	40	27	49	7	4	41	16	33	44	28	24	37	28	32	48	30	43	25	
11	17	25	22	37	46	50	33	43	35	22	25	21	50	50	22	39	49	17	15	
38	50	16	38	36	4	3	49	13	1	34	13	47	42	5	24	27	11	29	46	
34	36	25	47	35	27	43	43	39	16	14	19	45	41	3	47	48	42	15	37	
45	32	11	4	36	27	17	46	38	18	40	23	46	23	19	42	29	26	48	39	
18	34	37	8	2	31	19	5	7	28	44	15	10	35	6	33	6	11	42	42	
50	8	16	17	50	29	2	10	8	43	37	6	38	27	44	44	25	29	30	40	
30	19	10	11	5	35	9	3	16	17	12	15	28	40	25	48	25	49	41	15	
38	40	6	42	13	4	20	18	7	12	21	3	12	3	4	19	24	3	6	17	
30	13	10	27	19	3	48	42	8	7	15	9	46	2	27	11	17	3	29	11	
13	21	43	25	44	35	26	44	47	31	39	39	2	13	15	5	40	44	26	32	
2	17	16	17	48	42	3	10	22	47	31	12	6	47	40	28	28	40	28	39	
26	8	15	39	2	34	23	12	49	6	12	29	16	20	40	50	25	34	24	45	
22	3	43	34	21	44	1	23	11	30	26	13	40	23	38	37	40	12	1	50	
15	50	8	9	34	18	9	11	48	9	31	29	25	3	28	31	16	12	35	18	
11	42	10	16	26	20	18	48	12	27	50	8	46	16	17	12	3	9	16	22	
On machine	12
49	6	39	31	37	12	1	4	16	27	2	23	6	37	11	4	16	13	22	16	
34	40	22	4	44	44	40	46	45	3	48	21	20	12	48	23	15	3	46	35	
38	41	16	29	33	39	30	33	25	15	45	46	38	3	16	16	23	6	49	49	
2	26	14	32	15	27	45	8	39	42	38	50	25	14	20	27	2	22	50	28	
22	7	13	15	35	30	14	17	25	2	37	41	33	23	14	45	2	34	48	31	
9	34	33	38	29	39	15	42	19	39	37	8	21	42	39	15	26	36	10	22	
23	7	1	37	6	50	50	11	30	27	21	42	36	36	47	5	6	41	30	9	
10	5	38	14	39	34	5	25	31	46	40	49	21	14	50	5	13	12	35	12	
39	2	34	35	1	42	48	19	30	35	2	40	41	16	45	10	26	26	10	21	
44	17	28	32	42	25	24	21	36	6	39	31	8	1	35	10	7	6	4	5	
27	30	12	30	38	34	18	35	13	34	44	22	37	28	47	49	10	1	12	44	
29	21	29	33	35	30	48	29	9	9	26	6	22	3	9	20	11	45	50	3	
44	44	34	4	11	16	4	37	35	5	3	7	12	10	4	18	7	47	32	37	
43	15	27	16	3	31	37	16	46	29	43	5	17	3	46	19	18	10	22	23	
29	18	5	45	12	1	19	45	14	26	27	8	42	43	39	39	10	17	24	27	
49	18	50	13	8	6	44	46	29	9	15	30	33	1	15	20	1	23	39	3	
25	4	47	15	1	11	24	21	8	10	21	7	5	49	12	16	18	2	43	49	
14	8	20	2	41	9	42	41	12	35	33	26	36	6	40	26	49	34	16	35	
49	50	2	30	12	6	3	47	14	11	15	47	24	45	37	30	17	43	38	28	
17	8	29	16	37	45	11	13	44	21	17	14	20	22	44	1	4	3	31	7	
On machine	13
11	47	31	15	40	13	25	18	15	36	24	48	38	19	28	23	27	40	1	3	
3	31	18	40	21	38	22	11	22	32	3	37	21	33	8	9	34	13	50	14	
31	37	29	4	31	2	13	20	40	5	38	9	18	48	13	40	11	6	30	43	
14	32	22	24	19	16	41	49	42	17	20	22	21	22	25	41	7	23	46	29	
11	5	27	7	16	5	11	44	16	5	10	22	45	36	3	20	36	28	42	45	
44	45	29	41	30	30	21	29	33	32	28	38	48	31	45	13	43	2	24	4	
17	3	8	4	24	36	31	47	35	10	10	12	39	27	35	30	32	5	9	42	
37	48	28	11	29	3	47	32	32	10	3	1	17	20	15	4	23	18	27	28	
5	20	45	2	36	6	45	5	14	1	39	2	14	3	45	11	42	39	12	7	
25	4	28	45	5	19	27	27	9	45	7	46	4	28	3	44	41	7	7	36	
50	10	36	28	49	11	10	9	28	22	30	23	10	27	10	16	33	8	49	15	
19	20	7	48	48	5	50	36	50	6	43	12	41	2	25	47	14	30	43	4	
16	45	33	36	48	5	7	24	19	28	6	46	9	9	3	5	32	17	35	47	
36	44	11	27	19	23	6	39	27	40	18	45	41	31	42	12	22	36	32	15	
15	3	25	15	40	1	1	17	20	41	29	17	11	5	13	18	37	44	20	21	
9	46	24	12	14	36	44	32	3	16	15	3	30	19	50	37	46	8	33	47	
7	12	47	30	47	31	37	26	46	16	32	41	42	9	26	45	43	23	24	23	
40	34	47	23	32	25	13	11	39	31	42	6	5	27	46	7	33	1	19	21	
15	47	2	49	31	45	38	14	49	45	7	50	5	3	34	15	42	14	42	5	
20	30	44	24	35	22	30	29	37	9	33	29	10	35	19	33	46	13	31	9	
On machine	14
35	26	35	29	41	34	34	45	5	42	48	13	16	5	14	46	20	13	45	22	
47	28	44	11	32	9	32	39	23	8	44	36	8	29	38	42	32	10	38	18	
16	25	25	50	40	22	28	2	39	37	44	43	27	21	8	8	30	23	9	8	
22	15	26	47	37	29	17	30	44	41	49	48	12	24	16	25	23	18	9	46	
49	3	24	2	1	36	7	23	14	10	36	30	11	43	5	37	30	25	26	5	
7	16	49	27	8	37	39	10	16	37	8	3	11	6	25	31	47	46	20	2	
11	12	37	11	24	1	35	11	19	5	22	42	17	23	2	42	35	6	9	25	
18	21	12	4	47	7	36	19	49	24	50	29	7	27	32	17	17	10	5	29	
18	35	24	25	36	47	1	8	37	30	40	11	32	9	22	15	12	21	13	7	
28	28	17	49	8	9	49	47	9	36	4	23	29	28	6	15	11	16	12	41	
10	50	47	6	34	44	18	49	41	46	4	42	29	13	33	22	37	31	10	41	
21	41	42	14	23	44	36	5	19	18	50	6	1	9	36	23	42	18	1	35	
24	14	6	41	18	31	39	14	26	45	41	25	10	24	15	2	10	7	38	1	
9	15	2	8	14	37	42	6	8	41	33	11	1	11	29	37	43	26	11	40	
40	26	16	26	28	16	9	21	30	44	37	50	39	31	18	38	29	37	15	12	
41	2	44	36	49	19	35	45	23	26	32	9	42	4	46	8	26	36	27	9	
47	34	31	45	4	46	7	40	19	39	10	41	19	50	36	38	42	3	24	21	
22	23	36	25	38	4	29	23	48	50	50	35	37	14	43	24	15	8	24	28	
4	14	26	32	38	23	3	2	38	48	5	21	15	1	15	17	13	16	39	4	
49	19	13	28	31	47	2	42	28	4	1	22	50	3	11	13	10	34	44	11	
On machine	15
8	1	33	18	41	2	28	2	37	29	50	1	1	47	2	21	22	29	1	32	
20	6	34	16	36	46	39	3	44	25	16	2	34	47	20	23	3	45	7	8	
25	20	2	40	7	9	5	25	12	23	33	43	9	32	25	42	10	49	42	28	
7	15	29	20	29	34	47	45	5	15	37	15	5	36	7	27	25	45	31	39	
36	37	22	4	50	35	37	46	29	50	31	10	49	31	9	26	37	9	18	31	
34	31	18	38	26	11	13	32	49	26	42	42	2	44	35	35	29	14	4	24	
4	22	17	26	34	12	20	29	47	50	32	47	35	9	10	5	32	1	49	25	
36	37	34	30	36	36	23	17	1	31	39	46	30	49	19	42	29	8	22	42	
8	12	37	27	29	23	4	43	28	34	21	33	6	45	17	33	48	44	49	44	
13	18	9	23	33	48	41	16	2	22	38	7	24	12	6	47	47	10	39	45	
25	21	47	10	5	36	49	12	37	26	11	36	22	4	30	29	22	36	26	17	
49	27	26	41	20	12	19	43	35	37	27	43	3	41	44	47	30	15	5	1	
50	7	7	48	24	19	29	21	4	24	23	31	15	15	18	20	34	27	29	38	
36	48	37	20	7	12	26	39	17	3	38	13	3	27	7	10	24	34	29	36	
32	43	18	36	49	12	30	5	23	8	14	23	3	1	32	40	3	43	33	42	
11	21	16	34	23	50	47	7	18	4	50	26	41	50	14	33	14	23	41	43	
34	3	5	31	46	29	49	16	42	50	4	14	26	37	13	44	22	8	6	31	
23	8	28	27	23	34	50	39	19	13	29	32	10	38	25	1	37	14	41	36	
48	19	12	42	43	18	3	48	33	22	4	41	16	35	35	41	40	40	22	6	
29	26	36	14	19	16	32	15	13	5	10	50	47	43	48	44	36	9	15	33	
On machine	16
50	39	39	13	19	49	9	33	36	37	50	43	18	18	35	23	19	22	6	50	
19	37	50	7	22	13	37	48	17	50	17	40	46	4	5	24	6	5	22	5	
36	26	16	26	11	50	23	20	3	16	41	35	24	19	12	49	17	11	18	13	
30	34	47	21	15	18	20	4	27	47	6	45	11	17	4	20	28	28	11	26	
14	49	41	17	21	2	33	36	14	1	21	46	1	32	34	16	10	35	20	23	
31	1	2	10	43	20	26	1	41	22	20	12	17	29	14	7	45	19	1	16	
32	40	32	23	30	11	42	40	36	50	17	33	11	34	48	41	4	47	4	41	
4	49	35	31	33	29	40	10	28	40	22	1	22	31	30	12	15	46	32	27	
22	37	38	13	19	26	10	33	12	37	17	17	8	10	8	13	42	2	13	11	
27	33	26	34	19	17	38	8	20	10	36	28	3	30	33	3	6	31	8	3	
40	34	1	27	4	12	29	17	28	46	44	2	11	12	30	34	24	40	4	45	
40	19	31	23	50	1	7	30	30	17	12	5	8	41	7	35	26	48	44	6	
33	35	4	19	42	32	11	39	15	7	5	35	24	40	27	8	34	12	23	45	
11	14	15	34	26	30	20	13	9	41	50	29	18	37	24	48	3	26	14	37	
44	19	24	35	37	15	18	32	40	11	24	23	1	22	16	50	26	30	17	13	
20	22	8	30	6	20	46	43	46	49	35	10	4	45	37	33	7	4	8	23	
12	44	48	34	16	1	20	15	43	11	12	44	29	47	47	24	37	24	16	20	
1	48	2	5	46	43	35	18	45	30	23	30	34	49	33	43	24	31	43	18	
1	23	34	11	35	29	21	41	13	35	36	18	30	29	13	34	22	13	3	32	
15	9	47	12	27	48	15	46	35	12	25	18	16	36	8	39	31	11	3	46	
On machine	17
27	14	41	44	29	34	20	2	40	19	22	32	48	29	45	44	29	8	35	13	
20	31	4	8	29	36	3	1	5	28	20	43	38	31	27	2	37	13	48	33	
6	50	1	10	30	22	11	41	22	42	17	10	18	43	7	27	8	39	33	24	
29	26	22	4	14	45	45	8	11	13	8	28	27	23	35	41	23	21	16	13	
35	39	35	12	48	49	36	27	50	48	16	40	10	50	8	19	36	38	40	33	
16	44	48	31	34	43	21	21	34	49	40	34	33	50	3	2	19	18	23	31	
1	17	44	21	21	48	35	38	43	34	19	14	30	40	30	5	4	43	45	15	
9	19	27	25	47	3	15	12	10	36	9	14	30	9	25	33	24	19	15	34	
23	22	35	34	35	20	41	5	10	33	45	5	23	7	14	2	9	21	37	2	
47	37	42	9	19	34	29	31	40	32	22	34	4	20	7	23	40	39	42	48	
14	14	44	49	29	32	17	18	19	36	16	46	9	4	31	33	31	22	44	22	
8	11	11	6	47	2	23	40	4	42	10	12	5	28	19	17	21	6	34	40	
15	29	30	27	5	40	36	50	50	25	26	20	18	48	39	26	48	27	33	47	
5	39	50	4	5	37	6	32	13	1	35	38	6	15	50	50	25	11	29	9	
16	30	24	15	25	46	6	31	42	14	11	20	27	5	3	40	2	25	45	30	
30	49	13	29	7	19	24	46	12	27	6	2	3	1	25	46	4	24	13	21	
34	15	38	47	8	4	8	15	7	24	11	18	40	18	37	16	10	38	3	9	
42	29	33	9	50	26	8	46	6	27	21	45	21	13	33	35	7	45	6	38	
15	18	29	15	15	48	12	10	20	43	47	10	7	41	50	6	42	48	24	6	
34	42	26	24	29	33	2	28	15	29	14	20	18	9	3	47	29	45	34	29	
On machine	18
26	32	37	2	13	41	47	12	16	27	20	35	41	21	5	1	1	31	46	2	
45	5	46	15	40	8	20	9	27	7	45	22	33	4	30	22	40	6	45	17	
40	23	16	48	50	11	37	1	27	18	4	19	41	10	39	11	4	7	10	20	
40	13	49	32	47	45	47	25	26	40	35	15	24	22	2	23	25	6	47	37	
12	18	25	41	45	41	11	25	48	35	45	31	43	45	5	24	17	35	26	42	
33	8	11	25	23	20	8	9	42	25	44	48	16	27	19	32	15	1	20	22	
12	31	33	24	24	27	18	22	22	41	2	33	16	15	13	45	14	41	42	23	
43	31	22	31	46	24	22	34	9	23	26	12	21	2	3	18	7	48	25	40	
26	10	21	1	22	10	49	23	44	35	49	8	23	44	29	6	9	5	25	24	
46	41	44	16	26	47	32	34	22	49	7	37	27	35	16	41	5	12	28	29	
41	32	11	19	21	31	22	27	39	13	18	29	46	13	29	17	41	21	4	9	
40	11	13	15	1	45	45	34	28	20	8	20	29	32	17	18	47	40	20	18	
47	10	22	14	24	46	37	49	15	32	43	36	14	18	28	10	46	15	30	35	
41	37	24	33	15	44	8	22	3	30	10	42	50	15	38	36	7	46	23	8	
19	49	33	13	28	18	5	1	2	28	39	33	39	18	38	2	17	26	5	20	
5	42	27	15	45	39	5	38	16	18	22	39	39	14	46	14	32	48	25	12	
45	19	40	2	47	8	26	2	20	7	47	20	45	5	32	31	40	42	7	49	
49	38	25	17	16	26	43	15	47	7	10	23	23	37	43	34	16	26	18	37	
18	32	20	8	25	15	2	33	11	12	37	5	33	6	4	24	10	45	34	50	
13	14	32	17	11	25	33	40	6	21	16	14	3	33	48	21	41	26	28	11	
On machine	19
3	6	44	40	25	5	45	39	32	20	15	7	12	33	9	7	34	7	16	27	
36	38	34	42	8	29	20	12	27	37	15	17	11	29	3	13	17	2	4	2	
10	47	31	25	40	21	24	15	19	31	19	30	29	43	19	35	27	1	13	42	
33	17	49	46	17	29	33	15	22	28	27	25	18	46	40	33	34	50	49	8	
9	21	41	20	27	5	39	6	15	40	14	38	20	43	44	7	39	26	47	3	
6	47	18	8	49	17	3	18	3	22	16	21	49	11	31	40	10	40	21	44	
35	35	32	48	50	34	4	38	38	26	38	24	46	12	38	23	37	45	30	50	
18	34	20	3	19	20	17	9	6	13	35	22	44	46	42	39	14	19	40	30	
22	7	13	24	4	17	37	16	36	34	35	15	47	22	4	10	23	15	38	3	
34	37	44	43	6	4	28	47	26	43	18	5	29	46	35	30	12	4	8	14	
35	39	3	41	13	42	40	50	34	42	38	44	37	19	5	27	45	13	7	42	
11	46	45	2	47	32	46	40	41	9	7	43	15	5	31	45	28	26	37	16	
42	48	47	8	46	43	13	24	28	9	1	47	15	46	2	38	34	35	50	27	
1	14	6	23	12	42	23	33	44	32	16	41	2	10	32	30	27	15	18	30	
29	25	1	24	43	25	43	41	13	32	12	25	22	2	47	16	29	1	45	35	
32	34	22	44	28	35	16	29	3	50	21	1	41	38	2	25	11	46	38	3	
44	20	18	23	5	21	5	18	34	30	17	28	36	44	33	37	20	32	26	28	
3	15	17	42	17	30	15	46	18	27	7	44	39	47	44	35	46	6	10	49	
44	25	42	27	6	39	8	36	3	2	49	33	17	32	3	20	7	27	33	37	
26	5	40	14	10	36	14	13	44	7	43	15	43	31	16	34	13	41	45	32	
On machine	20
30	20	16	31	34	43	27	33	47	22	39	34	39	2	29	4	8	13	49	6	
14	3	45	38	44	25	11	50	34	14	42	27	31	6	31	16	49	22	45	2	
48	2	22	18	36	17	39	48	15	12	17	41	41	35	17	47	33	18	50	37	
28	34	16	43	23	5	44	12	38	15	15	9	3	14	41	26	14	31	49	41	
33	10	31	44	2	16	47	16	11	11	27	39	12	22	11	3	5	4	30	39	
1	32	33	48	21	34	42	45	6	21	29	7	31	20	45	39	15	30	32	7	
21	33	32	47	2	34	5	35	16	30	27	18	28	33	18	8	25	25	10	19	
45	12	45	6	50	29	45	11	17	26	4	11	5	20	18	47	13	21	40	8	
32	45	18	44	7	30	6	43	30	16	29	16	22	28	21	21	16	42	3	18	
22	12	34	32	3	18	48	23	37	49	47	12	10	19	39	46	44	43	47	1	
4	31	2	42	27	33	48	36	7	34	8	21	31	33	18	18	22	35	37	44	
16	19	7	41	21	3	27	19	49	45	8	36	38	50	28	35	27	31	43	43	
43	5	18	26	3	4	20	12	34	37	30	23	4	38	6	14	46	1	14	27	
26	47	14	29	23	7	9	17	48	38	11	34	21	49	50	29	35	10	12	47	
26	38	47	27	50	2	14	34	1	27	47	48	26	34	2	10	8	44	1	32	
24	35	7	4	8	14	11	10	46	15	49	46	42	32	34	5	15	24	36	25	
44	2	25	9	19	12	35	50	25	39	3	12	5	22	41	42	20	50	4	44	
6	30	49	26	48	12	17	2	27	31	43	42	17	29	22	34	16	4	19	1	
16	6	1	50	20	39	35	35	20	34	29	32	41	28	36	47	3	26	21	8	
4	26	46	21	1	25	21	18	9	35	34	31	40	42	7	6	35	32	29	10	
On machine	21
10	2	48	20	35	30	37	14	38	34	22	2	36	15	44	23	24	13	43	39	
42	19	22	12	46	17	25	38	36	5	23	35	40	5	17	34	23	25	8	25	
10	37	34	41	18	34	7	35	21	8	40	24	5	1	26	32	22	43	39	15	
41	24	27	2	32	3	34	4	19	22	5	44	10	24	23	32	6	16	22	28	
48	48	3	40	10	14	4	12	22	18	34	22	13	22	43	49	32	39	30	40	
19	19	32	11	50	40	25	28	16	8	45	14	13	45	25	29	26	44	26	27	
44	43	10	2	3	6	46	38	48	31	31	3	14	17	49	36	2	10	16	11	
40	8	37	21	12	18	8	42	32	33	21	38	40	40	2	34	18	5	5	50	
37	38	24	13	20	49	17	47	48	33	15	27	40	9	46	22	7	43	5	32	
15	44	10	41	44	18	50	19	39	12	21	9	13	3	22	41	6	6	38	15	
49	42	35	13	24	26	26	47	41	21	10	26	47	49	46	45	24	29	17	11	
25	43	42	31	26	39	36	28	24	47	15	26	21	6	26	14	6	18	18	25	
7	24	32	17	2	34	19	42	28	36	24	21	45	20	39	30	10	49	22	12	
17	19	40	19	38	8	17	3	13	49	18	8	8	16	50	43	34	21	21	41	
34	4	24	35	35	10	7	24	3	42	8	38	2	36	37	13	18	18	47	24	
29	16	30	43	4	18	6	8	37	13	29	17	8	6	28	41	2	9	37	50	
29	49	8	3	43	46	33	6	9	45	43	39	1	50	25	13	30	7	18	37	
5	4	34	25	24	15	35	5	2	11	42	4	22	44	11	18	33	26	19	8	
13	40	13	42	8	19	17	50	27	41	20	4	39	29	9	6	15	27	49	7	
40	27	45	12	21	16	45	16	23	16	5	42	37	38	17	2	28	16	33	23	
On machine	22
5	13	7	32	22	34	36	8	19	39	2	21	4	33	36	7	5	21	11	38	
15	32	24	40	18	15	41	22	39	45	8	48	24	50	36	19	11	23	12	24	
38	21	43	7	38	37	38	47	36	47	49	15	22	2	10	7	48	15	50	22	
22	7	45	25	35	34	12	33	18	3	22	9	49	9	43	46	33	46	33	14	
16	32	44	28	8	5	44	3	23	24	6	33	44	11	12	42	13	42	24	10	
32	10	49	7	32	27	42	19	46	1	25	31	2	45	10	30	44	48	1	10	
18	17	8	45	40	47	38	6	41	33	33	9	14	20	47	30	44	27	21	9	
20	2	48	16	31	28	2	37	1	45	23	11	40	45	35	18	26	12	14	32	
22	7	9	6	37	19	23	25	23	33	38	5	12	24	5	15	38	19	43	12	
41	47	38	39	32	25	31	34	28	35	40	18	19	21	5	44	15	5	50	22	
8	11	22	16	1	13	49	37	49	10	15	17	47	1	28	37	39	31	37	29	
40	9	18	45	24	10	20	46	47	3	33	20	29	10	46	34	37	37	36	42	
33	33	29	12	15	27	28	42	27	32	20	25	40	24	46	27	2	19	32	6	
1	24	33	15	39	19	49	28	8	48	47	46	4	50	12	40	25	15	41	38	
42	42	15	7	31	8	45	49	37	29	29	50	18	17	3	36	37	4	29	10	
47	33	30	48	18	38	19	26	25	3	25	28	8	29	43	5	36	9	27	23	
39	36	2	16	20	27	47	20	39	18	49	5	31	50	28	49	32	18	36	5	
33	31	18	5	37	8	48	6	17	16	13	2	14	14	40	15	8	8	17	3	
50	1	27	2	30	33	42	45	39	46	7	21	24	45	42	28	19	25	9	44	
23	31	38	40	23	27	6	49	5	4	43	46	34	29	45	21	21	17	4	15	
On machine	23
4	39	9	36	24	24	39	42	33	35	45	41	18	14	5	25	40	49	35	26	
23	11	43	33	28	21	29	31	42	32	12	27	32	10	41	36	22	2	8	21	
37	6	40	16	5	36	5	40	32	17	12	20	41	21	29	16	22	1	15	24	
26	1	47	24	44	40	35	35	40	20	8	37	19	6	39	46	50	11	14	47	
31	22	46	29	6	50	19	20	11	13	6	25	48	37	42	7	26	10	5	40	
29	10	20	17	13	38	17	47	48	38	6	15	3	45	20	44	37	16	26	36	
13	34	46	38	6	49	28	44	15	29	5	2	22	2	22	33	3	12	30	14	
6	31	41	8	31	8	29	3	24	16	27	28	36	33	30	10	18	2	16	37	
34	36	33	6	22	49	6	28	33	10	20	30	30	9	48	38	26	19	24	1	
46	7	19	29	32	32	23	43	33	19	11	14	10	13	8	29	13	7	49	4	
34	11	34	11	36	45	32	11	25	49	25	18	1	17	49	40	9	13	23	28	
1	2	36	23	3	50	36	30	34	21	45	38	50	13	14	45	46	13	28	40	
14	3	33	33	20	42	28	7	31	11	21	44	1	33	28	29	45	14	34	1	
29	32	41	6	35	38	34	22	42	21	28	44	15	24	21	42	26	33	23	14	
35	7	10	9	20	41	13	47	15	13	19	24	23	29	42	37	39	2	2	31	
49	31	18	39	22	25	18	46	28	8	44	33	33	9	28	40	35	20	36	19	
9	21	43	14	11	19	48	33	42	22	15	24	40	47	30	1	32	26	43	15	
43	2	43	10	42	23	36	44	7	10	50	9	45	14	47	18	8	7	32	33	
4	34	31	10	36	38	23	2	17	9	11	42	19	10	39	18	20	19	47	30	
34	29	23	18	17	13	10	45	49	38	37	29	14	26	23	43	6	30	36	42	
On machine	24
8	27	25	19	24	19	36	4	36	39	50	24	27	35	37	1	13	50	48	22	
16	30	17	20	42	3	45	17	22	4	45	45	23	50	11	7	24	2	12	3	
7	4	3	2	6	16	41	31	34	37	40	34	38	30	28	33	15	1	29	18	
9	23	43	39	13	14	34	10	19	14	38	18	42	21	26	42	34	19	10	45	
20	41	16	10	12	27	34	41	40	15	2	15	8	48	5	42	6	43	28	22	
34	3	8	6	42	28	16	13	7	27	31	1	15	39	46	18	29	29	4	43	
23	1	34	2	12	18	38	5	23	21	4	28	35	7	30	12	21	35	7	30	
13	8	46	19	6	4	3	11	50	35	39	26	47	41	15	33	8	8	35	41	
29	7	20	17	40	12	26	26	3	35	42	26	28	19	3	31	24	30	3	2	
12	8	33	1	35	45	47	15	50	28	47	3	19	50	1	46	18	17	36	43	
38	3	12	34	12	8	19	14	16	29	23	21	2	34	43	30	12	11	20	5	
2	25	38	43	46	12	29	1	31	30	39	12	32	27	42	49	19	33	36	43	
47	1	47	10	27	23	6	2	13	8	1	22	20	7	18	40	1	7	38	6	
25	18	37	15	20	37	38	34	24	29	38	31	35	50	14	36	3	39	39	41	
33	18	43	34	9	45	26	37	34	41	29	31	44	13	41	9	49	5	16	20	
40	10	21	26	5	15	10	26	26	26	35	44	37	15	31	49	41	42	37	11	
29	6	10	13	34	16	25	38	3	31	49	28	33	7	23	45	33	24	30	7	
8	38	31	32	8	50	36	19	25	17	35	3	33	16	39	15	25	31	49	22	
15	22	5	39	1	32	32	4	8	46	2	12	19	38	45	24	9	50	36	44	
37	49	14	19	41	35	17	19	41	3	41	23	5	24	19	45	40	18	27	39	
On machine	25
15	19	43	25	2	46	4	8	15	31	22	6	13	16	1	30	39	32	22	44	
48	23	38	16	24	41	15	50	7	19	28	50	39	33	44	4	38	22	8	11	
1	28	41	35	3	28	32	1	38	46	3	35	43	12	24	16	12	20	46	23	
26	36	3	12	10	36	24	37	47	10	26	16	17	26	44	43	17	19	31	18	
32	48	36	15	45	31	50	47	35	37	31	1	35	42	32	21	47	50	20	21	
24	8	38	43	8	16	10	31	40	20	50	15	42	21	42	40	18	47	9	33	
35	9	42	33	36	5	3	29	15	43	49	45	11	44	45	43	50	1	30	14	
34	41	45	39	12	38	46	12	5	20	30	47	47	3	33	28	1	10	4	50	
27	43	49	22	28	6	30	45	44	22	27	33	45	28	20	33	32	34	14	3	
44	49	27	4	44	6	30	29	47	26	47	47	48	30	45	25	25	46	4	38	
37	44	41	39	37	21	12	11	8	37	25	42	14	16	40	36	21	32	13	28	
26	35	46	32	3	22	14	24	31	31	21	30	6	26	30	32	43	23	17	30	
6	26	25	46	22	13	43	6	3	49	48	47	50	50	25	1	22	36	16	30	
30	12	12	47	18	31	14	10	45	32	28	43	24	39	50	36	27	43	42	19	
1	33	1	41	49	46	29	36	48	1	17	1	32	1	42	11	45	14	27	17	
21	16	40	7	38	42	33	9	33	15	8	46	4	39	33	26	39	32	42	30	
42	10	40	3	8	10	13	6	48	33	22	34	33	22	37	21	30	7	22	21	
21	42	14	38	48	34	2	14	7	29	3	45	6	43	21	8	31	49	32	4	
25	1	21	49	15	46	35	26	27	12	16	23	50	35	14	42	31	8	46	19	
28	23	17	16	25	9	24	8	33	29	3	2	48	42	13	36	27	15	1	29	
On machine	26
18	29	20	24	8	42	48	7	39	13	43	37	11	36	30	18	28	32	48	47	
19	23	39	4	12	26	34	13	33	41	18	11	39	16	7	50	29	31	41	35	
48	36	45	6	42	13	11	25	35	12	14	14	11	46	6	13	30	15	37	44	
20	17	44	27	12	9	50	4	38	39	8	9	47	22	33	9	46	28	28	20	
48	40	40	22	17	14	48	26	6	34	3	34	24	29	12	24	26	28	22	46	
1	7	44	31	23	8	7	11	22	5	23	37	18	40	46	31	14	17	34	26	
45	21	34	4	29	8	15	1	48	13	49	23	5	30	50	49	7	36	37	4	
28	12	12	31	39	36	7	1	11	30	26	42	46	25	32	23	3	20	43	15	
31	38	42	23	2	21	24	10	17	29	5	17	7	24	26	50	32	5	44	5	
39	36	34	7	1	24	50	39	39	12	15	8	44	26	5	22	11	49	14	21	
34	4	31	30	12	23	32	26	24	28	32	47	12	28	30	37	35	17	11	2	
33	37	26	38	44	41	6	23	29	9	27	43	42	15	48	13	36	38	27	22	
8	6	10	48	34	36	27	35	15	23	16	5	25	35	43	38	44	5	3	5	
20	43	17	38	20	41	36	7	29	48	25	5	45	46	5	6	7	1	27	50	
21	17	31	36	45	42	7	11	13	3	7	8	41	18	13	38	23	17	27	29	
4	7	37	18	45	45	8	10	1	46	14	38	33	42	8	39	37	25	3	5	
6	48	8	13	16	48	46	40	41	11	43	26	21	15	36	18	50	17	3	33	
26	5	6	12	37	17	7	45	31	21	24	8	38	21	50	43	41	10	36	26	
4	36	31	6	1	13	21	15	22	32	23	49	40	26	17	37	2	8	10	3	
10	21	30	31	42	30	39	35	32	21	3	13	31	5	12	34	9	50	7	3	
On machine	27
10	24	14	46	26	8	35	13	47	40	6	28	30	43	49	17	50	26	17	15	
3	40	2	50	22	39	38	32	18	10	31	10	32	43	12	27	12	32	30	3	
5	35	2	2	16	31	11	23	9	43	22	21	16	23	42	15	21	49	44	5	
10	36	37	38	3	19	5	39	20	30	37	41	9	36	34	37	14	49	1	24	
35	27	9	5	29	29	36	2	40	18	39	8	47	43	39	18	26	23	7	47	
13	50	47	50	36	20	22	1	26	13	12	29	36	11	36	1	21	21	28	19	
36	5	40	44	34	29	11	47	6	49	30	5	2	25	16	18	10	31	5	25	
47	11	40	24	48	48	4	9	12	38	41	27	24	27	37	24	5	42	46	15	
6	16	48	50	37	23	27	44	44	13	42	13	44	42	44	11	48	47	32	18	
37	10	32	2	29	40	33	42	9	1	15	44	35	25	35	10	39	5	3	20	
37	45	19	16	13	11	36	26	40	41	26	12	36	5	26	35	35	42	30	39	
4	39	5	5	27	8	17	36	47	38	20	29	5	50	4	25	26	28	50	13	
47	2	24	5	17	20	45	40	44	49	34	13	15	17	21	17	12	6	31	1	
31	33	47	38	23	25	13	39	26	19	27	27	37	50	1	49	40	25	47	49	
19	10	26	28	4	18	17	23	18	23	29	22	30	40	3	33	4	26	43	8	
29	15	18	7	5	14	37	29	13	14	21	47	5	4	8	29	45	27	21	3	
37	7	7	7	10	48	17	20	20	23	39	38	16	40	16	27	30	42	7	32	
28	42	12	44	43	21	16	13	41	50	12	18	36	16	39	18	43	20	48	4	
25	40	16	20	40	44	24	5	38	1	28	22	20	12	26	43	20	22	18	16	
43	20	4	9	13	16	17	6	18	43	44	11	31	24	25	8	4	19	14	5	
On machine	28
21	41	23	42	44	22	37	22	38	10	9	20	14	47	34	22	1	16	11	36	
32	36	2	31	32	27	36	33	5	48	7	27	39	43	3	24	42	3	19	16	
41	26	22	31	41	42	39	5	44	44	25	50	42	14	20	18	4	17	28	14	
10	21	48	36	44	37	16	32	26	46	19	33	36	37	46	2	2	28	5	46	
32	38	37	36	10	23	35	12	41	34	24	44	50	16	40	9	26	48	6	8	
23	24	11	33	40	31	19	39	21	14	49	50	44	12	21	19	22	14	27	31	
20	20	43	5	11	3	21	35	28	34	49	48	6	9	14	34	2	8	29	13	
38	18	42	46	28	30	32	31	24	15	1	16	5	6	4	4	43	42	46	17	
35	47	14	29	47	9	42	17	10	39	16	17	23	20	20	43	43	25	33	49	
44	50	11	17	48	43	13	2	32	1	46	12	17	13	16	49	38	1	32	28	
20	36	39	35	3	35	30	8	2	44	30	18	46	37	27	29	33	10	37	35	
18	40	39	46	23	11	4	20	32	22	25	19	12	9	13	14	39	47	24	23	
19	47	14	39	37	19	16	16	35	48	21	49	14	49	12	31	10	24	45	14	
3	6	40	30	1	30	31	25	5	17	40	41	38	3	45	22	22	33	30	33	
22	42	32	35	30	9	29	34	7	27	6	24	30	19	21	6	13	41	41	28	
45	9	7	20	4	35	15	28	38	21	13	24	17	11	31	48	38	49	28	9	
9	50	7	39	46	11	8	33	11	39	5	32	7	35	9	32	18	32	19	33	
13	44	9	21	4	31	24	32	50	19	26	45	12	1	16	23	33	42	45	17	
13	45	34	30	17	9	9	20	13	38	15	15	6	2	9	34	35	26	46	48	
23	49	20	11	31	45	1	40	3	36	17	8	4	48	13	39	6	47	22	41	
On machine	29
32	43	29	32	44	5	28	42	25	2	47	25	36	34	44	30	37	40	4	22	
4	32	10	37	7	37	44	45	34	11	34	50	7	6	30	29	43	36	14	47	
2	28	10	7	35	24	35	31	23	5	43	2	22	26	50	44	50	28	36	36	
47	31	16	7	27	46	16	8	22	13	42	15	5	43	17	26	9	47	15	10	
11	38	21	13	37	11	47	48	22	30	11	44	21	5	33	8	46	24	6	23	
22	7	16	34	32	38	23	45	2	9	10	49	47	17	37	44	40	42	14	4	
43	23	50	18	25	14	1	43	32	40	47	11	23	20	37	4	36	12	15	34	
9	26	3	8	33	43	20	8	35	47	3	41	31	32	46	40	46	42	36	26	
40	20	24	29	28	35	45	5	6	42	31	21	47	6	14	4	13	7	44	36	
24	27	49	44	33	39	38	37	17	42	17	13	4	45	30	42	8	50	13	47	
2	46	20	38	42	47	25	2	39	20	37	19	44	49	20	39	29	9	26	22	
46	41	27	1	16	4	39	36	50	20	26	40	49	25	12	35	47	23	41	27	
23	42	30	7	14	14	22	27	3	43	49	33	19	25	45	6	50	50	4	12	
49	34	16	16	21	22	28	50	21	15	33	4	25	37	9	8	21	31	43	7	
17	46	49	23	31	33	4	31	15	40	42	15	44	20	48	21	20	49	37	32	
36	33	43	15	14	39	3	6	38	34	18	13	30	16	45	32	50	17	20	48	
28	9	28	44	32	28	50	7	14	41	32	14	34	39	11	31	30	37	40	30	
9	48	48	19	23	36	48	31	50	36	41	41	47	34	44	44	13	35	37	9	
40	43	30	49	1	1	36	23	10	26	17	31	14	1	48	31	20	7	32	2	
32	1	43	22	10	15	12	9	43	7	38	4	48	12	24	29	8	39	19	36	
On machine	30
25	12	28	22	40	12	23	9	6	26	26	35	19	49	34	23	29	7	9	18	
28	36	23	15	19	39	45	29	39	9	27	28	29	24	3	14	3	49	41	5	
9	19	38	31	41	49	49	45	35	10	14	16	18	11	42	30	29	28	49	18	
3	39	19	33	47	23	29	3	17	1	34	27	1	46	36	19	28	1	19	40	
33	32	41	15	9	30	1	19	20	15	45	28	1	16	12	6	22	21	47	11	
15	31	22	2	11	14	16	43	15	46	24	44	44	38	11	19	26	41	4	47	
10	18	7	50	33	37	19	8	34	46	5	18	19	42	19	16	24	48	45	3	
23	45	32	42	50	33	46	31	37	3	27	36	6	16	1	30	48	11	2	16	
48	45	38	19	36	7	10	19	16	21	6	46	27	4	39	9	48	16	12	30	
5	24	25	9	21	27	6	42	1	13	9	11	49	21	7	9	32	5	16	36	
8	49	1	32	48	48	43	1	34	15	30	2	22	49	31	39	18	45	23	30	
6	31	39	1	27	7	27	15	14	4	11	10	3	14	41	28	7	9	48	11	
22	31	23	11	11	32	42	44	8	16	46	18	8	20	17	34	39	17	23	16	
30	28	12	29	23	49	6	21	19	22	25	44	15	15	8	8	35	24	29	18	
6	15	43	34	49	16	1	25	1	8	28	20	7	32	2	37	24	3	12	9	
25	5	37	14	34	48	16	36	50	4	11	10	33	39	28	42	2	31	49	32	
8	45	4	45	25	35	24	14	37	19	13	9	35	40	32	22	1	28	49	6	
37	42	41	47	9	8	28	47	39	14	47	18	13	26	6	26	31	47	23	6	
12	47	34	35	39	34	13	45	37	1	17	30	15	39	18	3	28	35	16	10	
48	12	44	16	48	39	16	19	41	25	19	9	45	13	6	11	3	42	3	25	
On machine	31
13	15	47	42	33	41	39	10	47	37	35	50	9	11	1	21	39	30	22	19	
22	26	14	34	47	43	29	10	12	31	10	10	17	11	25	22	13	19	14	2	
26	9	33	10	32	37	3	35	48	39	35	49	9	20	18	48	13	6	10	44	
21	48	16	11	33	40	36	35	19	42	21	20	34	35	38	48	22	50	29	3	
32	19	30	18	43	21	1	38	9	17	15	4	48	12	20	18	3	38	17	6	
18	47	32	48	46	42	21	46	34	1	40	43	34	7	23	11	6	45	17	1	
6	15	32	3	23	12	48	25	35	41	34	12	49	7	36	5	5	13	46	37	
46	22	18	40	17	37	44	34	7	40	34	19	37	23	29	33	39	6	5	36	
17	29	4	38	4	23	19	8	12	23	3	4	8	10	29	21	6	22	44	33	
48	43	31	43	5	25	37	45	40	9	43	38	26	7	37	2	46	27	49	45	
24	48	40	30	26	39	14	4	24	3	30	7	13	23	43	15	48	5	49	2	
50	41	23	40	21	50	26	3	29	35	9	32	5	30	23	31	41	29	16	7	
46	13	4	17	4	9	13	21	12	37	48	48	2	13	9	46	48	19	34	38	
33	11	15	7	34	16	10	27	47	33	31	10	26	20	30	3	14	44	23	31	
26	4	32	36	37	26	48	38	10	10	47	28	41	44	44	36	33	2	49	13	
30	50	33	34	42	31	13	14	16	49	9	49	29	7	27	6	9	48	18	9	
50	12	47	4	25	17	48	46	43	24	45	45	37	37	3	30	26	28	48	44	
7	45	13	35	9	15	47	43	28	43	31	25	7	24	41	13	38	1	28	49	
28	9	38	36	27	25	21	31	18	6	35	18	47	50	2	45	29	22	14	32	
7	14	38	14	14	10	35	48	45	24	37	30	31	2	1	16	34	42	8	31	
On machine	32
10	25	25	13	13	8	22	13	18	25	11	2	15	24	3	28	10	50	24	3	
5	2	41	17	33	45	5	12	34	15	1	30	36	7	25	15	4	11	32	20	
2	12	22	22	20	31	28	3	29	25	41	17	19	6	23	2	50	29	38	19	
15	36	40	45	23	10	13	33	16	2	33	9	33	19	17	50	4	34	46	46	
37	1	1	24	43	43	26	26	4	30	17	14	49	20	36	37	1	46	6	14	
39	38	19	37	26	8	45	16	23	45	40	15	46	6	29	38	26	4	11	29	
1	4	33	38	15	41	33	6	10	46	47	11	22	1	3	8	1	16	31	18	
2	34	28	20	30	15	7	34	4	6	50	26	21	42	49	5	23	50	44	26	
5	46	3	45	21	42	33	50	4	46	27	5	41	13	6	14	6	26	29	10	
19	49	31	13	5	38	14	13	24	33	4	20	3	4	12	26	29	3	3	50	
28	1	35	42	41	18	50	30	47	47	27	42	5	49	13	28	12	14	25	2	
7	17	35	28	20	29	7	16	44	7	12	9	21	18	39	26	47	33	5	13	
28	30	6	16	30	26	16	5	26	4	13	24	10	35	49	45	35	21	36	41	
44	31	41	4	23	29	10	22	43	7	14	39	20	26	14	43	27	48	6	20	
50	39	5	37	11	27	15	27	14	45	35	36	29	4	22	35	2	46	37	13	
46	48	9	42	25	45	31	5	9	39	40	41	10	48	16	43	38	19	6	32	
33	41	16	8	13	13	14	32	32	4	39	37	12	30	42	22	13	24	30	1	
29	9	3	42	30	7	21	36	24	48	37	2	33	38	46	50	25	37	7	28	
34	14	20	25	39	3	35	26	27	24	47	24	25	20	27	50	31	2	23	49	
43	20	35	26	10	9	18	48	25	38	43	20	3	30	9	6	35	33	25	38	
On machine	33
50	37	29	24	25	4	10	37	29	48	33	2	11	25	31	7	1	7	34	36	
42	42	36	4	17	7	20	34	10	17	32	36	11	14	21	21	19	31	30	38	
5	36	19	26	26	50	14	41	5	6	3	15	17	21	12	7	4	39	20	6	
1	27	14	26	17	6	36	41	45	19	18	27	31	30	27	13	22	9	17	21	
37	8	20	37	28	33	18	47	1	28	6	38	6	40	10	23	42	16	5	2	
48	9	24	5	34	43	23	39	49	14	18	41	44	48	27	44	48	23	47	26	
45	47	3	50	28	39	25	29	29	31	3	49	40	1	26	14	10	40	31	27	
7	39	23	45	30	11	47	49	24	27	15	25	5	47	17	44	36	50	13	44	
27	14	29	4	34	38	27	2	4	48	26	33	41	16	39	45	19	27	40	38	
30	49	16	25	18	21	13	27	42	35	23	22	34	27	27	30	45	48	19	15	
28	7	33	18	29	20	3	19	1	24	46	49	44	13	9	48	4	19	30	15	
5	36	14	17	40	19	27	36	29	38	39	26	16	50	18	21	48	9	46	1	
40	36	1	42	25	26	11	2	45	6	28	48	17	47	40	39	48	24	32	10	
17	40	17	36	15	49	4	24	43	27	19	21	47	22	16	27	39	44	14	31	
20	41	13	9	22	38	26	7	36	3	37	46	30	12	21	9	18	38	9	38	
21	1	30	31	17	15	32	45	42	33	29	41	16	49	22	43	15	7	4	46	
35	5	15	2	12	49	42	49	38	38	16	23	44	5	43	37	17	39	39	35	
15	3	13	22	12	41	15	18	31	33	7	16	19	24	46	37	18	27	27	14	
50	2	46	49	50	10	23	35	11	17	14	8	25	23	5	15	29	36	47	12	
7	36	11	50	47	36	5	7	35	10	28	41	3	30	2	41	49	29	35	4	
On machine	34
41	44	49	20	48	21	2	23	20	8	37	24	46	7	5	31	10	24	29	33	
49	7	48	22	40	4	2	4	35	14	27	48	1	10	30	41	17	8	7	11	
26	23	11	37	47	40	15	38	39	18	18	2	30	12	47	26	5	42	3	43	
42	2	14	16	44	5	28	35	4	26	21	4	1	14	8	19	3	33	37	12	
9	4	14	5	42	4	43	38	18	7	24	26	20	37	29	4	43	39	22	19	
10	4	17	24	48	19	21	33	26	44	15	39	42	30	13	33	15	18	50	49	
26	46	16	14	24	20	21	41	49	44	23	39	29	28	22	10	24	20	6	30	
47	49	44	1	33	32	37	18	20	20	6	13	18	34	7	8	17	42	48	8	
17	43	41	1	14	37	8	34	47	42	41	3	4	7	44	28	14	44	44	28	
2	43	2	48	10	22	27	20	1	30	36	45	45	23	10	22	1	40	39	6	
25	28	33	11	31	26	15	38	22	44	35	35	7	14	43	38	42	49	49	20	
32	20	24	37	26	43	11	10	39	21	45	2	10	8	23	37	46	9	10	28	
8	45	26	37	36	36	37	7	17	22	8	50	6	31	20	30	47	35	20	26	
36	23	48	33	41	23	29	4	5	5	23	43	42	43	15	4	10	4	21	2	
17	48	23	45	39	7	23	20	27	11	1	24	15	6	29	14	11	23	45	37	
36	7	1	26	34	40	16	17	43	45	36	18	2	26	6	13	12	38	48	46	
38	4	6	24	25	19	41	26	19	9	19	35	47	30	4	49	16	34	28	45	
4	17	50	7	10	34	45	28	2	44	21	19	26	40	24	31	27	33	37	18	
47	15	28	18	42	6	41	45	22	3	26	5	49	27	3	48	36	40	4	24	
46	25	17	13	3	43	10	25	48	5	10	16	26	44	25	36	4	3	18	32	
On machine	35
16	29	1	48	6	41	29	15	29	13	48	35	19	41	24	49	41	26	5	31	
9	30	4	16	35	27	50	17	1	47	5	48	1	14	30	8	45	41	32	39	
49	13	6	46	10	13	37	37	36	7	17	19	50	4	1	38	48	29	20	22	
17	9	38	5	42	12	24	37	25	1	31	19	14	28	21	26	21	24	17	28	
1	29	21	35	49	5	19	17	47	43	21	6	20	49	25	14	29	8	3	1	
47	3	7	14	47	9	43	37	36	45	26	30	41	17	17	4	19	12	9	13	
17	8	22	18	8	1	47	19	29	44	5	2	12	4	43	48	36	45	48	9	
29	19	3	9	4	22	20	18	8	37	47	35	38	9	28	27	17	38	11	39	
34	9	7	1	37	44	39	22	25	15	19	34	28	32	32	38	8	23	5	12	
38	11	26	13	50	8	9	2	15	38	38	29	28	6	35	35	6	34	25	16	
41	44	46	4	25	6	28	29	48	21	7	49	9	4	34	17	18	45	40	6	
2	50	34	2	18	37	18	40	30	47	42	24	7	29	16	30	34	14	18	7	
41	6	49	26	39	47	33	13	40	15	5	38	5	48	37	3	7	22	16	49	
20	21	25	5	31	2	45	29	25	37	47	35	14	14	26	22	40	32	4	42	
25	41	28	31	9	42	25	2	9	11	23	39	38	21	10	3	15	24	3	2	
4	36	46	17	39	31	35	25	14	15	9	34	12	32	40	36	22	43	17	37	
16	33	44	44	7	48	40	23	2	47	20	44	49	7	29	27	21	24	28	26	
10	34	35	29	26	43	39	37	1	27	27	23	38	12	36	49	41	4	35	25	
3	9	43	6	8	13	27	12	30	1	29	8	6	36	47	19	10	38	2	27	
34	15	45	10	42	49	47	7	23	33	25	13	27	9	42	8	34	28	42	15	
On machine	36
40	1	5	46	44	39	17	13	33	6	40	45	43	17	41	10	14	36	12	9	
18	5	25	46	18	9	21	28	20	13	1	42	35	34	5	50	43	22	35	40	
18	10	50	41	30	11	15	2	20	16	8	6	26	15	29	14	12	29	27	11	
1	37	19	40	17	17	12	37	32	43	36	16	15	41	11	11	31	39	22	44	
19	35	46	3	20	10	31	50	40	15	19	4	14	16	43	20	30	16	1	4	
7	41	49	8	40	16	25	4	25	10	42	23	16	33	3	27	49	23	32	4	
24	2	29	47	11	28	50	37	24	14	39	7	46	35	12	8	44	25	46	27	
7	15	47	17	46	20	41	7	4	22	14	13	48	17	1	11	1	35	19	43	
37	18	31	15	20	23	26	12	47	19	20	13	32	18	28	41	7	43	19	45	
15	50	2	47	36	15	4	1	6	16	28	26	2	4	34	3	43	21	45	38	
37	28	23	25	27	32	1	25	39	35	33	19	14	50	8	36	38	45	4	33	
43	16	3	36	8	25	15	28	5	29	33	46	2	23	29	17	9	32	11	22	
12	2	8	25	20	18	20	33	24	34	34	42	37	50	26	12	17	1	34	44	
34	36	4	31	34	13	17	50	21	49	38	40	41	26	6	43	38	19	34	11	
38	46	40	17	6	10	30	34	7	42	34	1	19	8	17	36	8	30	26	38	
28	37	14	35	36	38	22	22	44	1	2	27	26	19	44	14	15	43	19	39	
49	50	33	45	11	37	4	7	20	33	37	41	46	36	49	16	11	28	30	45	
33	31	47	49	42	15	7	10	38	9	17	27	25	39	50	25	44	12	43	33	
38	33	9	6	48	44	11	48	44	15	45	41	44	32	6	20	43	41	48	16	
49	17	15	38	48	36	38	38	24	23	22	31	27	11	21	34	45	14	16	17	
On machine	37
49	22	32	35	42	9	40	10	42	25	3	26	1	10	22	14	45	28	12	4	
33	7	38	19	2	23	9	14	36	16	4	18	20	17	14	27	17	38	32	50	
35	37	1	24	37	2	14	40	5	40	50	45	47	6	43	5	12	27	43	25	
14	5	13	48	43	29	20	10	35	20	27	18	47	12	48	17	23	13	17	12	
47	19	14	29	42	23	15	22	33	3	50	24	2	17	5	46	44	2	1	14	
15	39	8	31	39	34	47	6	36	41	43	12	40	42	42	42	6	45	41	2	
19	8	27	28	15	28	47	48	39	30	47	4	25	21	50	17	22	11	40	8	
42	10	16	37	49	31	22	42	41	39	2	17	24	42	18	13	26	12	36	9	
10	16	9	36	24	21	9	27	45	30	35	30	11	50	17	50	11	27	32	4	
9	12	5	4	11	16	39	27	19	19	15	20	5	50	12	34	38	14	45	8	
17	46	20	15	18	26	12	36	45	24	24	40	14	36	8	32	5	13	12	19	
31	42	34	38	22	42	41	29	2	20	12	17	39	19	43	4	6	47	47	29	
39	6	38	1	12	25	48	45	14	14	18	26	26	32	42	44	8	44	5	32	
1	26	5	7	29	16	21	11	36	14	17	8	20	12	9	30	41	12	11	50	
13	21	31	4	42	18	43	42	6	42	37	1	21	43	2	34	36	1	36	45	
21	42	48	15	50	25	16	29	26	9	23	20	40	39	30	4	27	24	27	23	
26	26	3	25	49	28	2	21	39	43	35	10	1	22	26	9	10	15	16	15	
10	38	50	22	31	2	33	44	47	5	22	40	48	16	44	44	2	36	37	17	
14	33	28	17	41	13	46	31	44	12	4	30	28	45	14	10	4	12	28	14	
18	43	29	29	6	26	11	41	14	26	8	32	14	22	38	27	44	46	29	2	
On machine	38
41	4	12	32	33	9	47	26	41	29	18	34	27	5	4	28	32	32	16	10	
7	15	36	26	44	44	11	2	44	49	4	22	44	33	11	3	11	9	31	49	
43	1	31	41	25	10	30	24	33	18	20	34	46	39	15	41	34	15	47	48	
8	4	31	2	50	20	31	47	8	31	7	41	30	22	29	50	47	25	3	35	
20	3	7	43	35	41	34	32	15	35	18	45	23	34	19	43	13	11	24	40	
42	25	34	18	30	38	47	21	46	42	23	50	41	36	46	5	29	47	11	33	
23	1	18	50	12	13	4	42	5	41	10	22	48	32	11	18	34	16	47	8	
46	8	2	35	3	14	48	47	47	20	1	43	15	35	14	13	18	33	32	20	
35	5	24	7	35	20	26	47	37	35	50	13	7	36	21	20	43	10	37	43	
29	9	22	47	36	24	40	2	32	22	34	48	29	35	45	5	31	33	36	17	
48	45	42	12	3	40	36	5	7	25	28	40	28	49	4	26	42	41	24	23	
43	38	16	30	37	20	25	35	30	41	41	49	22	14	46	7	27	34	37	32	
11	32	26	32	42	27	41	20	12	33	28	35	11	21	27	12	6	44	44	48	
29	38	12	30	26	48	36	47	21	42	42	46	13	1	32	3	27	29	4	26	
2	18	7	1	17	9	21	29	9	21	15	50	9	9	31	17	23	13	29	27	
36	15	28	40	21	45	11	19	41	46	2	38	15	38	44	14	17	12	22	26	
9	33	39	10	5	21	45	17	41	42	12	28	48	33	18	20	40	46	20	13	
15	9	1	20	36	26	35	45	48	4	37	3	43	14	20	39	38	16	4	46	
32	13	22	37	14	41	28	33	8	35	37	18	12	24	27	15	49	49	1	18	
19	26	15	47	44	7	24	20	29	36	24	8	45	3	49	34	24	32	45	6	
On machine	39
9	40	48	49	35	46	46	21	8	28	23	3	44	38	31	43	21	22	35	22	
8	48	16	1	48	23	40	41	14	48	46	21	26	50	17	23	39	35	41	47	
33	9	33	22	7	28	11	23	4	28	45	20	27	7	38	11	48	9	39	50	
12	25	16	11	7	44	36	25	42	28	36	20	43	31	20	12	45	16	39	24	
35	34	48	36	32	31	13	16	13	10	46	35	16	50	2	23	8	44	9	29	
14	10	27	14	50	15	47	28	13	26	33	5	22	49	47	18	37	16	17	34	
50	29	41	26	16	11	30	38	47	42	45	38	35	48	32	36	19	4	35	19	
8	2	6	12	46	33	44	6	20	10	9	2	6	31	1	41	20	40	30	6	
22	34	9	30	18	4	5	2	41	39	23	24	21	48	50	44	45	50	35	12	
18	46	16	47	13	50	27	13	18	5	5	49	21	5	43	47	30	6	5	17	
14	23	39	30	48	26	5	36	28	24	17	35	5	48	50	34	24	5	44	13	
37	24	42	3	37	22	19	27	10	42	45	3	2	7	39	45	24	20	15	40	
46	9	9	39	20	7	27	17	33	13	7	45	30	8	49	36	7	40	14	6	
4	29	37	42	44	12	2	42	41	38	39	10	48	41	19	44	27	38	21	17	
5	37	2	39	3	16	20	23	23	36	41	18	34	29	4	11	12	49	24	37	
33	46	6	5	1	39	31	5	37	24	33	17	39	30	30	13	45	18	26	15	
42	9	19	20	17	50	6	3	7	41	23	45	48	3	17	45	49	3	1	2	
27	32	6	21	36	17	14	29	44	21	20	46	9	18	40	17	32	3	28	5	
34	47	22	26	19	10	3	38	11	8	23	39	41	29	20	12	31	38	32	31	
11	39	44	1	9	32	6	49	43	47	7	26	36	4	18	21	32	46	4	21	
On machine	40
9	16	33	10	27	46	48	1	19	46	20	48	3	13	26	33	31	32	3	7	
42	34	10	49	46	16	7	33	34	8	15	34	13	39	42	13	42	17	25	15	
9	32	31	39	31	18	14	12	47	20	12	5	23	37	8	46	38	13	12	24	
40	43	8	33	6	50	5	43	35	38	2	4	4	15	18	39	47	23	27	40	
42	45	28	37	25	46	30	39	16	17	40	46	31	10	39	8	22	41	22	20	
5	18	14	29	12	44	10	45	5	43	9	38	9	23	36	32	11	39	32	22	
9	28	14	7	46	34	13	25	44	28	46	2	29	25	12	35	50	4	6	48	
10	26	40	34	23	26	4	40	45	7	9	17	10	24	2	16	16	36	50	9	
16	26	1	5	21	14	24	25	36	34	17	30	18	22	36	44	9	36	33	27	
23	27	37	2	22	20	36	25	24	14	7	7	21	31	47	36	46	48	27	15	
3	18	5	4	46	40	3	10	41	7	39	46	31	12	35	33	37	15	1	1	
5	20	32	34	46	21	6	1	38	46	33	30	15	31	11	15	42	29	38	46	
35	6	42	43	34	14	8	43	40	20	20	29	6	38	15	3	45	24	3	14	
22	41	18	45	19	37	23	49	18	2	19	15	42	23	21	29	37	34	43	27	
16	44	50	39	19	23	4	26	46	3	16	14	3	25	5	16	11	15	17	13	
21	15	35	16	39	31	31	19	10	47	34	48	44	19	42	6	5	17	29	2	
39	12	46	36	33	12	31	20	7	35	37	10	20	17	14	27	8	47	38	38	
3	27	2	40	49	43	44	15	33	3	47	30	36	43	19	27	23	39	13	49	
29	18	40	41	27	10	44	17	37	28	26	8	6	20	16	20	19	7	49	9	
27	45	12	5	21	5	2	41	16	40	2	15	48	42	43	33	45	50	8	46	
On machine	41
46	34	27	22	4	5	12	20	18	5	7	33	15	1	39	23	6	13	18	1	
17	49	26	40	22	17	31	31	38	28	35	45	38	7	48	44	45	10	35	5	
28	8	12	2	18	47	30	24	14	44	37	23	5	23	40	1	49	16	38	17	
1	26	29	5	42	2	9	2	21	49	44	19	3	20	44	4	1	42	18	35	
42	4	6	33	32	18	14	38	31	14	28	44	37	12	49	28	49	41	33	7	
18	42	45	19	43	32	45	24	22	37	34	7	34	15	9	1	26	5	16	12	
10	18	5	25	18	18	6	30	49	7	4	36	7	19	50	27	21	5	9	33	
49	21	14	13	15	26	50	44	45	40	21	33	33	45	20	36	1	46	2	45	
34	20	37	41	35	28	21	10	47	31	22	24	36	47	36	13	24	15	14	21	
28	35	42	12	31	41	32	8	43	13	18	13	26	43	26	6	29	25	32	44	
39	24	36	17	46	13	5	42	42	48	43	27	13	2	19	31	22	24	50	39	
47	26	7	32	19	21	12	27	45	33	44	28	44	40	11	2	29	42	5	47	
6	34	34	19	22	35	8	47	35	34	21	35	37	20	47	14	17	40	40	25	
33	19	45	50	9	34	31	5	35	1	10	16	3	30	23	23	17	43	49	30	
25	40	38	2	29	22	13	31	30	28	6	46	10	19	25	46	7	13	1	4	
31	28	49	23	49	43	38	28	5	39	6	20	16	39	42	20	34	13	29	50	
29	42	1	48	20	31	8	43	7	33	2	30	35	8	38	45	35	13	25	11	
11	44	35	49	22	24	12	38	23	31	7	27	9	38	34	13	13	40	34	26	
14	42	13	18	30	19	20	21	33	21	12	30	5	10	37	42	3	42	50	1	
50	19	44	3	5	39	42	16	6	47	1	37	46	21	12	9	10	13	37	17	
On machine	42
18	37	49	20	8	10	4	5	18	34	47	16	17	14	18	20	14	46	34	11	
47	30	7	44	18	20	4	45	47	33	26	36	19	38	13	6	46	10	13	26	
33	19	45	49	6	46	45	47	42	44	46	42	15	32	32	29	29	26	23	24	
42	10	45	30	42	17	39	43	23	12	37	49	21	43	25	3	38	36	40	47	
39	43	31	33	35	16	19	26	45	18	2	42	38	32	10	28	43	19	20	4	
25	4	23	9	47	16	15	13	41	31	50	45	40	15	4	18	28	31	20	21	
9	7	30	11	9	4	18	38	30	7	5	20	25	31	44	44	43	41	46	40	
41	28	22	8	15	31	13	5	22	21	14	4	27	26	44	5	37	16	2	13	
50	27	42	28	13	29	30	4	41	3	27	25	42	15	46	42	41	14	22	34	
43	2	17	3	23	39	40	49	35	29	24	4	31	26	20	40	38	8	31	27	
17	25	40	25	38	29	44	32	45	11	5	38	15	27	14	37	21	30	1	21	
39	20	4	25	28	20	9	21	36	10	49	28	50	15	12	36	9	17	27	11	
24	17	16	17	2	33	11	41	27	41	25	27	42	4	13	39	14	45	12	45	
15	40	33	33	1	10	42	45	45	40	47	41	25	11	50	6	39	48	9	3	
33	10	39	44	20	25	12	37	19	9	19	50	29	44	16	34	5	37	1	46	
13	42	39	4	6	25	34	5	4	22	36	48	48	47	7	19	45	48	35	20	
43	12	7	39	23	39	38	22	22	8	8	14	11	10	13	25	10	8	37	22	
24	17	34	41	37	36	20	47	1	24	12	43	38	21	19	30	4	15	35	25	
13	14	7	21	37	45	16	37	9	1	1	43	44	2	23	30	26	43	40	18	
4	26	23	9	48	25	12	31	8	36	41	3	24	33	17	22	6	23	26	31	
On machine	43
36	28	42	37	45	23	18	48	49	6	30	8	39	27	22	31	30	43	17	3	
23	6	12	47	8	4	25	29	43	41	10	38	28	36	33	9	9	31	21	36	
28	41	25	22	1	25	43	22	20	23	36	22	13	25	5	43	33	18	38	41	
8	21	32	46	36	24	14	38	8	8	37	34	29	11	48	42	16	1	45	50	
14	9	49	7	41	22	13	40	14	22	17	44	26	36	42	17	36	17	28	12	
28	35	49	9	31	24	35	31	45	45	21	24	5	49	45	28	1	14	48	1	
13	20	43	17	42	45	4	2	49	30	21	49	41	17	12	27	14	2	19	39	
1	39	23	48	48	29	9	6	4	42	33	33	3	28	37	17	29	3	45	16	
5	1	47	27	49	8	31	2	45	9	31	7	45	22	1	20	44	45	47	32	
37	4	21	24	1	30	14	45	29	15	45	34	25	10	42	28	35	21	30	26	
37	26	41	3	4	13	49	33	38	21	27	16	48	42	44	40	22	42	5	29	
17	31	34	40	44	41	31	19	23	11	36	48	50	11	27	21	16	13	45	4	
27	16	40	36	13	31	28	41	30	44	10	38	50	49	27	42	27	46	46	49	
2	50	17	28	46	48	42	6	13	49	5	32	25	3	11	1	14	30	6	47	
8	26	20	28	23	50	23	17	2	17	22	6	14	46	14	43	31	16	38	42	
43	39	24	2	47	28	46	14	24	10	19	27	17	16	32	49	9	42	40	14	
5	29	18	22	17	1	45	9	50	45	30	44	36	29	46	22	36	11	50	33	
34	44	40	14	31	1	23	19	34	2	7	44	11	14	4	30	39	35	46	43	
38	3	13	6	16	3	41	15	32	50	3	12	18	4	22	46	34	19	29	48	
27	19	22	14	10	16	24	30	17	10	5	4	9	26	43	17	30	8	18	27	
On machine	44
45	27	18	16	26	30	6	5	50	47	29	15	19	21	28	29	30	1	39	25	
39	22	3	45	13	49	16	5	5	40	21	18	37	43	43	21	24	45	3	18	
38	40	25	15	27	35	41	17	2	7	18	41	46	21	24	45	18	10	9	21	
31	29	23	32	27	24	20	5	30	18	21	27	28	33	6	34	27	42	18	12	
22	44	34	2	10	39	5	41	25	32	13	50	19	31	16	28	37	39	49	35	
4	27	28	39	15	4	22	17	28	9	17	14	18	17	28	18	37	2	44	14	
9	13	11	8	29	8	4	9	34	28	32	31	33	21	42	2	14	43	50	25	
19	1	17	32	24	39	40	45	47	10	29	8	25	7	17	48	18	15	28	16	
38	45	29	42	47	9	1	16	48	44	16	10	6	26	11	27	21	49	49	6	
12	43	48	12	20	18	6	41	42	29	41	20	36	9	10	38	9	31	40	34	
41	30	47	43	31	34	13	24	4	30	39	1	31	29	42	37	33	22	12	18	
19	17	27	16	8	21	5	16	42	38	28	34	15	13	37	12	26	46	13	5	
45	47	45	49	8	14	29	26	24	9	2	29	13	16	4	9	43	35	43	6	
4	33	31	22	2	19	14	38	15	21	27	24	39	19	23	48	22	16	29	13	
22	29	13	23	40	17	47	25	47	26	1	42	32	36	3	9	26	46	50	43	
28	1	24	30	2	32	7	24	26	10	22	34	47	21	6	3	32	26	12	39	
1	3	49	7	24	14	2	49	29	19	26	24	33	41	33	43	6	17	17	31	
2	37	19	46	30	42	23	5	16	20	19	47	35	20	23	9	33	33	35	43	
10	36	35	39	19	36	46	37	31	21	39	47	20	38	17	30	22	24	50	49	
38	13	33	8	9	10	16	50	37	43	33	16	20	28	12	48	46	25	14	12	
On machine	45
36	44	9	23	13	37	2	25	42	2	39	32	28	12	19	38	4	22	28	19	
39	45	28	44	42	15	40	8	43	12	10	10	35	33	21	14	5	47	12	48	
33	8	23	5	47	42	48	9	15	32	27	2	37	49	22	12	8	34	25	2	
43	34	27	21	29	30	29	48	7	5	17	23	38	43	49	15	33	50	34	47	
28	44	9	37	19	8	15	30	26	4	28	32	42	14	13	35	13	36	45	49	
21	17	43	38	20	28	1	2	18	24	50	23	15	50	10	24	41	34	20	4	
19	50	15	15	46	7	19	5	19	8	19	11	50	35	29	15	45	14	26	22	
3	39	17	45	1	31	29	43	8	1	25	23	11	46	3	8	20	19	32	47	
38	26	49	12	15	45	20	14	22	4	24	16	39	30	28	9	27	23	5	11	
50	34	35	50	35	39	39	25	25	18	20	36	25	48	23	12	27	23	40	12	
41	37	33	41	23	16	15	11	6	6	20	43	18	18	16	38	25	50	47	26	
14	28	49	5	21	21	50	23	35	27	40	36	3	9	23	39	47	37	19	2	
50	39	33	11	30	3	16	12	41	21	10	29	11	36	40	34	18	13	47	37	
6	41	37	48	12	32	43	31	7	7	18	9	10	9	44	38	15	31	9	23	
1	27	2	12	45	19	26	41	32	20	9	21	47	41	42	7	18	45	16	1	
48	38	13	2	45	42	33	17	49	13	4	4	23	14	30	32	27	14	30	16	
19	49	19	4	4	38	1	25	1	23	39	40	22	50	12	49	47	43	13	45	
18	33	46	3	4	16	11	19	40	1	45	37	15	47	2	9	43	17	34	3	
3	26	29	3	41	26	39	9	16	41	24	25	40	29	49	15	3	21	39	13	
11	19	20	23	10	17	35	5	2	23	4	4	3	33	27	31	9	34	7	14	
On machine	46
35	49	43	6	47	23	47	44	3	5	22	22	1	37	10	10	12	7	27	31	
17	30	31	22	49	27	11	48	37	28	21	11	33	46	19	14	2	35	21	19	
33	1	44	8	4	1	44	39	43	17	29	22	50	14	42	26	37	12	2	35	
3	2	31	20	50	5	46	40	25	5	27	27	41	5	30	40	14	28	6	12	
41	26	42	17	27	2	13	43	12	41	20	42	17	14	14	39	32	25	50	30	
5	29	31	8	40	11	20	41	2	40	26	29	20	45	41	41	39	13	42	14	
7	4	13	25	1	48	21	40	17	40	28	27	34	50	21	11	7	22	4	12	
28	31	19	27	43	17	38	16	6	20	46	4	19	50	24	17	39	39	6	19	
25	43	15	33	22	13	2	28	5	4	25	9	5	22	48	27	38	22	38	27	
21	7	2	22	16	10	26	22	24	34	32	27	25	19	30	33	6	33	4	25	
27	11	25	48	2	28	3	50	38	5	36	15	25	14	42	45	39	5	1	40	
29	5	6	35	24	24	21	31	14	41	12	9	39	1	32	19	16	21	13	4	
37	33	22	11	48	31	36	28	37	6	48	48	29	47	24	27	43	29	46	31	
41	22	27	21	14	46	15	24	14	41	44	23	21	29	32	15	31	10	27	47	
11	20	28	45	11	7	8	35	38	24	36	49	40	1	7	30	23	36	48	24	
37	17	49	36	1	42	11	12	14	15	46	3	14	4	33	44	11	39	16	7	
6	48	16	41	28	12	27	5	6	35	20	17	19	21	42	48	47	23	41	9	
30	17	17	12	38	38	24	12	34	40	2	30	6	19	25	27	47	14	10	24	
29	46	23	15	42	5	4	5	28	5	27	41	20	36	1	49	21	31	6	19	
39	7	39	42	25	14	31	28	41	17	46	29	22	49	7	27	43	41	42	2	
On machine	47
27	2	32	18	6	38	48	20	45	10	12	35	23	32	41	37	44	4	11	13	
5	49	18	10	2	39	5	30	20	5	46	11	17	45	23	47	14	13	33	38	
3	5	39	5	16	4	20	5	28	23	48	28	31	47	47	50	50	36	8	2	
49	43	34	25	1	27	22	3	30	44	6	17	47	31	10	21	16	21	11	35	
19	37	16	45	17	35	24	14	25	24	27	22	23	10	1	45	20	37	31	14	
2	4	13	46	21	42	40	40	21	5	25	8	47	16	30	1	40	45	11	27	
11	19	29	20	16	30	39	33	3	49	11	3	44	22	40	7	7	48	37	10	
43	32	11	23	36	5	41	25	32	27	13	8	26	13	39	10	22	3	3	26	
7	38	11	12	3	39	31	12	39	26	22	5	14	12	16	45	17	8	48	5	
25	21	17	11	5	48	30	49	33	22	20	44	2	23	48	42	28	40	11	2	
36	18	20	31	50	5	31	12	25	2	24	18	37	22	17	26	41	34	11	30	
13	50	42	33	38	22	3	38	21	29	29	20	42	14	14	30	25	38	9	19	
19	33	3	46	35	32	11	20	36	15	13	8	35	17	31	34	4	47	35	37	
31	10	14	36	26	3	48	17	28	2	17	13	48	41	43	46	35	32	38	43	
43	12	22	7	28	26	13	31	45	33	22	9	19	16	28	40	39	38	35	20	
12	47	12	34	23	15	48	18	24	26	46	6	43	1	16	20	11	45	23	26	
13	46	11	37	32	46	28	19	42	41	38	41	35	20	4	4	22	48	46	31	
10	16	25	24	44	29	20	3	34	7	24	3	36	38	19	40	44	33	29	35	
13	25	36	12	16	4	20	17	7	48	25	37	16	4	29	47	20	15	33	5	
11	40	7	2	45	49	50	28	14	32	46	44	21	43	34	21	17	33	49	50	
On machine	48
46	46	48	49	37	29	19	29	30	6	8	32	43	9	3	2	35	33	21	48	
47	15	36	36	30	30	45	15	23	25	22	18	47	31	40	27	4	19	4	43	
46	23	31	22	21	20	34	27	11	12	4	8	10	33	44	24	16	5	50	27	
24	23	15	36	34	20	9	31	30	30	21	28	37	41	18	21	25	18	31	48	
9	10	1	13	34	17	37	12	13	34	2	38	3	41	44	40	44	24	43	24	
10	46	17	24	33	17	46	10	32	37	32	40	25	18	9	32	14	25	31	31	
35	8	29	24	44	5	33	17	31	46	41	35	39	47	8	2	21	25	5	34	
27	11	1	3	26	38	10	47	49	24	7	26	29	47	38	42	10	19	36	3	
19	18	35	35	47	34	5	36	10	31	17	18	48	40	8	19	37	35	40	31	
25	25	19	42	34	5	16	45	33	29	23	12	29	37	26	17	30	31	4	49	
2	30	37	3	6	10	15	44	5	13	41	11	17	2	48	46	25	32	48	30	
1	29	13	1	40	24	2	23	28	36	30	29	44	29	46	30	23	10	50	17	
25	45	41	2	34	32	47	33	6	24	32	28	44	23	9	7	49	44	12	30	
20	8	48	47	41	42	45	21	3	5	12	8	11	8	36	47	12	33	16	39	
27	50	48	34	44	17	22	6	8	10	11	20	10	36	16	23	32	24	41	18	
26	4	47	41	24	22	50	42	9	8	10	10	12	37	14	18	46	5	25	21	
18	7	26	2	32	31	12	13	42	28	32	32	47	39	10	14	20	45	20	43	
40	45	3	21	37	12	20	39	35	17	43	9	37	16	3	11	27	17	39	19	
8	36	11	16	43	4	38	46	9	45	43	43	1	23	11	27	37	5	1	32	
7	10	17	8	1	19	28	45	11	16	44	29	29	34	10	9	50	12	43	50	
On machine	49
20	33	8	37	31	44	15	30	11	48	25	41	5	31	35	9	17	40	14	45	
43	6	1	16	38	7	25	19	4	21	6	34	31	31	21	1	47	44	23	20	
37	33	45	41	20	31	18	23	20	15	48	26	49	34	4	36	12	46	4	48	
43	30	21	44	7	46	45	18	29	24	42	28	35	6	9	39	3	13	33	22	
42	44	8	17	27	13	4	38	39	32	26	8	20	12	25	1	32	24	2	46	
35	44	23	46	49	15	3	36	42	24	28	20	27	31	43	8	4	21	23	43	
39	34	2	8	15	42	38	27	13	27	17	27	19	8	39	36	20	39	25	26	
2	25	24	26	16	16	24	25	9	48	8	28	48	48	50	44	47	25	21	1	
40	12	28	49	36	30	46	10	37	10	43	26	31	48	4	23	24	23	39	21	
49	47	21	6	35	17	19	2	49	40	29	27	41	20	40	41	32	48	25	2	
8	4	10	37	1	5	30	35	14	26	41	8	23	13	17	7	31	18	43	38	
14	43	10	26	35	32	10	30	12	1	34	28	12	11	43	34	3	19	18	7	
20	12	36	50	41	29	46	45	44	41	18	29	34	18	8	13	8	28	22	36	
12	42	20	46	46	49	8	48	33	20	14	38	31	47	30	26	26	5	35	2	
24	23	50	44	31	34	32	21	17	6	47	11	31	49	50	10	9	6	7	19	
27	41	4	6	2	16	27	28	28	45	13	18	15	34	3	47	23	29	40	39	
18	8	8	23	47	42	40	35	1	38	18	37	19	24	15	21	36	16	38	17	
48	28	38	26	42	28	17	46	10	2	14	33	3	24	15	14	37	30	8	8	
32	20	20	19	34	50	22	4	31	11	44	7	33	33	13	1	10	18	47	48	
47	30	22	38	29	2	50	22	39	5	9	50	36	38	41	38	24	5	30	45	
On machine	50
48	48	40	6	10	28	15	14	48	21	24	29	16	1	43	6	23	48	12	29	
30	28	5	31	39	18	18	19	13	6	48	6	3	5	39	14	16	31	3	38	
28	50	49	28	33	22	2	23	11	16	30	9	34	27	41	44	16	34	44	5	
43	24	29	18	7	7	32	6	10	6	50	5	27	49	47	20	32	5	44	13	
10	2	49	43	38	35	35	48	3	5	29	2	33	13	37	32	15	17	9	37	
11	48	21	11	25	17	48	28	35	15	4	31	31	26	48	45	5	43	38	23	
1	40	13	9	15	34	37	18	48	23	24	36	6	25	22	43	44	23	7	21	
7	10	23	2	10	5	21	25	7	49	41	14	19	23	43	42	33	48	10	11	
1	40	16	20	35	40	19	2	2	14	27	18	22	21	46	12	31	40	36	24	
11	10	48	19	45	36	34	28	46	39	40	34	21	6	10	4	34	17	16	41	
50	29	39	49	7	15	35	29	48	5	39	37	16	28	43	18	4	12	1	30	
22	16	11	43	38	12	32	25	16	23	50	18	21	32	22	16	49	35	47	41	
15	45	49	44	50	32	29	38	32	32	39	7	1	22	38	42	23	44	15	41	
48	17	26	44	12	24	49	32	27	10	40	25	7	26	5	32	10	28	16	11	
2	29	40	34	31	9	42	26	39	49	15	30	43	2	47	34	4	23	18	46	
29	13	5	49	29	24	34	39	38	43	25	3	42	6	17	25	24	12	31	21	
47	19	9	34	12	30	27	16	39	13	10	22	18	13	44	28	18	50	41	30	
44	18	6	27	33	9	33	7	48	43	30	1	28	5	48	35	36	29	48	27	
41	9	12	17	50	17	41	24	4	22	4	26	30	47	29	26	15	49	28	2	
7	41	16	46	33	24	2	6	46	9	4	16	43	24	16	16	45	36	46	28	
Reldue
-1	986	-1	-1
-1	1924	-1	-1
-1	443	-1	-1
-1	336	-1	-1
-1	813	-1	-1
-1	205	-1	-1
-1	803	-1	-1
-1	1679	-1	-1
-1	477	-1	-1
-1	1725	-1	-1
-1	878	-1	-1
-1	1434	-1	-1
-1	2397	-1	-1
-1	2074	-1	-1
-1	933	-1	-1
-1	1020	-1	-1
-1	1427	-1	-1
-1	1715	-1	-1
-1	864	-1	-1
-1	1323	-1	-1
