Families	20
Machines	20
MaxSetupTime	50

Number of Jobs in each Family
1	1	9	10	4	1	6	4	2	3	5	7	7	10	4	5	9	5	2	3	

Jobs in each Family
0	
1	
2	3	4	5	6	7	8	9	10	
11	12	13	14	15	16	17	18	19	20	
21	22	23	24	
25	
26	27	28	29	30	31	
32	33	34	35	
36	37	
38	39	40	
41	42	43	44	45	
46	47	48	49	50	51	52	
53	54	55	56	57	58	59	
60	61	62	63	64	65	66	67	68	69	
70	71	72	73	
74	75	76	77	78	
79	80	81	82	83	84	85	86	87	
88	89	90	91	92	
93	94	
95	96	97	

Total number of jobs
98

Processing times of jobs
6	2	4	9	1	2	8	6	7	7	8	8	5	4	2	4	4	9	10	7	
9	2	7	6	5	10	6	7	9	9	4	3	1	1	1	2	4	9	5	1	
4	5	2	2	1	5	3	6	9	3	1	8	9	3	1	2	9	9	7	8	
8	8	1	3	5	2	5	5	2	7	5	5	4	6	6	9	9	4	9	8	
5	7	9	9	6	8	8	2	8	3	3	10	7	5	6	1	6	5	8	10	
6	6	3	4	3	2	8	4	6	6	5	6	3	9	2	4	6	1	1	6	
7	2	8	5	3	4	7	1	9	3	4	3	8	9	1	4	9	4	1	5	
4	5	10	8	6	10	4	1	7	10	2	1	8	3	1	1	3	10	9	2	
8	8	8	3	5	10	4	10	4	10	1	3	1	1	1	4	2	5	2	2	
4	8	9	1	10	4	4	1	7	6	4	6	6	3	6	6	9	8	7	7	
6	7	7	5	4	7	1	3	4	9	7	3	2	6	2	4	6	1	1	8	
1	5	7	7	7	5	10	7	2	9	5	8	9	8	2	7	9	6	6	8	
3	4	2	8	7	4	2	1	6	10	5	9	9	7	4	1	7	10	5	3	
7	4	3	10	10	2	4	6	3	5	2	8	9	7	6	9	7	7	6	7	
6	5	10	2	4	2	9	10	3	4	7	8	6	1	8	4	3	1	2	8	
3	5	1	6	8	7	4	3	5	2	10	8	6	7	6	10	3	10	9	7	
10	8	9	3	3	3	7	4	2	5	8	2	4	6	3	7	2	8	10	9	
10	8	2	10	2	9	5	7	6	9	5	10	1	7	8	6	7	9	9	9	
5	1	10	10	10	2	5	8	2	10	1	4	4	2	9	9	2	3	10	6	
10	1	5	2	10	1	1	4	5	2	1	7	9	5	4	6	10	5	5	5	
1	3	5	2	2	1	7	9	1	6	1	8	1	10	6	1	5	9	4	7	
6	2	10	10	5	8	7	5	10	8	9	3	5	3	1	10	1	1	3	1	
2	1	3	3	7	1	10	6	7	6	9	2	9	4	2	4	5	8	2	1	
2	10	1	7	4	4	1	6	8	1	2	3	7	7	3	5	4	4	5	5	
5	9	6	9	7	6	6	6	10	6	1	3	2	3	3	8	6	4	2	3	
2	10	10	9	10	8	2	1	8	2	4	8	3	10	7	2	5	8	5	6	
5	6	6	2	5	3	7	9	5	9	3	10	7	1	5	9	6	9	6	3	
8	1	8	4	1	7	2	1	2	9	10	2	3	7	4	3	1	9	7	10	
9	10	9	7	8	3	2	9	1	4	4	1	6	3	7	2	2	5	9	4	
7	1	8	3	10	8	4	6	5	1	4	9	1	6	1	7	8	9	9	2	
9	1	2	3	1	8	1	3	6	10	8	7	7	6	3	1	7	3	5	9	
9	4	4	8	6	6	1	5	4	8	1	5	9	3	5	4	2	2	3	6	
3	9	4	9	10	2	8	5	7	2	5	6	3	9	3	7	3	10	4	2	
10	2	1	1	6	8	4	3	7	4	6	4	7	8	4	9	5	1	9	4	
7	10	6	10	2	5	1	2	8	10	9	8	2	8	7	3	7	4	9	4	
1	1	5	8	3	2	9	5	9	9	2	10	1	1	1	4	10	6	5	10	
10	4	10	3	7	9	6	9	9	4	7	4	3	2	1	9	5	9	10	7	
4	7	3	7	7	1	2	8	3	10	3	1	9	5	8	4	2	7	2	2	
3	3	7	8	1	3	3	5	5	8	4	8	4	3	4	1	9	8	9	1	
10	4	4	1	6	2	9	1	9	5	1	10	1	5	6	1	7	10	5	9	
9	4	7	7	6	10	3	5	9	8	5	7	5	4	6	6	7	3	1	10	
2	2	3	1	3	3	4	5	1	7	5	5	7	1	5	7	8	2	7	4	
10	6	2	9	7	1	8	9	10	3	4	9	9	1	6	1	7	7	1	8	
5	8	10	10	8	6	3	1	10	5	3	4	1	1	2	5	1	6	9	7	
4	8	3	3	2	2	1	7	10	8	8	9	5	4	8	9	4	8	9	3	
5	4	2	8	4	5	4	10	8	10	5	10	1	8	8	5	1	9	9	4	
5	9	1	8	8	8	7	10	7	3	10	5	5	2	6	3	8	5	8	5	
9	10	2	9	9	5	2	5	1	7	4	3	8	10	5	9	7	9	5	10	
6	10	1	10	2	8	2	9	4	10	5	5	5	8	10	10	9	5	6	5	
5	2	2	8	9	1	5	5	10	2	5	9	2	10	4	2	9	1	2	6	
6	3	9	2	2	4	7	6	8	2	7	6	6	5	10	6	5	4	2	5	
1	5	3	1	1	1	2	1	7	10	2	8	1	1	5	5	1	5	6	4	
8	3	6	6	4	10	6	5	8	5	6	2	8	5	3	5	8	3	4	1	
8	7	7	6	9	3	3	9	7	5	7	9	5	1	4	8	3	9	6	9	
1	2	4	7	2	4	7	2	8	9	4	9	9	7	4	6	2	10	3	3	
5	3	1	3	2	10	1	2	7	1	9	9	10	6	6	5	7	1	10	9	
4	9	7	6	5	3	7	9	5	1	7	4	6	10	5	10	3	2	4	4	
9	10	1	8	7	6	9	7	1	8	8	6	7	5	2	7	10	8	10	7	
6	5	5	5	2	10	5	10	10	3	8	7	5	7	10	2	10	7	3	10	
1	9	1	8	9	8	5	3	10	1	5	10	7	2	5	1	3	5	5	3	
4	8	2	2	4	1	8	7	3	2	2	3	6	10	1	1	9	9	8	6	
1	2	5	3	3	1	6	3	3	2	7	10	8	8	3	7	9	4	10	7	
10	8	8	10	2	9	7	9	8	8	1	5	5	10	3	8	9	5	5	10	
10	3	4	1	9	1	4	6	9	2	9	8	6	2	6	3	1	8	8	5	
5	7	2	3	10	2	8	4	8	1	4	5	4	3	8	5	4	6	9	10	
10	8	7	8	1	1	7	7	1	6	10	9	2	2	2	3	4	4	1	4	
3	8	2	2	10	4	1	3	8	8	4	7	8	5	5	3	3	1	2	9	
8	8	1	1	6	1	4	8	4	1	4	3	6	2	9	2	1	4	2	6	
1	10	5	1	7	8	9	4	7	5	8	5	9	6	1	10	9	6	2	2	
10	1	10	5	3	3	9	1	8	7	6	2	2	10	2	10	5	6	3	3	
2	5	6	8	2	8	5	7	4	7	1	10	4	3	8	5	8	8	1	9	
3	1	2	6	3	8	4	2	1	2	8	3	8	8	1	8	3	4	6	10	
3	9	5	1	2	4	4	3	2	8	5	4	7	1	8	2	8	7	1	3	
6	1	1	9	5	10	10	3	4	4	8	7	3	8	9	2	4	6	1	2	
1	5	9	3	9	3	3	3	10	1	3	5	1	8	7	6	3	6	9	9	
8	10	4	9	1	8	5	1	5	7	2	8	1	9	1	3	1	10	9	4	
7	1	4	9	7	10	3	3	5	2	9	8	10	10	2	4	1	4	4	5	
3	2	8	3	7	3	1	5	3	6	3	1	5	2	3	7	6	4	10	1	
10	7	6	1	9	9	6	6	10	8	6	10	1	9	10	9	6	2	7	1	
6	8	8	4	5	2	1	5	10	6	5	6	6	9	4	4	1	5	3	7	
10	4	4	7	5	1	10	2	4	6	6	1	7	8	2	4	5	3	10	9	
3	5	3	9	5	8	9	6	10	8	2	1	7	10	4	10	10	4	4	4	
3	10	4	10	2	4	1	7	1	8	1	7	1	8	2	8	10	10	8	6	
4	10	7	2	7	7	6	4	1	3	2	10	3	1	7	6	6	9	1	5	
5	10	6	9	2	1	7	4	8	1	3	9	2	6	6	5	8	3	10	4	
3	2	1	5	3	2	3	1	9	6	2	1	8	5	7	4	5	10	7	1	
3	9	8	9	2	9	9	3	5	6	9	3	8	5	5	3	7	7	5	9	
5	3	9	5	10	1	4	4	8	5	2	2	8	7	8	7	2	1	1	9	
1	4	3	7	10	6	7	3	4	1	6	6	8	9	8	8	4	7	10	2	
5	6	3	9	9	2	3	1	1	9	5	9	6	1	3	3	9	4	5	8	
10	5	4	9	7	8	4	10	10	4	1	5	2	10	1	8	7	5	9	2	
7	2	4	3	3	2	3	9	6	1	7	6	8	2	2	5	2	9	3	2	
10	8	10	5	10	8	8	9	2	2	7	3	4	6	4	6	5	4	3	3	
8	3	3	7	2	7	10	9	6	4	1	9	4	8	3	9	8	3	7	4	
5	8	9	7	10	8	9	4	3	1	10	6	4	3	5	8	6	6	7	5	
1	4	10	9	8	7	7	10	8	4	1	5	2	5	2	8	6	10	10	3	
5	8	4	4	10	6	3	1	10	7	9	8	10	6	2	2	8	8	10	4	
10	10	5	6	8	6	4	8	10	9	1	4	4	1	6	5	4	10	3	6	

Stepup times between family, where [f][f] represents initial setup time
On machine	1
36	44	47	25	14	29	13	22	20	36	38	9	6	5	45	22	25	21	31	12	
26	6	33	31	16	28	34	40	39	32	8	20	16	30	50	44	41	20	30	14	
9	12	47	29	14	47	24	36	4	38	47	8	3	27	21	49	19	12	50	25	
42	21	28	11	31	32	33	20	30	50	37	30	13	33	27	11	11	19	38	41	
9	41	24	15	13	17	12	17	16	31	29	9	34	14	32	10	31	41	19	34	
40	12	16	46	7	10	7	5	33	11	31	29	44	20	38	19	21	43	30	21	
39	11	49	47	18	3	18	39	32	42	14	10	10	30	27	7	11	24	5	22	
46	34	31	49	45	45	12	10	31	38	4	10	5	48	47	50	18	12	37	10	
17	21	37	43	18	37	18	14	1	1	29	28	47	10	45	10	27	29	38	27	
7	7	25	42	3	35	27	48	21	29	12	16	32	30	15	5	24	36	33	44	
15	46	46	13	17	32	39	31	26	10	6	40	16	37	31	31	48	26	34	18	
4	15	31	9	5	29	38	23	48	46	43	16	39	6	41	45	34	20	30	43	
45	32	5	49	39	37	46	17	46	45	23	47	4	27	23	43	32	42	11	15	
25	10	45	2	8	37	7	46	46	6	6	15	2	26	39	46	35	8	16	16	
11	14	30	5	25	2	32	15	14	31	18	41	33	49	30	10	34	13	33	16	
42	22	12	16	45	28	40	2	6	4	42	26	15	39	30	18	37	30	34	9	
24	41	25	12	31	19	28	17	2	36	25	36	13	14	7	26	32	32	31	6	
1	26	29	27	39	31	41	16	24	40	37	46	39	34	46	22	32	43	41	30	
25	21	36	22	46	5	35	1	32	26	41	37	45	28	26	9	4	42	12	44	
19	27	7	26	24	45	39	34	34	2	26	2	5	27	6	4	37	6	33	48	
On machine	2
11	32	39	50	36	41	40	33	41	3	37	50	15	4	33	3	29	33	30	35	
32	12	17	18	20	30	33	35	38	39	9	9	25	9	3	30	46	10	24	12	
44	22	6	8	22	18	44	19	21	38	50	37	38	11	33	27	12	9	48	13	
6	10	41	9	50	23	2	42	18	23	40	2	26	29	45	27	26	14	49	9	
25	50	27	47	22	29	31	48	25	28	19	41	39	13	10	33	10	9	2	43	
19	32	2	27	18	38	13	13	5	15	48	26	45	36	21	23	42	35	27	28	
32	24	42	23	41	41	33	50	43	47	41	8	17	43	48	2	33	30	47	22	
47	34	3	23	43	25	13	37	10	13	39	33	31	23	5	37	32	20	10	20	
40	32	50	32	18	40	37	46	43	23	44	50	45	46	35	49	32	44	50	5	
32	46	21	3	25	34	22	15	13	38	49	45	19	41	36	9	1	28	17	26	
8	40	3	17	42	34	4	17	15	29	8	28	39	47	28	45	15	26	28	4	
8	22	25	4	33	6	1	26	26	49	13	41	11	50	43	26	9	48	7	17	
16	33	3	49	48	14	13	8	34	31	36	39	48	18	39	21	23	43	32	8	
24	33	36	48	43	19	21	18	27	7	32	12	39	33	2	28	19	25	34	13	
5	19	18	1	18	18	42	4	30	15	11	50	16	42	23	2	10	24	11	36	
48	36	36	29	46	35	5	34	32	12	32	26	12	50	29	42	34	44	17	48	
37	14	48	15	5	5	14	11	19	10	30	24	28	15	21	14	43	36	36	45	
25	6	6	20	2	30	29	27	20	10	6	11	18	8	6	16	20	30	36	9	
9	21	4	2	30	4	23	39	24	26	45	28	9	45	13	37	32	6	10	7	
19	25	7	43	7	32	1	16	46	14	48	17	11	33	17	4	44	48	23	2	
On machine	3
10	33	47	10	22	13	44	31	39	22	5	24	35	32	22	44	8	48	34	28	
10	30	5	16	19	34	48	22	12	7	19	29	15	13	18	16	16	48	26	9	
25	6	43	47	11	29	11	47	22	8	40	14	33	41	17	9	31	50	40	38	
29	9	7	49	35	23	50	10	4	7	3	22	44	16	8	40	32	42	31	16	
15	13	8	36	43	15	6	24	7	45	8	11	31	45	21	41	22	7	40	27	
14	9	6	29	26	48	43	19	32	14	16	41	36	6	47	40	16	36	24	16	
47	33	20	23	42	10	22	13	41	20	26	49	45	6	14	50	39	20	26	48	
28	17	40	10	23	50	37	23	25	24	45	20	35	31	23	17	18	15	5	10	
18	9	34	23	46	23	19	35	39	44	19	36	49	35	39	19	2	45	50	28	
41	50	41	37	36	11	10	4	48	47	32	19	13	50	20	28	31	31	22	49	
26	48	36	31	39	27	4	50	48	34	33	28	28	50	38	19	44	5	1	16	
25	37	28	35	34	25	16	46	4	42	3	7	12	38	35	13	10	25	30	6	
8	13	40	7	39	41	39	9	11	17	36	6	30	32	29	49	12	19	38	1	
50	8	39	24	21	18	10	35	37	1	34	4	2	1	43	5	50	38	16	26	
39	37	9	15	42	36	22	2	35	17	33	33	23	26	26	15	47	5	47	8	
5	32	13	3	22	23	32	31	20	20	24	23	19	18	7	6	23	48	6	17	
42	46	19	8	21	47	38	18	7	21	40	49	47	15	20	31	33	19	29	22	
26	17	11	20	15	1	20	40	36	37	17	27	22	10	50	37	10	23	1	15	
22	17	47	13	48	23	14	37	43	11	41	37	18	49	38	27	45	46	32	26	
33	25	34	10	26	33	28	15	3	12	45	21	3	34	39	16	32	41	22	21	
On machine	4
5	5	43	4	44	3	45	50	9	40	30	39	31	46	14	45	27	31	29	22	
48	16	2	41	21	46	21	3	9	34	29	1	23	45	9	2	21	45	11	49	
50	50	16	37	13	48	35	20	43	4	2	22	39	30	21	15	26	19	38	21	
14	46	9	28	31	46	17	31	20	12	24	3	50	33	13	37	9	39	42	28	
48	37	44	40	10	30	22	32	43	22	32	12	16	7	7	44	6	33	8	4	
10	38	18	22	38	25	28	8	26	16	13	30	7	32	5	6	47	18	40	5	
37	19	37	37	30	35	14	3	49	39	4	20	29	19	48	26	31	12	3	24	
48	6	23	35	42	32	33	37	49	34	25	39	45	31	27	23	18	24	21	23	
40	9	29	38	24	5	21	39	43	34	10	36	5	26	4	8	46	1	46	34	
38	45	31	31	28	47	5	5	20	48	19	31	21	9	35	42	21	20	12	42	
16	25	43	19	45	20	38	6	5	11	38	27	16	30	47	30	41	34	24	37	
14	12	6	18	11	6	18	15	27	3	35	27	38	12	8	41	14	10	23	15	
18	38	28	38	41	31	47	49	24	8	28	14	43	18	16	41	23	35	3	29	
42	13	21	15	1	20	19	17	50	13	21	1	32	48	10	15	36	30	31	18	
32	5	36	21	9	5	44	8	12	43	37	23	30	38	19	21	22	35	2	17	
1	16	36	39	16	38	7	15	1	27	48	37	41	27	28	44	42	2	1	25	
17	32	20	34	14	17	30	23	19	18	9	3	38	33	19	15	13	11	29	13	
49	41	13	1	35	32	38	7	28	12	33	44	8	48	30	49	8	21	46	29	
9	38	46	14	15	21	30	20	46	5	7	20	17	8	37	27	38	10	32	43	
5	24	7	42	13	15	15	27	38	12	41	14	47	11	33	38	24	35	25	40	
On machine	5
50	38	36	43	42	23	35	14	8	42	7	16	22	26	28	16	36	38	7	25	
42	12	23	28	47	9	24	5	45	14	39	31	37	24	19	22	16	50	10	24	
8	7	13	21	2	41	19	28	16	18	28	42	36	39	34	19	13	21	10	4	
43	1	13	50	2	8	47	49	23	26	39	50	13	33	20	29	4	23	43	30	
35	13	11	31	12	43	49	45	30	16	1	10	26	18	26	25	26	46	42	44	
33	6	46	33	5	33	30	17	15	3	10	30	6	41	18	30	50	36	32	16	
25	18	1	17	6	32	48	20	19	4	5	8	2	29	27	18	20	27	19	23	
6	28	22	42	35	45	16	25	39	19	19	50	16	32	39	4	40	40	50	4	
31	46	44	41	38	12	30	3	47	18	31	17	21	39	32	43	10	14	45	1	
45	1	21	27	10	29	47	25	40	23	1	35	15	42	33	13	28	33	26	21	
18	45	17	37	20	8	3	30	43	24	41	23	17	37	42	35	21	25	15	37	
44	35	45	22	36	48	21	40	33	25	39	12	21	8	33	33	8	43	9	49	
48	29	22	6	6	35	27	44	1	44	21	49	20	42	32	31	37	18	22	27	
11	19	49	43	21	17	24	42	29	8	50	2	19	46	44	31	50	48	43	49	
45	8	16	14	33	32	22	28	19	9	40	45	28	41	49	34	34	38	50	3	
49	5	32	48	38	43	39	40	10	11	14	47	19	8	5	4	5	12	1	4	
47	12	32	15	30	31	31	7	1	42	5	4	20	41	38	48	7	16	39	14	
13	13	19	4	9	25	50	45	28	17	47	50	41	40	36	1	39	16	44	23	
1	7	27	45	43	36	28	28	40	27	44	1	39	44	17	35	43	39	10	19	
28	41	20	14	5	43	42	2	17	6	49	9	38	28	15	13	21	13	36	50	
On machine	6
9	34	4	6	37	37	45	28	47	29	26	48	49	34	22	15	38	9	27	21	
21	31	3	15	47	17	25	3	49	19	31	14	30	44	36	10	42	30	20	32	
38	31	5	4	16	5	9	40	33	3	18	1	42	22	29	33	4	22	6	37	
40	6	33	15	12	47	42	23	3	46	39	26	26	38	3	33	4	2	47	48	
15	13	20	4	4	38	24	14	10	11	2	46	19	22	15	9	23	26	11	22	
40	31	33	35	10	18	31	4	2	2	14	17	43	7	3	46	29	38	12	39	
20	3	46	19	22	14	31	46	13	35	21	33	25	33	17	17	24	45	3	41	
13	46	10	49	5	6	47	47	40	12	30	22	19	21	50	5	46	8	50	18	
31	17	12	48	15	42	45	24	13	29	44	8	34	45	45	43	9	13	25	3	
37	22	10	11	48	32	16	41	22	18	2	8	46	26	7	13	46	7	2	13	
43	24	18	20	45	12	34	26	20	7	46	26	42	3	45	45	47	47	36	48	
34	40	30	4	1	14	42	39	18	13	5	41	43	24	44	50	41	32	18	38	
8	3	15	46	43	21	49	41	38	24	3	8	42	18	19	23	18	2	34	32	
13	48	32	1	22	36	49	34	4	41	27	28	20	33	36	34	23	1	33	10	
23	20	13	9	24	8	46	18	25	2	9	38	31	19	28	33	12	48	34	32	
29	22	27	3	21	27	33	42	12	18	25	28	8	13	12	18	43	41	8	44	
49	48	38	27	30	5	31	34	20	40	27	10	49	35	41	28	43	32	25	13	
30	7	28	43	35	11	47	45	38	37	26	31	34	45	39	14	25	13	10	28	
32	43	6	7	45	18	21	12	12	33	41	26	18	39	41	47	17	29	5	39	
23	49	36	32	38	25	41	28	32	11	39	21	43	18	25	37	14	5	33	8	
On machine	7
27	5	7	23	21	28	37	27	29	44	43	13	25	16	50	3	21	48	40	19	
8	38	13	36	31	15	9	16	9	14	31	11	11	50	18	25	14	38	46	13	
30	39	29	25	33	19	35	1	34	35	20	20	20	13	40	50	8	11	37	32	
29	37	30	36	29	19	16	41	33	35	29	4	20	36	43	10	5	43	33	8	
26	31	1	7	45	31	45	1	36	12	4	3	37	40	4	4	36	11	1	13	
12	36	45	43	28	48	6	4	38	21	38	23	5	30	26	15	33	19	3	30	
10	14	39	18	35	4	1	29	29	40	18	15	17	43	10	9	12	32	10	49	
36	34	34	37	28	46	32	26	22	14	32	34	18	18	1	19	8	16	50	32	
29	3	37	44	20	7	44	13	24	28	20	44	22	33	18	35	36	32	42	17	
27	9	43	10	38	12	50	43	38	25	45	11	43	49	50	43	45	49	34	24	
11	41	17	28	14	3	50	37	41	28	48	19	40	15	30	32	4	28	12	17	
30	48	18	5	20	38	49	12	21	12	13	48	42	7	23	43	8	24	37	15	
39	41	46	15	20	28	17	29	21	43	38	1	5	10	50	12	36	28	1	8	
21	9	25	48	16	49	12	49	14	38	4	16	38	14	35	22	6	21	20	29	
37	4	39	28	22	26	13	22	41	9	13	32	4	47	15	49	8	2	24	21	
2	43	43	27	4	40	32	24	35	9	31	8	3	32	22	35	41	21	31	2	
36	14	35	38	47	44	25	32	8	48	35	30	22	22	4	45	34	36	5	50	
3	22	25	42	7	5	24	35	25	15	42	13	49	46	26	27	1	9	1	15	
44	11	45	10	7	41	50	11	28	20	9	49	29	21	7	45	43	13	28	20	
14	39	43	48	48	46	4	6	43	46	4	5	3	47	9	17	40	50	3	20	
On machine	8
9	30	15	20	38	29	37	16	9	11	40	48	22	22	40	11	5	46	41	45	
40	36	11	43	9	38	25	13	42	24	14	48	47	28	3	35	5	22	3	50	
40	17	26	5	6	46	5	32	43	17	43	49	41	48	32	35	12	44	30	35	
3	28	26	1	36	12	46	46	34	8	40	9	49	29	18	11	11	11	48	34	
28	23	18	17	9	38	33	4	44	15	37	5	27	32	45	21	12	49	26	33	
20	4	45	49	3	50	21	6	29	34	19	33	28	22	45	28	2	11	6	49	
41	15	36	9	6	2	30	2	45	27	3	46	11	47	37	8	31	21	46	11	
37	11	49	33	21	10	19	21	41	1	29	26	40	9	48	33	7	22	3	7	
36	33	15	6	46	21	5	11	40	41	21	41	44	18	38	47	9	10	19	6	
6	6	44	47	13	45	18	27	20	35	14	23	47	40	17	44	17	12	10	44	
3	47	43	6	47	30	20	14	20	18	38	46	47	32	49	46	49	46	38	43	
16	7	31	35	28	39	50	26	3	13	31	26	21	25	36	3	11	19	28	20	
33	16	9	23	15	20	27	14	6	5	49	39	27	23	15	45	8	29	8	13	
44	13	43	12	3	36	50	6	34	21	14	7	4	38	29	19	2	45	17	19	
46	44	18	24	39	42	49	39	43	25	5	35	37	14	43	6	18	17	12	24	
25	16	19	19	2	42	18	15	11	18	47	45	3	8	30	39	20	36	40	11	
46	40	31	33	36	7	35	12	36	17	21	10	7	39	35	49	42	16	43	6	
16	24	46	41	30	19	34	16	34	28	4	2	11	1	22	4	40	24	4	47	
45	39	3	48	21	25	21	21	20	25	14	37	30	47	4	42	48	41	23	13	
30	14	36	37	4	28	7	28	18	14	11	4	36	1	13	33	19	34	19	41	
On machine	9
27	49	46	16	43	5	10	23	46	9	20	48	26	3	5	49	40	31	31	48	
50	29	23	28	18	18	35	45	10	14	42	49	22	32	5	41	4	19	50	49	
22	41	17	33	23	14	17	24	38	38	5	47	20	27	16	41	16	5	42	47	
26	4	3	34	30	17	49	33	11	7	7	5	13	23	2	7	45	7	19	22	
43	31	27	14	16	5	25	27	22	6	40	17	49	18	4	26	1	37	36	41	
22	22	40	39	22	18	2	28	20	29	17	31	22	4	38	7	7	12	20	21	
11	31	18	34	39	1	47	29	12	49	30	32	49	10	44	31	19	23	31	31	
8	23	1	29	19	26	34	35	47	41	24	32	3	28	28	20	33	7	18	49	
42	40	4	2	46	46	30	29	22	3	21	44	23	46	5	25	30	40	24	50	
42	8	26	37	32	13	15	2	1	49	35	40	50	27	2	1	41	27	44	2	
16	5	44	4	24	1	15	35	27	12	25	28	32	3	21	20	27	18	48	44	
27	37	24	45	28	9	17	49	21	40	47	23	46	20	21	15	8	13	33	17	
9	36	22	44	31	34	41	25	50	20	21	10	12	26	18	47	32	10	6	18	
35	31	25	19	2	11	48	50	18	6	1	48	26	27	29	7	31	43	4	16	
18	32	19	40	15	36	3	24	36	27	18	27	1	12	33	7	30	45	7	38	
24	18	26	47	10	7	32	37	14	31	33	50	9	21	40	28	31	19	1	19	
24	25	9	1	20	23	34	6	20	12	12	22	35	16	8	1	41	32	33	36	
20	15	33	43	25	10	6	41	22	1	27	44	18	28	9	50	34	22	13	9	
37	26	32	50	15	24	6	30	26	12	17	48	8	4	19	46	20	50	7	41	
5	21	39	34	47	42	10	26	41	6	19	25	6	23	38	8	11	19	29	14	
On machine	10
45	4	41	26	16	49	44	4	17	46	14	28	30	22	9	10	38	6	7	42	
12	20	16	47	40	13	31	48	5	28	44	42	15	39	30	23	23	11	38	11	
16	49	18	25	39	38	49	28	50	27	49	30	22	50	14	3	3	21	17	32	
1	42	16	34	5	48	49	31	29	12	35	17	39	17	35	13	20	35	41	47	
6	43	39	22	6	41	31	12	1	37	34	48	19	11	13	15	17	5	37	25	
37	2	9	45	8	45	13	1	19	8	23	8	16	27	34	2	4	46	43	26	
44	49	1	24	31	38	49	43	46	17	19	11	17	49	3	47	49	47	31	47	
48	22	45	25	43	10	25	8	2	6	11	22	7	7	14	31	2	30	28	48	
14	21	41	45	24	35	22	38	45	4	16	43	40	47	50	45	19	12	1	11	
21	31	25	8	42	40	17	16	35	14	17	34	12	13	50	45	33	33	48	39	
28	5	48	45	27	47	16	45	33	6	30	30	45	24	1	41	46	44	37	44	
8	14	30	20	44	34	19	20	12	41	16	10	43	34	8	37	28	2	9	12	
26	9	34	44	20	39	5	39	17	10	2	31	35	12	7	11	3	48	46	42	
42	21	48	22	21	9	7	32	12	30	19	24	36	19	24	6	22	20	44	19	
15	5	12	26	41	46	38	28	39	14	38	50	30	2	49	7	6	42	40	44	
29	36	22	24	9	50	11	50	42	24	35	37	32	33	27	31	18	30	3	35	
4	25	20	49	1	25	9	45	34	6	37	13	29	8	21	43	29	38	46	50	
15	6	47	7	1	16	9	21	34	28	15	16	35	39	29	10	21	26	40	3	
7	34	32	47	3	11	17	44	29	5	7	15	25	27	14	49	13	23	13	35	
2	1	21	43	50	37	40	28	16	21	39	38	45	15	38	19	18	15	21	12	
On machine	11
25	49	1	37	34	25	33	49	19	29	50	40	18	24	42	33	2	13	14	19	
39	21	12	24	50	41	14	50	17	5	30	10	6	9	27	31	41	7	45	12	
16	29	35	50	50	10	36	38	18	34	34	29	47	43	16	29	50	43	45	34	
45	44	40	31	35	19	47	14	26	43	21	33	17	10	43	16	19	31	14	45	
17	14	35	50	30	45	12	28	17	10	44	14	21	47	1	37	19	35	15	43	
30	42	48	28	21	50	33	22	24	6	46	50	44	18	7	15	35	3	30	50	
16	48	16	6	42	28	14	24	35	21	25	22	43	46	9	10	41	18	19	15	
23	19	39	42	28	42	9	11	16	37	17	1	12	26	7	22	1	15	8	27	
37	34	45	2	41	31	6	14	19	14	12	37	34	6	31	12	21	23	29	44	
33	14	7	40	10	31	8	11	7	27	1	1	36	17	34	14	47	8	49	40	
26	15	36	47	29	11	25	35	36	26	3	23	28	30	28	21	6	14	26	42	
48	35	34	12	26	11	2	8	43	2	34	26	16	18	10	4	50	14	41	22	
6	35	26	12	7	18	18	5	4	43	25	37	43	13	13	43	7	22	2	15	
39	35	25	22	14	13	27	34	18	23	9	23	37	47	27	16	21	28	41	10	
43	16	12	13	47	26	31	49	8	33	27	3	32	27	17	42	26	21	33	37	
40	26	4	9	47	23	13	14	10	41	40	11	36	36	14	13	22	19	7	13	
9	26	10	34	44	34	15	40	15	49	19	35	24	14	28	24	44	10	21	1	
12	32	9	8	6	36	36	32	35	6	32	8	41	1	33	29	30	10	29	2	
46	11	23	29	38	33	44	28	19	31	3	1	42	1	43	29	20	6	7	35	
10	34	20	5	50	50	38	28	47	7	29	41	4	22	9	15	45	6	49	11	
On machine	12
50	1	19	29	40	3	19	44	40	39	14	26	10	36	45	13	46	37	31	32	
8	24	17	34	7	14	39	50	45	37	25	11	2	40	35	25	19	29	5	5	
44	22	44	41	8	16	17	36	39	34	39	38	19	40	23	26	45	43	21	30	
39	40	46	31	12	33	47	9	39	46	10	21	50	1	50	2	3	31	3	23	
44	31	25	9	39	20	34	26	39	50	40	38	29	40	4	40	9	31	32	14	
50	15	24	7	5	41	17	10	8	3	22	17	26	1	50	9	39	1	42	49	
40	26	45	48	23	50	24	10	49	26	30	20	13	27	42	40	14	36	19	40	
44	40	20	15	32	7	38	18	44	50	20	7	10	10	26	37	16	50	24	38	
18	5	28	47	17	23	42	11	11	13	40	11	40	48	8	36	48	21	44	21	
25	10	10	43	10	41	43	22	1	17	5	20	34	9	25	14	2	24	10	5	
36	5	6	33	26	7	33	45	13	37	28	33	42	35	39	48	32	1	24	21	
13	19	48	7	9	25	44	29	21	21	42	43	4	24	15	14	43	46	8	41	
14	48	3	39	38	48	3	18	13	35	14	4	34	33	3	45	50	19	47	31	
2	7	32	34	16	36	27	32	48	48	46	4	44	36	24	43	12	44	3	37	
43	39	2	12	31	39	36	37	19	1	11	21	33	7	43	41	23	1	8	18	
5	42	14	30	25	28	14	15	29	34	45	29	16	28	7	3	43	31	26	35	
7	48	11	32	24	45	26	28	3	42	43	41	25	40	5	11	29	23	11	18	
36	25	28	3	12	44	39	17	25	8	22	30	7	1	4	12	32	7	1	37	
16	41	26	38	35	1	3	41	18	19	46	11	36	23	13	40	29	50	33	35	
27	25	38	33	18	3	9	30	16	44	49	29	10	42	30	22	38	16	19	12	
On machine	13
15	23	28	31	40	21	38	12	23	48	24	33	1	7	24	26	20	10	46	18	
22	28	17	8	3	15	50	30	9	11	32	21	35	3	29	25	34	22	27	11	
13	37	29	3	7	11	12	39	18	43	36	35	39	45	4	49	6	15	49	35	
13	6	5	42	35	50	37	43	9	26	23	23	49	22	28	48	11	48	8	21	
43	42	11	49	47	43	41	14	15	24	41	30	13	11	48	40	30	10	38	48	
45	42	11	10	43	46	25	23	5	39	2	48	17	15	37	50	40	7	42	36	
39	41	9	38	35	43	12	46	7	5	10	16	37	37	12	37	13	5	28	13	
42	47	26	13	15	25	9	47	43	5	22	31	45	17	14	43	41	8	14	10	
22	43	22	28	31	28	8	40	19	35	32	15	20	12	14	3	6	37	24	18	
24	40	27	20	12	38	27	47	37	6	8	32	19	11	44	15	6	17	39	43	
2	33	3	25	3	41	48	46	7	14	26	21	25	30	23	3	26	44	19	2	
24	30	40	4	34	36	20	50	50	10	44	50	1	24	40	29	9	46	8	14	
39	5	27	13	48	41	36	15	50	46	6	13	45	47	34	17	40	42	28	10	
41	6	27	27	31	38	28	26	41	6	13	26	3	13	14	32	35	18	33	29	
21	35	33	30	48	37	22	40	34	31	13	37	45	22	16	44	29	44	3	33	
29	20	14	45	42	48	49	33	21	21	35	41	8	42	9	3	15	5	48	4	
48	27	10	9	41	39	8	11	11	41	41	42	8	41	37	17	3	3	48	10	
17	25	27	23	49	46	44	20	31	16	42	37	6	30	1	23	32	45	23	7	
42	11	22	33	21	5	5	29	10	1	7	29	1	14	16	42	41	14	12	48	
4	25	33	35	3	22	41	7	43	9	46	20	42	1	3	21	32	14	24	32	
On machine	14
20	6	5	24	9	11	22	12	9	29	44	47	25	50	9	41	33	4	50	45	
26	13	4	33	32	10	6	50	44	42	50	4	41	3	12	8	25	42	39	26	
13	37	29	42	16	7	45	38	9	5	13	16	32	31	21	18	43	7	36	19	
18	8	48	23	25	22	31	32	16	1	21	39	37	29	13	23	5	15	18	14	
36	21	24	6	8	43	33	21	45	22	31	23	40	25	31	42	34	36	38	26	
16	15	19	29	37	19	7	7	17	1	24	36	11	4	49	1	49	13	22	44	
40	34	14	49	39	42	43	22	45	16	23	30	28	16	49	32	47	33	2	35	
27	4	46	19	45	39	3	15	22	5	10	12	30	20	16	5	42	40	16	45	
25	35	48	27	34	9	7	14	43	35	32	20	13	49	31	37	6	42	35	35	
7	4	16	22	27	5	17	46	48	1	20	13	2	26	6	7	13	9	45	40	
35	21	46	24	18	36	48	38	16	37	30	38	24	21	32	33	49	30	19	33	
50	35	43	50	21	19	47	9	46	19	5	21	1	22	23	31	4	8	16	20	
43	5	11	40	26	28	20	26	3	32	36	3	16	37	45	28	1	20	22	10	
46	49	44	14	38	40	39	5	18	46	27	2	14	43	13	36	17	21	20	42	
3	24	46	47	6	47	25	10	42	23	33	26	10	47	17	47	50	19	17	9	
22	47	39	36	33	7	44	38	17	6	20	50	18	36	25	42	32	21	38	25	
42	18	17	30	46	13	31	36	45	50	25	35	43	30	21	19	48	43	26	49	
21	46	32	48	26	6	7	25	38	43	9	40	18	32	25	29	31	37	49	20	
43	30	4	35	47	15	25	1	6	21	32	18	28	19	43	35	48	24	26	49	
20	6	29	45	32	15	25	11	15	20	44	36	25	19	14	2	24	18	14	31	
On machine	15
22	30	27	16	18	39	45	49	1	29	31	35	10	36	35	47	42	4	15	25	
50	17	34	17	35	12	45	40	12	28	25	5	47	30	9	4	32	17	10	10	
44	33	17	18	47	18	14	3	8	18	6	27	24	29	4	19	49	30	46	38	
12	23	27	8	34	43	17	29	41	11	19	15	23	33	43	35	25	45	5	24	
27	9	15	21	30	3	50	19	6	40	26	12	39	33	40	28	49	41	31	43	
16	7	27	2	2	32	49	1	5	7	31	45	29	5	49	47	36	18	10	39	
28	46	23	27	28	9	21	13	5	15	17	17	45	21	3	15	28	50	23	5	
16	16	26	4	27	46	13	31	3	31	17	45	18	40	15	49	44	5	13	39	
44	38	7	49	20	48	36	42	25	1	45	11	18	8	45	13	43	40	25	10	
27	10	39	23	14	30	4	6	24	50	44	36	47	9	22	21	37	44	23	8	
30	38	34	46	31	4	12	37	46	13	29	34	42	16	3	20	21	50	27	15	
43	25	18	9	45	10	16	44	17	41	28	50	26	11	47	20	44	10	18	9	
46	15	34	3	47	41	43	38	47	47	6	28	14	8	21	33	40	10	22	35	
44	13	11	40	37	50	25	42	17	49	31	3	44	34	21	1	14	33	19	9	
46	47	10	4	10	2	27	2	40	48	9	41	46	49	36	44	27	32	44	22	
24	36	9	44	33	20	27	47	18	6	5	10	33	31	29	47	24	31	23	15	
11	46	29	47	30	12	24	10	15	19	13	32	19	7	20	14	11	29	45	29	
5	23	17	33	45	42	38	28	37	20	22	30	47	43	24	27	28	24	36	43	
44	18	18	31	10	39	37	8	5	19	1	9	5	49	17	13	14	41	24	45	
30	2	8	50	42	15	32	45	15	15	31	18	23	25	17	16	31	11	48	19	
On machine	16
25	31	22	22	7	45	18	24	46	12	31	18	22	5	49	46	18	19	41	1	
2	6	11	36	46	11	6	35	44	50	27	1	10	25	46	45	28	11	43	21	
32	26	39	42	2	30	32	45	30	13	40	44	48	15	5	33	15	2	47	9	
15	8	22	26	3	18	48	7	9	22	36	7	32	17	45	24	44	9	10	20	
10	36	30	23	7	29	33	39	27	37	1	22	43	34	31	6	8	42	9	25	
17	5	22	43	37	33	23	38	40	24	12	37	43	4	23	40	14	33	11	26	
31	37	16	50	14	7	7	24	32	5	9	24	23	19	1	38	35	20	14	8	
36	30	47	7	50	40	34	3	42	9	49	22	47	12	49	7	40	22	5	47	
47	34	45	38	47	41	4	18	1	23	33	25	41	37	38	1	7	11	22	41	
13	49	26	32	11	13	8	38	48	14	43	46	34	26	24	3	48	10	12	31	
45	16	19	19	42	25	8	3	49	21	3	1	24	2	42	41	40	50	37	30	
18	39	12	36	15	6	22	13	33	7	5	37	32	38	31	50	4	48	40	8	
10	9	8	42	34	11	41	47	43	50	7	26	22	30	4	23	24	28	14	44	
4	4	42	50	1	6	21	48	11	44	49	13	17	47	22	44	42	42	36	10	
42	49	44	2	49	2	16	5	29	33	8	9	34	34	35	29	37	31	22	16	
17	29	50	18	16	6	50	1	24	21	23	7	34	7	38	11	7	9	22	48	
16	1	42	48	17	45	42	10	5	16	31	12	13	10	35	25	10	27	31	19	
11	10	14	41	14	39	2	50	44	11	29	13	42	26	25	10	27	15	24	16	
13	39	1	44	38	4	40	8	2	3	15	20	35	30	44	43	39	7	29	5	
17	25	25	25	12	28	50	4	16	50	27	35	24	6	29	21	15	1	35	11	
On machine	17
9	7	24	16	43	33	15	49	18	43	25	48	29	32	49	12	41	9	29	46	
32	19	21	10	23	36	43	18	50	12	49	16	46	30	29	23	12	16	3	5	
43	38	26	18	48	36	14	12	5	28	5	7	3	5	10	43	39	27	48	49	
27	9	5	50	15	35	21	27	43	10	9	43	31	31	3	22	41	39	38	49	
1	12	36	29	46	44	26	48	12	38	5	32	46	40	3	46	8	20	35	8	
43	26	24	31	19	5	25	6	5	39	33	48	35	50	32	30	36	19	14	2	
13	1	47	8	12	20	9	14	49	2	22	34	14	47	33	1	33	47	28	9	
10	25	41	42	23	16	30	32	44	1	7	13	26	38	30	26	30	38	38	30	
9	19	47	6	3	41	16	10	34	44	42	29	7	34	41	36	12	18	46	38	
41	2	45	11	15	19	26	41	6	37	12	28	23	8	24	37	20	49	19	19	
44	8	4	13	24	21	25	50	16	28	21	22	15	7	23	38	32	5	32	4	
36	7	3	18	44	4	43	10	8	27	40	26	20	4	33	30	5	41	28	33	
24	29	33	44	20	11	14	49	50	48	1	6	12	48	10	23	34	34	34	46	
28	20	46	31	49	28	41	18	4	13	25	5	39	45	9	3	7	8	28	31	
3	19	1	32	21	29	8	24	27	1	20	31	48	32	2	43	6	23	17	28	
2	32	23	28	43	24	25	11	28	3	22	28	49	43	33	48	30	29	10	10	
40	42	50	5	49	43	8	39	38	38	34	27	10	47	27	18	37	14	12	34	
7	27	21	5	50	41	24	29	28	42	45	39	9	2	42	18	21	41	47	39	
22	8	13	10	1	14	50	17	33	33	36	36	31	19	50	22	24	6	11	44	
15	27	9	4	33	40	44	27	20	7	11	5	34	49	43	1	34	18	14	38	
On machine	18
40	36	12	44	18	31	38	28	30	20	50	20	32	8	12	4	12	22	8	44	
44	20	49	24	38	19	8	22	38	24	50	31	1	24	14	47	21	49	46	24	
14	49	30	34	35	15	18	38	4	32	2	23	40	42	16	43	44	6	18	39	
17	21	31	4	4	21	1	28	11	21	33	42	32	47	42	37	47	45	47	7	
27	31	25	29	27	37	14	9	24	16	14	16	32	31	44	41	40	38	23	37	
50	15	50	43	4	16	6	26	15	37	24	11	9	43	2	30	46	34	15	11	
49	27	9	20	9	33	7	27	20	9	1	42	46	44	42	3	43	27	17	50	
6	23	45	47	22	7	46	37	20	29	15	5	36	40	38	26	18	43	32	25	
35	15	16	22	41	17	15	34	34	3	42	11	25	24	42	35	38	33	11	9	
43	50	1	8	20	27	9	19	29	34	31	20	16	18	40	1	24	6	19	28	
39	30	39	37	40	30	29	20	28	34	26	50	50	23	36	23	50	50	3	38	
25	49	40	18	13	42	45	19	5	23	37	39	3	18	11	36	1	5	23	7	
9	19	22	49	43	2	16	21	45	39	47	8	14	37	40	12	38	34	33	23	
24	9	39	49	17	17	44	32	47	2	29	45	22	1	40	22	8	22	42	10	
25	31	12	26	46	40	11	45	50	27	43	30	25	38	17	5	14	37	45	3	
40	12	37	33	19	45	24	44	32	22	20	24	1	9	4	7	39	33	36	41	
48	5	4	50	37	28	27	6	41	26	31	44	29	5	47	1	6	13	49	45	
1	12	7	29	49	19	11	10	17	26	6	32	33	37	23	21	42	47	4	24	
16	12	44	15	36	27	17	19	39	13	15	28	28	43	18	32	42	41	5	17	
48	3	25	30	44	12	25	41	28	8	29	28	46	23	36	13	30	16	40	39	
On machine	19
48	37	17	24	34	25	25	19	20	16	29	34	45	5	13	31	26	49	47	40	
43	24	32	25	37	15	47	46	24	26	41	16	45	15	43	29	41	45	43	4	
22	7	14	45	31	34	6	25	49	41	31	20	22	3	42	34	4	31	2	34	
37	27	13	32	40	29	16	36	10	17	9	37	36	28	3	29	9	34	50	30	
1	36	2	8	2	41	21	29	40	23	37	19	36	25	31	46	19	20	33	34	
34	28	35	7	3	8	30	34	10	48	17	15	1	23	32	4	30	16	42	41	
47	36	9	37	7	15	42	17	35	23	2	34	8	24	16	42	50	7	9	16	
15	3	19	49	33	1	18	21	38	44	4	50	1	15	33	16	42	2	42	18	
46	24	48	39	6	4	2	31	46	40	48	19	3	30	9	7	39	27	29	27	
29	20	45	35	10	50	16	49	13	26	35	11	47	27	26	39	25	39	37	36	
17	49	32	29	49	26	25	41	47	47	26	14	9	37	21	35	35	49	43	8	
49	50	23	17	11	45	10	35	5	41	47	16	35	5	33	14	40	19	4	33	
15	11	12	33	9	34	22	6	25	11	48	34	3	27	3	31	9	29	42	24	
2	20	38	36	12	36	15	4	8	4	23	16	11	29	14	7	7	44	40	11	
1	39	7	3	22	41	4	30	28	25	5	46	28	49	5	22	33	31	2	28	
27	3	23	42	29	38	33	44	26	22	41	14	26	23	50	44	19	44	48	26	
21	50	39	19	34	41	23	48	38	18	21	25	44	49	28	50	46	39	32	41	
33	11	31	46	26	30	15	47	35	11	32	16	3	45	47	1	15	43	39	13	
38	23	13	5	34	40	1	28	11	30	33	14	47	35	20	4	33	11	39	4	
6	32	28	16	32	50	1	35	22	41	36	48	21	32	50	41	8	6	8	30	
On machine	20
23	3	30	44	8	22	50	19	46	29	13	12	16	18	36	41	26	14	36	5	
5	45	44	49	22	21	37	17	5	32	39	8	1	19	28	26	28	32	3	2	
19	21	40	19	21	24	11	43	14	9	16	28	7	32	10	24	31	48	10	49	
36	48	42	49	17	37	44	11	8	18	17	10	23	5	5	20	38	14	50	45	
25	25	40	22	12	37	35	45	4	11	43	50	27	32	12	36	49	39	38	43	
35	27	18	43	14	46	47	44	47	7	14	24	33	36	12	19	11	3	49	7	
14	38	5	26	46	37	4	15	38	16	37	20	20	35	26	12	34	17	20	6	
33	1	46	20	42	48	25	33	43	43	50	24	22	10	25	5	10	24	15	12	
20	44	30	6	7	30	26	33	19	6	13	2	40	40	9	40	26	22	22	27	
37	38	49	46	45	42	2	9	20	7	32	10	33	28	42	22	3	16	27	27	
8	25	35	22	38	34	46	3	36	15	15	29	5	40	41	12	36	8	17	28	
11	25	26	18	17	12	9	27	10	8	7	32	16	19	50	20	37	46	37	37	
18	40	40	39	26	32	3	9	18	9	2	49	2	26	37	39	43	27	7	10	
20	47	47	35	3	18	32	19	1	33	47	8	38	38	13	14	8	1	50	34	
14	28	3	8	48	13	48	20	16	32	7	34	16	31	47	36	2	14	29	1	
25	20	44	32	32	36	32	37	15	21	22	9	44	42	17	1	9	15	46	25	
3	35	43	50	18	32	23	14	11	11	7	47	40	11	48	26	49	23	4	25	
25	47	33	32	17	8	27	29	34	18	25	33	43	3	40	9	40	35	28	38	
41	47	16	40	6	16	9	24	5	1	12	33	4	18	10	13	5	49	47	30	
35	50	46	18	27	18	36	46	5	49	2	4	48	13	35	33	30	15	22	8	
Reldue
-1	1378	-1	-1
-1	1615	-1	-1
-1	1002	-1	-1
-1	70	-1	-1
-1	1247	-1	-1
-1	484	-1	-1
-1	1674	-1	-1
-1	758	-1	-1
-1	528	-1	-1
-1	1918	-1	-1
-1	975	-1	-1
-1	1367	-1	-1
-1	1936	-1	-1
-1	1193	-1	-1
-1	1705	-1	-1
-1	1893	-1	-1
-1	276	-1	-1
-1	621	-1	-1
-1	1381	-1	-1
-1	237	-1	-1
