Families	20
Machines	20
MaxSetupTime	100

Number of Jobs in each Family
7	9	1	7	10	7	7	4	7	8	10	9	10	3	9	7	8	7	6	9	

Jobs in each Family
0	1	2	3	4	5	6	
7	8	9	10	11	12	13	14	15	
16	
17	18	19	20	21	22	23	
24	25	26	27	28	29	30	31	32	33	
34	35	36	37	38	39	40	
41	42	43	44	45	46	47	
48	49	50	51	
52	53	54	55	56	57	58	
59	60	61	62	63	64	65	66	
67	68	69	70	71	72	73	74	75	76	
77	78	79	80	81	82	83	84	85	
86	87	88	89	90	91	92	93	94	95	
96	97	98	
99	100	101	102	103	104	105	106	107	
108	109	110	111	112	113	114	
115	116	117	118	119	120	121	122	
123	124	125	126	127	128	129	
130	131	132	133	134	135	
136	137	138	139	140	141	142	143	144	

Total number of jobs
145

Processing times of jobs
6	1	7	4	8	4	7	9	9	2	7	3	7	10	3	8	3	3	7	8	
10	7	1	9	8	4	7	2	3	4	7	1	8	9	10	4	7	7	1	5	
2	3	9	9	1	10	7	4	6	7	5	4	5	8	1	1	9	9	4	8	
10	7	9	2	3	4	7	10	8	2	7	3	3	9	8	6	5	1	7	5	
3	5	4	6	3	1	2	6	3	6	2	1	2	3	3	5	4	4	5	3	
4	3	2	9	2	2	2	1	7	4	4	6	3	10	4	4	2	2	1	3	
5	3	7	9	4	5	9	8	9	7	1	7	2	10	5	8	3	3	9	3	
8	10	2	6	1	1	4	4	7	5	8	10	7	9	8	8	1	2	9	1	
3	9	10	8	9	2	3	10	3	2	1	2	3	8	2	5	8	3	2	5	
10	4	3	2	9	8	4	2	7	8	4	4	3	2	9	2	6	5	1	10	
4	5	10	6	7	9	9	2	1	10	2	5	3	6	8	9	10	7	10	8	
1	5	10	2	2	7	8	9	10	1	4	9	3	3	2	9	7	9	10	8	
2	6	1	10	3	6	8	4	8	9	10	3	1	7	10	8	1	10	7	3	
2	6	3	7	1	8	6	2	7	3	4	3	10	6	7	5	6	7	8	9	
1	7	7	9	8	9	3	4	4	9	4	1	6	1	10	4	5	9	2	6	
4	3	4	7	6	10	3	8	9	3	6	5	2	10	4	4	1	6	2	7	
2	5	10	10	7	6	10	5	4	4	7	1	3	7	1	7	7	7	1	2	
9	9	4	6	2	1	9	10	8	8	8	9	2	8	8	1	10	5	9	5	
4	4	10	3	4	7	3	4	6	8	2	3	4	9	3	9	3	1	10	4	
7	1	7	6	7	10	8	1	8	7	5	5	9	1	5	7	2	6	9	1	
10	10	6	3	2	10	2	8	8	8	8	2	6	8	4	5	4	2	2	1	
5	7	6	5	2	4	1	8	10	3	7	6	5	10	8	7	7	8	8	2	
7	8	1	9	9	5	10	7	9	2	7	1	5	6	2	6	8	8	5	2	
6	2	1	5	4	6	6	1	2	2	2	5	9	5	3	1	5	1	7	8	
8	8	1	2	6	4	5	9	6	2	2	9	4	3	1	2	1	4	3	8	
9	1	10	7	2	5	7	6	10	10	9	7	1	2	2	6	10	3	7	7	
6	4	10	7	4	3	5	2	6	9	1	2	9	10	9	10	9	3	5	7	
9	10	1	9	2	8	5	1	1	1	6	2	9	7	6	3	4	10	7	1	
3	8	8	6	6	6	4	9	4	5	9	9	5	3	7	5	2	3	4	2	
8	3	8	3	4	7	6	2	1	9	4	6	8	3	2	2	5	2	9	6	
9	7	9	4	4	8	5	5	1	6	5	10	1	3	6	3	9	2	9	9	
9	4	8	9	7	7	7	3	8	2	6	10	4	2	8	4	4	10	5	7	
2	5	6	8	6	5	2	1	6	3	5	10	6	2	5	7	5	7	5	1	
2	7	4	10	6	5	2	1	3	2	3	8	5	3	1	5	9	1	5	6	
3	4	3	6	10	3	3	8	6	1	9	3	8	6	2	10	2	10	5	7	
7	9	9	10	5	7	6	3	1	10	3	5	7	5	4	9	9	1	5	4	
10	10	1	9	7	5	7	7	10	5	5	9	5	1	10	7	6	10	9	7	
1	3	6	7	9	3	7	9	5	1	4	8	2	6	6	6	7	10	9	3	
3	3	9	10	10	7	2	6	5	5	3	10	9	4	6	7	10	8	10	3	
8	6	7	4	3	10	8	2	1	3	5	8	1	7	2	8	8	8	8	10	
6	1	10	4	9	9	2	1	4	1	9	6	8	8	1	6	9	10	7	5	
5	5	3	4	7	2	1	2	3	5	7	8	10	3	6	10	10	3	6	10	
8	4	6	2	6	3	9	8	7	8	2	9	7	7	1	1	8	1	7	8	
5	1	2	6	1	3	10	2	10	7	2	10	8	1	3	10	9	10	4	5	
9	6	6	6	10	8	5	1	8	5	1	8	5	1	1	7	1	9	7	2	
7	1	7	4	3	5	1	2	10	2	1	8	10	2	5	4	10	8	8	5	
5	10	5	9	4	7	5	2	9	4	9	6	6	9	8	6	1	8	6	6	
9	1	2	2	2	10	2	8	6	6	5	7	4	1	1	5	10	5	10	1	
3	10	3	10	7	3	4	4	4	4	3	9	10	4	4	9	10	7	7	2	
10	3	9	2	10	1	4	8	8	1	2	5	8	6	7	3	7	2	4	3	
4	2	3	9	9	2	10	10	5	1	7	1	9	3	9	3	7	6	3	9	
8	5	10	9	5	1	5	7	6	3	5	6	10	8	1	5	6	8	7	10	
4	8	5	1	8	5	5	4	7	9	2	6	10	5	4	1	6	4	9	3	
7	6	10	8	4	9	7	3	3	2	6	7	8	5	4	4	2	7	1	4	
7	6	3	4	1	2	6	8	6	7	8	7	8	10	9	4	10	6	8	1	
1	1	2	9	9	5	3	2	3	8	7	5	5	5	8	7	5	5	10	1	
4	4	4	2	2	8	7	4	2	1	9	8	6	2	2	9	8	6	6	3	
10	9	2	2	9	1	9	1	3	10	4	7	8	3	6	6	4	7	8	1	
8	7	6	9	1	3	4	4	4	8	10	9	1	8	2	5	9	3	1	1	
5	5	6	7	4	7	6	1	2	6	4	2	8	6	4	3	5	1	10	9	
7	4	3	1	9	3	10	9	10	9	9	7	5	8	2	1	8	4	5	1	
10	6	7	3	4	3	2	3	7	5	9	5	8	1	2	3	3	7	5	5	
8	10	5	2	3	10	9	4	8	4	1	1	8	9	1	10	1	4	1	9	
5	1	6	3	5	3	8	2	8	1	7	1	5	5	9	8	3	6	5	7	
1	2	4	8	9	5	3	8	4	9	6	2	1	3	8	9	2	9	1	5	
2	4	6	4	4	1	6	7	6	4	5	2	3	1	4	7	7	7	10	10	
10	3	10	1	2	3	7	10	1	7	5	1	6	7	5	7	1	7	1	3	
7	10	8	3	1	1	4	10	8	3	6	4	7	5	8	5	2	2	7	4	
8	4	8	5	2	6	1	7	3	6	7	3	6	2	9	3	1	9	3	7	
6	7	1	2	4	6	1	5	2	5	6	2	6	4	2	7	2	3	10	2	
9	8	6	3	1	8	5	5	10	4	1	5	7	10	8	1	4	2	2	4	
8	6	7	7	5	6	9	7	5	9	3	6	7	9	9	9	9	10	1	10	
5	9	2	6	4	2	1	10	3	6	7	3	3	7	8	1	2	6	1	7	
7	7	6	1	5	5	5	8	3	9	4	4	5	1	7	6	7	6	10	9	
2	1	10	2	3	9	4	1	6	5	3	10	1	5	1	2	4	6	9	7	
10	7	7	7	7	9	3	4	3	7	4	8	2	1	9	9	2	1	10	5	
2	7	9	3	7	5	8	6	3	2	10	7	5	10	4	3	7	1	7	7	
8	1	9	2	1	4	10	2	9	5	5	3	6	3	6	10	8	7	7	6	
3	3	2	10	3	6	6	6	9	4	8	2	1	6	4	3	6	3	10	10	
10	2	8	8	7	5	5	3	10	7	9	9	7	4	2	2	5	7	6	4	
8	9	1	6	10	4	5	2	5	7	6	1	7	7	3	6	7	8	1	8	
4	5	1	5	1	1	4	5	3	4	2	6	4	5	4	3	8	6	10	5	
6	1	10	3	6	2	10	1	9	2	1	3	3	8	10	7	7	5	8	4	
3	3	8	1	4	3	1	10	10	9	2	8	10	6	2	6	6	10	8	8	
6	7	6	7	10	6	2	2	9	9	6	3	10	9	6	5	3	6	7	3	
5	1	10	10	1	10	3	3	1	1	4	2	5	10	3	7	10	10	2	5	
5	1	7	3	6	7	8	2	1	10	8	4	8	4	5	6	8	5	10	2	
4	7	3	5	9	3	8	5	9	4	7	4	3	5	1	6	3	5	4	7	
1	5	2	4	8	6	2	4	5	2	8	9	7	4	10	1	2	10	5	1	
6	5	2	1	10	2	7	2	5	8	4	5	1	3	1	9	5	2	1	10	
9	4	4	8	8	8	2	3	4	6	3	5	10	7	10	8	5	1	8	10	
1	7	1	2	6	10	4	4	3	5	1	8	3	5	4	4	10	10	1	8	
7	3	7	9	5	7	7	4	3	10	5	5	3	7	5	9	2	4	3	2	
8	3	10	6	2	7	10	2	2	7	4	1	2	5	10	2	2	1	4	9	
4	1	9	4	7	8	8	5	4	1	7	8	9	7	7	1	4	2	1	5	
10	3	7	4	6	6	5	3	10	4	1	1	8	7	8	4	5	6	2	3	
8	4	3	2	6	7	1	4	4	8	4	5	5	3	10	5	10	7	4	6	
5	10	7	9	3	7	7	10	2	1	10	8	5	10	3	1	9	9	2	6	
4	3	1	2	9	4	8	2	9	2	1	6	1	5	4	6	1	7	4	8	
3	4	3	7	4	5	10	3	5	2	10	8	2	6	6	7	8	8	1	10	
8	3	2	8	6	7	9	9	2	5	3	8	9	7	8	2	7	10	7	7	
2	3	10	1	7	9	1	9	4	5	9	3	9	5	3	2	5	8	2	6	
2	9	9	7	3	10	1	4	10	6	10	8	1	4	8	8	2	9	4	2	
4	8	6	7	5	2	1	4	10	9	6	2	8	4	3	9	4	1	9	4	
4	10	3	1	8	3	1	8	2	9	10	5	6	6	4	4	8	3	2	9	
6	8	3	9	9	7	9	1	5	8	4	4	4	6	3	9	4	10	1	5	
6	4	2	8	4	7	7	9	10	7	8	3	8	2	8	3	6	9	3	7	
9	7	10	1	2	2	3	8	8	7	6	7	9	4	4	8	3	6	10	1	
5	3	6	6	3	8	6	1	3	6	9	5	1	2	4	10	2	4	4	8	
1	2	4	8	4	8	1	4	6	9	6	9	5	4	9	10	3	2	6	8	
8	8	6	9	7	8	10	3	5	4	2	2	7	3	5	10	1	10	10	5	
8	6	3	5	4	2	6	7	4	1	5	5	3	1	7	4	7	8	9	6	
3	10	2	7	4	8	9	7	7	8	7	6	7	4	10	8	3	5	10	7	
3	5	7	5	9	6	2	1	2	5	9	4	10	2	3	6	3	2	4	6	
10	1	1	10	3	5	3	1	6	1	6	2	1	7	2	9	10	3	4	10	
6	1	1	8	10	5	7	5	8	4	8	6	8	7	2	7	9	10	9	2	
3	9	3	5	5	2	9	10	8	7	2	3	4	1	9	1	7	7	4	10	
1	10	9	2	4	4	3	1	10	9	4	5	6	1	9	8	10	3	8	4	
3	6	4	6	3	9	5	7	7	1	9	2	4	5	10	1	3	7	2	3	
4	6	2	4	7	4	9	6	3	8	5	2	5	5	10	7	7	1	6	10	
3	5	3	8	7	5	6	2	10	4	1	2	8	10	10	3	6	10	5	9	
5	10	9	4	2	8	4	10	9	7	7	1	10	6	3	6	5	1	4	2	
9	1	1	5	10	9	5	2	10	3	3	6	5	4	5	2	7	9	9	7	
7	10	6	6	9	7	1	9	9	2	5	8	5	6	3	6	5	10	8	2	
5	3	8	3	9	10	2	7	2	9	2	3	9	10	10	1	7	5	3	10	
6	6	1	9	8	1	9	3	8	6	3	10	7	7	10	8	8	10	3	1	
3	2	7	4	4	6	5	4	5	5	2	10	5	4	4	1	4	10	2	4	
2	2	5	1	1	5	6	10	10	4	5	4	8	1	10	1	7	1	10	7	
4	2	1	8	1	3	3	1	7	1	7	1	9	3	8	3	9	2	9	10	
10	9	2	1	3	1	3	9	8	2	2	10	8	9	10	9	10	8	10	5	
1	9	9	3	5	6	6	3	4	4	2	8	5	6	1	9	10	8	4	9	
2	4	7	4	2	8	5	4	2	2	8	6	1	10	3	6	8	2	10	3	
9	10	10	4	3	4	10	9	9	7	7	3	3	4	3	5	4	9	7	8	
5	8	3	7	1	10	10	2	7	7	9	8	7	5	9	4	1	3	2	5	
7	6	3	5	5	7	9	5	9	8	10	7	5	5	1	6	8	8	9	8	
7	10	2	7	9	7	1	2	5	8	5	9	2	8	1	1	9	2	3	8	
7	3	9	5	4	7	5	9	6	4	6	9	9	3	6	4	10	8	5	9	
4	5	3	9	3	9	3	5	3	8	8	5	8	2	10	6	5	9	2	9	
2	10	3	6	8	3	10	6	10	10	2	5	8	6	4	2	10	8	6	8	
8	7	10	4	7	1	2	3	1	8	3	1	6	8	9	2	6	7	2	3	
8	5	7	2	2	6	2	6	6	7	2	1	3	5	6	6	2	5	3	7	
7	8	4	9	7	10	8	10	9	7	2	7	7	10	1	4	2	9	3	7	
8	3	5	9	10	10	2	5	4	3	6	1	5	9	5	4	2	1	4	4	
6	5	3	7	4	8	9	2	7	7	3	5	4	4	10	2	3	1	5	7	
5	8	1	6	2	3	5	2	7	4	5	5	4	9	8	8	4	6	3	7	

Stepup times between family, where [f][f] represents initial setup time
On machine	1
34	59	92	26	21	30	91	53	38	81	41	8	40	10	46	91	8	63	63	78	
54	28	58	95	82	71	81	26	96	100	59	86	4	95	87	40	69	18	87	42	
71	14	11	26	92	49	2	12	85	73	36	38	28	43	30	12	73	25	25	99	
43	69	40	92	97	60	4	38	31	74	75	79	8	27	9	54	91	17	86	93	
25	99	53	74	4	96	63	7	19	27	48	53	32	58	22	46	7	26	32	7	
59	1	9	28	66	16	69	51	30	90	53	84	75	81	26	83	61	98	17	80	
92	55	25	93	74	44	78	19	22	87	20	72	24	79	3	42	69	34	2	66	
66	18	94	44	73	22	89	25	46	78	48	78	86	8	85	25	43	56	58	2	
87	48	96	67	59	13	67	29	98	26	71	65	74	27	67	80	23	14	52	68	
36	54	67	63	60	34	31	6	23	6	51	5	61	57	11	72	16	96	53	42	
25	14	10	82	71	81	21	67	76	39	10	71	26	54	95	66	69	57	89	50	
31	89	32	13	13	61	79	98	15	27	11	57	3	98	58	20	66	94	13	65	
19	50	82	60	18	70	13	42	53	65	75	15	48	12	36	45	95	7	54	79	
32	65	68	9	76	96	26	78	43	87	83	71	100	84	47	60	40	63	70	12	
100	89	18	90	23	64	14	23	51	8	35	29	41	89	85	51	74	81	24	53	
95	22	43	13	37	14	8	27	81	58	49	1	3	46	42	69	34	90	32	66	
96	65	69	77	21	39	86	23	42	20	72	8	48	59	34	43	31	64	36	96	
24	20	18	35	83	53	73	7	21	77	98	82	89	46	51	39	2	25	28	21	
14	28	26	9	68	32	87	25	56	43	94	3	82	78	24	70	57	30	58	52	
18	44	56	11	1	9	73	10	26	96	15	94	61	22	49	40	53	78	77	28	
On machine	2
61	12	18	92	21	81	70	39	41	72	100	92	14	9	75	59	99	86	56	30	
81	63	19	94	83	48	93	64	1	53	83	36	72	34	92	60	65	48	95	50	
86	54	72	77	4	50	34	5	98	76	19	95	92	46	99	18	96	70	5	23	
40	64	79	44	28	59	48	31	86	50	42	91	85	40	86	63	51	51	36	28	
57	30	98	16	14	72	92	94	46	11	30	96	37	43	23	40	30	39	8	58	
45	15	96	14	99	54	42	84	38	70	93	52	98	73	60	19	51	100	7	7	
95	21	32	90	38	76	40	17	27	18	82	31	5	16	22	40	32	83	3	83	
1	86	80	32	88	95	73	54	91	13	7	98	98	21	31	77	38	88	21	81	
76	43	60	28	59	29	30	20	43	40	7	94	45	93	73	35	91	6	56	45	
24	37	20	26	98	64	20	42	34	2	86	33	42	7	72	74	15	98	44	98	
93	51	93	3	23	99	25	41	35	39	67	28	32	30	64	23	87	70	96	14	
3	6	63	69	14	84	32	21	9	98	82	2	74	42	88	77	80	95	26	89	
83	83	45	4	29	87	80	66	87	12	22	99	6	46	91	81	28	54	35	43	
32	28	57	97	73	26	15	75	46	19	56	60	27	4	1	81	93	77	64	80	
51	31	32	60	71	37	7	16	25	44	40	14	6	4	1	58	95	74	89	52	
31	83	69	12	4	23	7	60	25	29	19	30	50	17	45	67	100	16	50	88	
30	87	78	76	87	1	80	89	65	32	100	30	58	41	3	23	75	48	16	13	
17	92	89	75	11	12	4	68	80	51	66	19	90	60	33	100	46	100	35	93	
50	38	55	21	10	13	29	77	33	63	94	3	40	99	40	91	74	23	78	7	
59	48	92	90	87	91	35	1	97	68	46	84	41	9	60	100	11	87	80	84	
On machine	3
9	79	28	94	86	96	43	96	45	26	46	80	18	50	72	32	29	99	74	84	
83	44	70	7	37	29	54	43	20	7	68	70	60	62	98	13	49	18	74	14	
56	86	78	40	39	4	26	96	78	93	37	8	50	92	87	11	1	79	88	68	
57	70	15	30	62	28	10	96	100	98	22	24	55	72	21	82	18	74	4	20	
80	32	71	23	14	85	95	97	9	29	28	36	48	67	59	99	60	40	33	42	
27	50	43	42	34	76	45	53	1	62	38	61	95	58	32	29	84	63	44	65	
28	31	88	67	49	34	37	84	76	30	86	87	20	99	100	73	96	54	73	29	
12	32	32	100	51	97	31	29	10	44	35	61	60	81	33	1	99	32	87	53	
47	15	78	17	65	45	43	27	10	92	32	94	18	76	87	36	73	9	52	41	
51	44	45	92	42	87	64	81	85	46	38	22	59	28	31	47	2	78	95	79	
26	67	69	30	61	90	19	81	22	83	88	32	1	40	25	31	27	19	89	94	
78	63	17	96	90	56	79	23	34	45	83	44	60	42	48	76	60	58	29	67	
52	43	64	21	17	32	53	14	91	36	10	28	87	73	96	30	99	13	7	18	
46	30	66	100	2	39	5	78	16	66	57	5	49	49	2	26	27	4	73	90	
48	1	28	79	87	8	86	28	38	29	99	95	4	16	56	16	26	89	59	62	
16	62	3	93	67	3	24	86	37	20	49	67	63	13	36	42	83	61	30	10	
19	28	20	26	34	76	90	38	94	49	54	23	57	34	42	60	81	31	59	27	
50	23	11	85	85	47	39	36	59	49	74	19	56	23	97	29	80	49	99	75	
85	87	46	1	77	43	57	29	29	73	44	20	61	67	17	62	41	39	71	60	
35	53	19	24	48	21	69	50	98	46	93	66	78	35	9	84	22	3	45	29	
On machine	4
18	28	35	65	57	71	55	78	8	36	32	59	19	1	94	72	75	33	23	71	
1	56	12	26	74	66	96	41	47	32	83	32	88	24	31	96	36	83	24	68	
46	80	32	19	82	71	39	71	23	22	61	24	70	8	40	78	46	74	70	64	
18	50	98	90	94	77	24	25	62	24	22	15	4	62	19	86	40	16	72	84	
6	42	22	82	50	86	4	35	50	43	71	94	74	20	57	30	72	26	67	24	
17	60	68	64	29	74	43	58	41	74	59	16	5	22	74	28	32	39	30	41	
59	95	84	14	1	42	65	58	64	79	90	92	91	44	68	62	95	40	81	50	
51	11	63	60	49	84	72	6	34	34	63	36	50	60	66	40	26	33	4	36	
70	37	18	92	98	70	65	16	95	15	16	25	92	53	47	84	6	73	1	95	
39	96	61	65	94	26	83	74	89	99	93	41	10	91	96	82	38	1	50	27	
48	54	84	12	54	49	21	32	86	51	75	10	3	95	66	78	42	31	83	80	
94	52	32	28	51	16	81	81	44	14	27	35	46	12	18	10	74	30	61	24	
20	18	17	23	66	37	94	10	80	79	37	66	62	55	33	21	70	10	90	7	
56	91	85	15	73	66	93	45	51	15	6	57	15	89	71	2	26	98	68	69	
18	99	22	51	59	42	1	99	54	33	17	87	35	69	8	95	97	30	43	71	
29	62	76	55	56	14	71	32	72	32	3	51	25	66	35	83	56	1	36	61	
61	81	70	48	10	24	88	61	54	100	41	98	55	18	79	20	71	58	41	76	
9	33	76	47	28	32	23	48	54	65	71	73	76	21	13	79	79	45	100	89	
19	86	31	68	9	76	39	73	50	3	91	47	78	33	82	45	68	25	89	13	
100	52	32	42	16	31	69	71	41	73	55	25	43	75	16	22	3	18	43	55	
On machine	5
80	38	21	16	46	75	92	26	23	60	83	36	49	72	69	22	88	19	42	40	
62	78	45	7	44	41	41	37	18	93	1	14	20	5	33	38	45	61	88	81	
92	65	44	10	62	33	17	61	77	46	30	61	97	68	66	92	63	4	74	56	
68	86	55	83	58	6	16	21	8	79	47	32	44	25	63	59	40	67	22	91	
6	34	100	44	86	14	43	43	99	87	77	97	37	83	4	53	39	77	94	72	
75	48	57	44	99	5	34	45	45	71	14	10	3	21	67	26	68	43	89	14	
19	91	79	95	40	44	11	76	1	50	82	81	71	61	17	72	29	32	2	35	
53	81	39	37	71	54	30	54	66	81	33	15	44	60	70	80	98	60	14	86	
10	36	54	89	65	50	17	55	6	91	9	82	33	22	65	87	23	10	22	72	
20	72	23	57	12	77	47	45	43	4	10	22	96	4	50	33	81	2	1	79	
21	62	20	66	30	67	81	33	98	94	71	46	81	63	17	48	73	63	55	10	
74	42	68	65	72	75	23	89	52	46	56	86	66	23	26	96	55	98	79	36	
79	47	25	32	60	71	95	81	50	3	69	89	91	39	71	50	55	79	42	93	
93	1	45	26	41	11	60	26	89	27	87	92	40	59	90	14	59	37	51	14	
79	11	62	85	99	75	86	4	7	79	28	41	45	81	46	57	53	46	54	73	
3	99	76	61	15	35	6	3	25	9	24	8	66	51	50	84	98	77	78	50	
37	100	45	17	16	72	56	88	86	99	73	92	93	1	53	93	61	77	21	59	
72	87	61	69	50	37	84	85	44	98	30	56	1	43	65	85	48	3	42	72	
39	51	49	36	2	34	85	13	40	33	44	97	6	61	45	45	12	55	59	60	
81	61	31	96	21	69	20	41	57	92	79	18	82	29	87	96	98	10	57	4	
On machine	6
7	17	10	92	32	38	6	43	30	57	8	1	8	94	69	39	7	49	67	83	
80	77	23	100	63	17	89	32	58	65	55	23	91	35	66	16	36	66	89	70	
83	6	22	67	94	71	52	21	61	87	63	11	77	98	89	83	41	26	50	20	
18	14	17	57	12	3	10	1	66	29	30	7	5	87	8	13	84	97	85	57	
90	13	62	44	57	24	12	55	7	37	81	63	11	46	22	30	24	47	1	78	
19	97	50	7	68	61	57	45	31	21	26	98	100	80	61	34	34	72	82	17	
31	86	88	87	82	86	12	1	72	68	8	81	60	61	64	96	96	57	87	22	
16	90	17	33	63	86	38	87	36	20	56	84	93	98	76	71	24	10	13	100	
63	32	43	94	87	100	47	58	63	81	20	82	57	35	82	97	22	22	6	100	
75	59	91	11	59	5	6	36	82	36	45	36	53	51	97	52	5	31	16	39	
52	18	29	44	9	13	5	97	68	65	47	57	7	40	81	49	74	30	60	86	
17	1	20	20	100	14	37	21	47	81	87	48	75	95	93	58	91	38	32	85	
11	92	6	35	19	29	30	44	95	14	31	5	48	68	92	15	50	56	50	82	
69	53	42	3	11	90	9	88	75	70	88	86	20	35	76	18	2	11	33	6	
12	100	93	93	71	82	39	50	10	58	32	27	43	1	81	82	80	60	81	55	
79	95	21	48	85	49	35	11	63	18	28	43	78	2	96	99	91	14	52	11	
74	62	85	28	25	56	10	73	60	12	60	76	48	37	31	26	53	93	61	5	
67	30	53	28	11	7	44	87	83	61	70	28	86	30	87	1	90	45	24	82	
75	14	85	45	36	34	71	74	56	16	58	63	75	48	17	66	57	92	36	74	
20	39	11	39	51	48	90	31	67	77	36	92	38	39	60	92	71	89	71	95	
On machine	7
72	29	18	75	61	4	91	81	50	65	87	91	49	76	37	6	52	49	10	77	
24	2	79	81	20	66	84	71	66	58	67	38	15	6	12	41	33	50	74	51	
15	91	65	40	86	24	77	22	70	82	42	64	91	79	77	49	74	80	36	65	
49	46	17	23	31	9	21	94	25	16	50	26	52	59	13	10	50	2	61	23	
10	32	84	24	55	41	98	24	55	47	75	13	43	76	88	42	91	70	83	7	
75	27	36	49	75	66	60	14	3	49	95	11	27	91	84	42	38	38	3	83	
1	30	97	66	95	38	36	89	3	19	74	47	48	25	55	38	81	71	77	75	
89	7	91	22	93	20	36	92	45	78	88	80	99	4	33	73	2	46	71	79	
24	29	89	57	5	21	100	87	58	24	65	61	68	38	31	74	41	3	12	29	
86	6	38	48	30	75	66	55	67	45	35	89	28	60	65	17	73	42	43	9	
3	75	15	36	30	83	67	10	71	59	4	8	26	59	20	94	15	18	95	51	
45	49	88	10	51	30	87	27	63	11	81	36	100	63	30	87	85	41	71	21	
46	2	84	57	62	12	87	34	26	88	61	84	31	11	27	43	76	29	23	60	
31	37	65	58	11	33	57	58	7	40	22	50	13	77	79	8	7	35	27	11	
72	58	55	26	5	76	100	75	14	81	54	98	99	64	46	54	18	75	30	34	
14	88	19	73	98	72	43	72	98	41	64	37	56	80	59	21	94	27	49	27	
80	61	5	54	73	87	4	74	44	85	97	78	86	84	7	89	2	64	65	43	
46	75	80	1	88	5	60	26	26	85	73	42	97	28	81	22	37	42	38	69	
77	9	94	34	33	18	87	1	45	4	98	33	40	65	69	49	27	14	76	32	
95	1	47	78	68	23	24	72	95	81	21	95	11	50	10	79	21	68	75	4	
On machine	8
55	17	23	48	39	1	12	55	55	90	4	39	23	39	30	41	22	50	77	69	
21	28	21	74	17	2	36	98	63	58	11	37	10	22	17	49	27	100	71	29	
45	37	6	7	22	62	22	78	64	96	1	37	83	33	76	26	10	89	2	77	
8	3	37	72	67	7	29	12	76	36	75	4	21	19	45	23	2	62	64	55	
70	20	30	77	8	61	87	23	46	66	53	33	32	93	47	98	73	43	25	94	
35	51	34	72	64	55	2	83	3	92	30	13	5	81	88	94	28	10	73	47	
89	53	33	82	80	5	40	80	7	57	9	100	91	25	2	38	78	2	60	83	
75	75	89	52	86	50	30	5	35	4	81	12	56	90	30	82	55	14	13	67	
45	17	25	97	45	95	46	58	32	81	30	7	42	40	80	32	3	34	16	73	
50	14	13	59	40	36	20	75	44	6	48	63	37	87	58	88	84	31	76	4	
23	53	2	41	28	28	12	64	66	97	54	1	66	49	74	90	5	90	2	78	
42	89	95	18	22	1	69	4	100	38	30	87	75	8	55	93	25	19	57	24	
72	40	52	97	68	98	75	65	59	11	87	53	73	94	3	57	12	63	46	46	
4	3	91	81	34	89	34	20	61	87	31	71	66	27	81	39	21	51	17	62	
8	91	81	78	53	14	5	39	72	32	69	24	53	63	55	24	96	68	99	55	
26	90	12	42	23	54	59	3	41	2	59	32	64	34	29	10	75	63	34	43	
30	49	45	56	39	32	78	44	68	59	53	32	67	5	60	19	78	95	57	27	
47	84	35	64	39	37	7	31	97	30	14	65	38	11	49	81	40	74	10	35	
78	96	9	41	29	85	19	42	11	52	48	7	90	97	44	78	71	28	67	94	
18	1	80	26	4	46	96	72	40	19	41	48	80	18	23	70	16	56	71	17	
On machine	9
58	17	92	13	28	59	27	6	45	12	9	94	20	70	94	98	43	86	62	11	
74	41	49	30	9	93	47	37	27	43	58	7	90	81	89	79	21	83	32	12	
87	81	1	69	83	75	8	75	88	6	31	61	79	31	79	94	3	85	65	23	
27	79	10	10	80	40	3	62	10	84	68	21	51	70	11	14	96	96	39	85	
68	12	100	44	61	19	94	62	91	72	32	73	74	37	49	82	65	41	86	39	
54	17	66	3	14	45	50	100	98	50	89	99	19	2	68	14	100	37	45	36	
40	45	50	46	7	13	36	55	29	92	39	86	52	40	59	83	6	82	35	19	
33	83	62	93	32	19	15	80	86	74	9	74	34	45	46	35	64	70	67	52	
88	34	1	40	32	30	6	57	23	77	45	41	10	86	7	40	77	18	83	71	
48	62	17	14	95	12	97	64	95	44	1	79	14	16	78	1	81	86	10	21	
13	9	79	93	4	82	38	8	76	5	61	88	7	26	85	9	9	9	56	11	
38	50	99	71	22	74	34	26	27	88	78	34	83	36	3	73	12	29	58	33	
20	99	74	50	40	56	53	60	75	93	88	17	70	47	13	33	91	20	38	11	
84	13	18	46	43	21	96	16	76	1	75	80	50	32	49	36	80	12	27	57	
77	23	44	55	90	66	47	75	62	1	79	37	4	81	58	71	27	40	96	17	
37	33	57	62	10	64	14	76	81	58	76	100	34	61	57	75	84	79	11	57	
90	80	29	85	11	58	30	88	29	4	81	77	75	54	31	48	59	18	27	78	
71	47	10	86	11	5	13	9	90	1	88	53	31	81	55	28	56	53	15	21	
9	32	73	82	49	46	19	81	1	95	41	68	83	86	36	78	100	79	12	67	
54	23	8	72	76	74	70	30	14	78	52	69	6	32	52	19	70	48	88	9	
On machine	10
25	24	75	25	6	87	41	72	65	75	54	75	33	73	96	54	89	83	50	28	
63	14	35	49	44	32	46	52	72	47	90	16	29	99	80	15	84	5	31	69	
29	49	60	38	63	29	36	69	88	86	23	38	74	70	35	20	83	23	75	95	
99	79	15	5	100	12	48	17	18	28	69	56	28	72	42	74	14	66	11	4	
77	81	18	51	48	24	76	26	78	8	92	13	20	59	98	23	23	58	31	35	
47	13	36	10	18	33	44	83	10	51	76	27	64	53	76	40	53	28	76	82	
72	4	2	86	39	73	86	91	74	6	66	55	90	54	25	40	83	13	1	93	
95	27	35	63	13	39	54	65	22	2	90	14	77	84	24	15	63	36	20	38	
51	96	1	3	85	25	93	75	49	54	28	86	20	7	62	92	7	69	31	75	
91	9	57	11	2	32	40	8	55	55	40	56	7	72	50	40	17	91	38	11	
52	42	69	94	27	39	35	8	76	9	34	88	41	53	50	50	58	96	7	45	
14	69	95	30	15	17	37	68	42	52	79	52	57	60	96	54	51	32	30	56	
13	37	85	25	67	50	10	90	82	36	2	75	23	38	79	92	1	24	10	76	
51	45	81	9	98	51	19	60	43	97	12	84	71	95	76	53	10	63	4	5	
10	23	7	21	73	3	8	73	86	28	100	67	91	43	91	90	52	40	26	74	
16	49	88	91	91	90	56	93	38	61	97	22	4	21	46	78	71	14	8	2	
78	22	65	82	55	29	96	20	79	21	31	85	93	77	43	85	28	11	37	23	
93	52	65	43	35	20	49	6	25	27	80	32	6	81	74	88	41	11	48	39	
63	75	39	71	40	79	55	40	93	50	12	42	56	89	39	27	59	99	48	39	
98	7	35	61	88	18	8	7	4	35	62	5	68	52	70	86	46	66	57	58	
On machine	11
90	90	100	11	10	6	82	55	82	19	34	97	97	40	5	61	45	29	20	17	
21	90	80	78	35	88	56	92	66	74	68	1	50	8	48	8	19	100	31	24	
3	76	24	10	80	59	91	44	79	94	87	32	76	53	35	78	9	85	56	55	
95	75	37	12	31	90	55	77	85	87	79	15	2	27	44	19	47	42	69	84	
59	12	82	17	89	73	61	81	72	81	60	52	43	18	20	27	98	95	67	89	
43	30	2	84	17	87	70	95	82	64	59	18	95	44	82	9	92	23	42	80	
24	81	67	41	55	70	48	59	2	45	74	76	25	54	5	64	47	78	23	51	
10	95	79	27	50	44	70	14	96	33	23	17	1	22	58	47	55	77	1	11	
93	55	81	5	39	28	66	65	85	8	76	30	26	6	33	24	59	75	81	14	
98	87	28	56	91	59	90	27	79	91	94	34	60	21	18	46	12	60	43	73	
54	88	75	87	76	84	28	30	42	65	100	17	20	20	12	48	2	63	95	89	
88	43	70	77	19	51	75	44	23	68	34	80	2	74	81	33	16	100	26	63	
75	7	93	96	90	14	15	60	82	20	94	84	53	10	43	9	82	1	19	71	
59	20	83	90	1	100	71	17	80	51	82	43	74	98	47	87	97	83	47	60	
93	97	38	22	90	90	51	11	87	38	68	87	19	42	47	78	71	85	19	9	
64	1	8	32	26	47	15	46	10	7	20	6	35	23	35	100	76	76	69	78	
26	51	12	90	83	87	11	84	14	99	86	86	91	25	76	90	48	51	21	98	
46	22	35	50	15	74	59	58	74	4	62	61	20	17	13	36	11	68	51	24	
71	39	26	6	62	70	69	52	50	36	34	56	33	25	54	87	72	25	4	99	
92	87	43	72	92	25	94	86	38	67	50	99	72	83	53	52	46	35	92	59	
On machine	12
28	77	30	93	2	84	29	11	58	26	36	67	30	53	31	4	45	24	65	67	
85	68	4	49	88	40	12	99	28	40	46	23	32	52	95	50	7	54	75	99	
41	50	32	67	27	46	54	38	55	80	30	81	5	27	98	91	81	62	26	13	
89	91	58	28	3	100	28	92	48	10	3	1	95	77	23	86	61	45	56	94	
84	2	50	11	76	26	23	20	36	100	99	49	51	15	74	12	43	29	84	95	
92	88	20	91	42	77	66	75	23	14	14	57	45	27	47	44	81	67	47	100	
36	82	96	88	52	53	62	55	58	92	53	31	6	89	94	90	48	13	94	82	
55	35	65	86	32	89	48	52	83	42	34	22	71	96	8	81	27	10	54	18	
93	73	44	93	20	71	88	46	70	21	11	57	10	81	96	29	30	77	75	82	
95	42	50	81	92	91	74	2	92	63	14	12	41	78	90	7	1	28	10	8	
79	36	3	44	12	79	35	17	97	76	73	38	94	95	32	8	40	87	45	27	
14	21	70	89	18	56	32	17	71	19	92	61	47	31	9	3	28	5	40	11	
21	50	100	31	22	12	15	57	7	45	100	82	71	15	55	5	94	92	90	90	
37	62	65	24	66	63	55	27	73	91	40	75	68	98	70	96	25	52	74	73	
20	24	95	10	18	56	31	65	97	83	25	61	77	10	14	28	86	20	100	62	
55	49	89	40	50	50	12	96	93	20	90	26	18	39	30	53	37	16	90	13	
57	90	86	39	17	70	26	9	21	13	1	37	84	18	74	35	87	98	22	91	
19	61	71	54	23	85	7	19	76	88	82	24	72	21	42	23	39	91	91	18	
75	46	60	60	30	47	23	34	95	10	90	29	3	27	21	76	60	15	6	13	
68	92	99	99	59	17	18	48	94	76	19	78	74	8	93	94	94	73	92	26	
On machine	13
57	28	57	33	31	68	33	30	39	88	44	74	78	43	21	22	83	66	49	98	
60	85	47	33	26	32	32	92	82	24	26	74	81	18	57	33	34	56	36	81	
74	18	56	74	4	64	75	64	55	59	35	97	35	24	3	81	18	31	60	66	
69	69	84	51	42	68	29	34	20	32	33	50	74	48	33	82	6	76	66	94	
73	78	47	65	25	14	47	3	61	33	58	71	19	91	95	58	3	41	8	62	
32	14	91	88	50	90	83	54	10	50	44	16	75	27	52	50	5	34	36	4	
9	53	34	27	53	65	17	6	18	10	82	76	99	24	35	20	86	2	82	30	
54	18	19	85	31	27	18	10	76	43	53	76	3	53	62	16	62	27	24	19	
23	48	93	74	52	59	52	88	76	12	90	47	70	26	26	83	78	94	65	13	
86	65	37	36	91	70	6	59	88	40	50	35	38	77	86	75	40	53	31	26	
63	42	83	1	4	15	9	98	74	31	49	79	17	22	26	30	8	94	31	56	
95	31	89	58	27	19	99	16	87	100	57	94	19	36	53	73	33	44	98	24	
20	72	75	15	67	46	25	98	99	68	38	37	37	42	62	61	39	53	58	89	
49	61	37	85	42	64	42	21	51	5	45	97	18	4	2	93	58	6	29	54	
87	82	18	90	82	41	6	19	55	84	36	70	18	77	21	92	88	19	4	77	
48	68	98	66	42	56	18	8	57	1	61	36	92	96	43	17	30	85	91	32	
92	43	45	100	9	26	54	58	10	21	4	21	24	84	22	56	34	28	44	51	
69	25	83	34	64	74	16	68	99	58	44	13	72	65	77	7	32	82	29	30	
20	13	62	39	14	93	63	35	35	91	54	54	58	14	16	50	19	40	80	18	
91	1	32	28	86	4	49	47	17	99	10	60	10	29	23	74	82	46	38	90	
On machine	14
100	15	8	20	36	41	42	11	7	60	12	16	62	48	27	69	33	2	63	33	
63	25	34	98	48	65	92	54	7	51	88	37	94	20	18	14	63	21	9	62	
88	57	7	68	66	25	22	38	8	41	6	9	4	94	12	58	65	55	72	15	
24	12	37	72	100	81	15	58	63	94	85	18	69	18	30	12	29	28	2	42	
22	4	25	75	17	97	11	45	9	20	58	13	69	87	84	8	95	44	47	90	
66	76	8	16	30	11	89	34	74	11	100	6	33	70	82	81	16	32	15	24	
23	44	88	93	84	96	35	9	15	64	37	62	44	98	27	34	74	62	100	3	
41	18	35	61	13	2	59	94	79	96	69	28	4	63	44	46	27	91	90	39	
31	73	68	100	25	85	72	59	81	6	26	47	8	8	54	87	42	23	96	50	
50	76	76	67	100	68	99	10	31	72	4	71	10	10	89	36	74	71	74	95	
31	65	30	41	52	10	72	97	44	94	94	3	66	16	28	39	71	66	38	9	
4	1	30	99	20	38	10	5	55	70	67	1	8	63	76	21	95	34	56	42	
2	25	66	26	12	23	51	25	49	71	83	78	86	79	8	46	74	33	16	67	
14	4	68	91	54	10	5	13	84	83	37	34	43	72	94	73	31	49	30	68	
93	51	18	78	77	54	80	39	3	76	53	76	26	67	80	2	35	92	96	5	
74	57	44	59	44	40	6	31	51	11	67	64	12	90	53	12	66	70	94	73	
89	56	90	84	10	6	89	71	35	85	11	67	24	52	64	30	71	65	49	95	
42	38	25	27	13	25	4	27	77	3	63	89	81	48	94	32	83	64	36	33	
71	90	51	24	73	81	43	2	46	66	84	51	90	29	40	97	68	93	19	15	
28	73	27	5	20	56	82	49	13	98	45	72	17	74	81	91	34	98	74	34	
On machine	15
5	35	52	60	99	63	97	17	84	39	22	35	100	81	62	63	100	63	17	22	
100	41	90	18	49	33	55	82	50	53	17	74	65	19	88	87	14	67	95	92	
25	49	52	25	27	65	69	53	70	92	42	73	22	41	32	97	90	53	31	1	
12	19	16	61	9	66	99	53	19	88	76	63	70	35	40	25	85	96	70	80	
30	34	49	95	77	55	45	61	20	8	64	44	88	60	75	26	44	9	1	32	
69	67	22	33	5	2	84	88	90	79	96	6	7	12	44	73	12	80	96	40	
53	45	76	3	70	76	34	15	95	57	12	82	17	20	30	10	38	55	28	55	
87	51	4	55	61	59	97	73	60	1	63	23	49	7	77	14	81	11	43	38	
50	85	76	50	70	17	24	36	90	9	68	26	72	45	56	81	25	83	43	90	
47	55	47	28	28	39	71	49	81	89	64	83	43	26	34	26	79	66	5	97	
58	4	89	19	48	48	24	64	4	92	29	22	77	60	26	37	94	9	78	1	
19	31	43	24	21	75	78	58	18	27	89	33	38	35	80	53	24	26	59	63	
46	48	5	12	57	29	52	20	18	50	12	40	34	32	57	63	2	16	59	3	
49	15	68	85	43	91	89	70	35	52	92	71	11	7	21	40	47	88	58	47	
17	51	46	8	66	87	53	39	72	8	1	49	77	79	73	33	20	49	85	80	
86	2	86	12	70	30	48	89	35	42	4	95	40	81	15	45	79	2	96	44	
15	5	90	47	91	75	89	76	75	21	43	10	16	56	42	43	100	26	84	69	
86	52	14	49	39	93	58	21	50	78	5	39	46	92	24	76	4	94	39	81	
56	69	6	8	77	12	74	53	88	16	4	12	75	19	63	90	71	4	5	97	
41	75	32	42	85	39	46	29	69	28	35	89	37	23	48	25	96	29	72	18	
On machine	16
45	22	62	10	57	50	86	1	77	95	55	73	55	54	48	3	11	18	94	43	
96	82	63	59	21	68	46	26	83	27	78	39	78	53	67	95	47	83	48	54	
47	14	36	38	37	50	39	79	52	7	78	61	26	72	36	98	77	24	63	16	
18	58	89	75	27	9	96	4	21	1	57	22	76	49	8	25	88	7	81	57	
69	67	37	82	95	34	74	49	41	84	77	55	50	5	52	16	38	51	87	51	
56	32	97	87	25	55	80	36	96	79	7	91	67	63	31	35	17	14	38	43	
80	50	35	54	14	6	95	70	77	36	74	57	75	50	62	84	31	63	52	46	
38	77	65	38	12	39	84	90	25	13	1	19	41	66	50	19	29	43	31	31	
12	86	74	51	58	4	40	88	58	99	40	83	9	96	64	36	93	50	22	31	
6	14	77	54	45	70	39	91	45	41	11	98	91	51	4	12	65	36	45	89	
36	63	86	4	79	29	85	12	79	88	95	21	76	75	70	53	85	68	4	91	
28	91	42	100	31	79	60	43	74	58	63	2	83	56	54	22	55	79	42	33	
64	52	8	29	55	23	65	15	49	94	17	55	63	27	59	55	13	1	94	10	
37	29	19	83	41	12	44	23	43	55	34	2	16	23	60	32	27	86	44	95	
16	25	76	77	17	19	4	100	44	48	80	92	93	68	66	9	5	13	24	20	
9	32	78	45	99	35	14	99	86	33	31	70	60	3	44	35	17	9	38	12	
56	22	35	46	51	56	95	40	86	93	51	9	79	69	26	71	17	57	27	48	
54	63	43	22	22	43	55	94	24	10	5	7	12	73	50	69	64	87	20	1	
35	39	54	17	85	90	31	63	8	24	3	28	92	79	4	52	88	44	36	14	
78	24	7	97	69	4	33	56	96	51	72	62	83	57	25	27	66	2	70	82	
On machine	17
29	63	21	7	40	3	29	77	55	62	79	47	66	76	57	56	88	93	88	64	
82	100	1	29	24	38	78	33	25	23	86	78	76	17	3	37	70	35	99	30	
100	3	64	94	57	24	90	79	96	74	77	16	49	18	92	2	51	12	84	23	
83	63	32	87	52	91	2	78	21	59	11	25	39	83	1	25	99	77	100	27	
29	94	5	10	89	8	29	34	79	51	29	40	96	57	60	36	13	34	73	14	
52	9	1	80	23	41	86	77	68	13	77	30	2	81	22	55	98	40	46	83	
45	46	30	99	28	61	47	8	66	96	36	17	32	27	26	98	9	41	96	93	
35	48	51	56	90	63	61	7	97	18	20	51	11	69	62	7	2	26	56	92	
61	68	87	96	77	93	20	24	7	33	40	12	100	82	79	69	5	93	77	2	
77	26	76	7	83	67	91	92	12	75	27	40	64	45	26	33	91	92	48	77	
15	19	32	3	26	20	98	60	19	80	44	64	58	48	12	3	2	98	84	28	
41	51	42	85	6	92	51	71	67	34	61	93	9	92	10	43	11	44	80	30	
9	88	79	52	35	44	81	10	39	21	25	7	50	34	59	61	36	60	75	6	
90	66	63	48	40	14	92	9	66	35	43	35	55	69	25	64	18	81	50	50	
8	95	55	24	81	36	31	34	90	40	1	29	100	40	6	85	27	86	65	38	
62	28	22	92	86	87	82	39	95	4	10	30	95	25	70	54	27	100	11	51	
99	81	83	26	59	77	18	36	8	47	27	48	2	98	60	78	24	29	66	100	
87	94	58	64	74	52	5	96	87	82	45	25	82	36	60	91	86	78	19	7	
41	12	52	80	70	11	99	62	99	72	44	91	88	35	63	60	10	4	7	97	
31	78	41	49	47	38	28	11	8	74	50	34	70	91	36	89	29	15	72	86	
On machine	18
25	3	26	19	26	38	37	13	28	34	26	49	60	59	72	83	39	23	100	49	
39	38	36	35	16	73	80	83	92	62	65	18	47	98	16	18	12	93	74	26	
73	61	60	7	36	53	95	20	6	98	50	89	84	4	30	8	92	43	78	83	
51	25	64	14	43	58	85	70	40	29	93	9	32	43	41	92	89	22	9	28	
2	64	17	82	34	2	81	72	14	65	94	79	100	76	33	45	6	72	80	40	
80	92	51	15	56	35	28	86	97	29	33	47	99	77	97	86	61	63	46	97	
70	27	9	44	81	93	17	90	3	100	78	84	83	72	13	95	80	17	39	19	
94	17	30	43	44	37	15	49	42	44	39	84	34	58	51	68	54	7	36	52	
31	19	91	32	70	57	18	66	69	94	30	27	75	26	45	71	90	94	9	83	
90	74	87	13	25	79	39	89	81	1	3	93	8	80	31	92	81	98	90	79	
12	18	55	36	38	48	63	27	34	42	96	41	3	75	30	18	43	38	75	93	
88	70	34	57	3	100	46	83	1	38	7	77	48	66	58	16	15	17	63	10	
41	12	70	80	69	24	7	38	37	1	66	30	11	55	14	82	79	49	76	41	
67	41	50	70	47	8	2	8	77	27	66	85	43	32	59	44	49	66	91	64	
59	71	6	33	77	83	30	33	40	27	50	69	25	86	85	60	32	69	20	74	
84	48	90	51	46	93	9	85	2	8	82	7	66	6	34	5	40	47	95	93	
73	58	18	75	20	78	25	55	92	38	14	31	74	98	2	63	69	26	75	3	
35	17	14	77	26	84	26	69	81	1	46	50	41	84	78	8	58	64	26	97	
74	12	34	13	67	90	66	57	26	46	6	100	90	44	71	44	11	82	75	84	
24	91	93	11	100	56	73	33	61	71	5	87	96	68	6	71	84	10	22	82	
On machine	19
10	42	47	75	64	31	94	93	24	39	84	58	35	27	50	46	38	21	61	41	
74	74	46	66	63	21	92	83	28	2	87	67	65	80	3	51	6	3	18	27	
77	19	53	40	90	95	35	80	66	85	8	82	22	93	34	22	34	84	61	26	
22	53	90	7	26	39	67	46	20	32	15	89	87	78	87	80	58	47	64	96	
99	66	57	52	84	17	96	16	99	89	95	99	98	41	63	53	66	60	28	93	
17	27	8	88	83	16	81	54	85	95	6	19	1	53	2	75	37	28	69	58	
75	92	23	42	43	33	90	58	68	28	12	21	66	75	71	10	100	36	69	38	
9	29	98	95	69	14	43	5	44	20	51	14	84	36	95	86	65	96	95	40	
16	1	84	61	18	50	31	17	45	98	75	27	52	55	90	20	70	89	81	69	
3	49	96	77	94	85	74	98	96	26	68	48	39	88	6	27	85	65	16	10	
52	49	54	96	13	38	54	41	83	41	74	51	38	86	59	79	93	71	31	80	
3	86	65	85	5	57	10	23	69	18	68	45	2	99	77	25	88	62	86	79	
86	16	6	34	60	71	77	88	13	4	4	3	22	71	100	99	4	26	79	80	
82	34	82	29	93	55	80	19	40	62	28	52	43	90	6	42	88	95	9	72	
61	93	39	85	22	97	41	100	54	72	52	73	78	44	83	80	83	36	38	71	
20	46	2	50	66	87	96	49	37	25	34	25	43	84	69	55	98	89	56	72	
75	67	27	21	89	55	21	22	57	10	23	56	16	93	8	54	33	37	74	7	
56	77	91	81	20	26	83	4	28	58	19	92	6	41	52	68	86	30	63	88	
23	1	3	22	15	8	60	70	7	76	26	37	17	43	34	25	82	97	20	87	
68	13	67	47	70	71	49	20	97	5	15	26	49	78	62	89	17	80	17	39	
On machine	20
93	52	15	23	1	99	60	88	55	64	80	86	30	89	77	77	34	35	77	54	
14	95	74	88	57	36	68	63	95	8	99	4	39	40	92	41	65	91	32	87	
51	22	13	75	13	57	58	4	73	69	80	87	44	38	77	93	97	35	65	1	
14	44	20	31	3	23	66	52	6	33	29	34	22	49	53	91	80	62	10	30	
63	12	22	65	39	84	8	74	63	12	59	99	82	64	22	27	10	39	89	15	
8	99	26	24	73	79	98	22	96	41	49	19	19	75	89	99	25	80	18	90	
15	59	34	10	49	93	11	83	50	20	83	54	1	18	77	1	66	18	37	30	
34	52	41	67	31	67	22	80	26	70	58	33	91	72	13	7	61	26	91	28	
87	100	96	86	54	70	53	17	40	95	73	90	82	53	53	6	8	26	2	98	
87	83	54	96	18	83	35	30	38	64	33	17	12	21	85	53	60	53	42	54	
3	66	5	24	46	35	63	80	31	34	84	67	60	94	29	46	20	100	42	11	
28	73	88	38	53	90	72	92	43	23	46	13	72	52	22	62	74	4	18	25	
53	74	51	69	27	70	4	53	96	27	49	90	99	26	87	86	42	80	55	40	
40	58	39	85	76	55	13	62	35	46	34	29	63	74	28	62	52	6	87	5	
15	48	79	69	86	36	44	24	83	66	17	1	9	4	37	29	56	37	33	23	
100	54	18	40	68	50	9	90	60	45	88	50	26	32	75	43	4	32	22	60	
97	72	54	71	60	11	9	90	60	17	30	33	67	89	16	73	67	14	11	48	
56	97	85	41	61	50	56	40	73	32	65	18	97	32	43	58	42	8	95	90	
83	18	40	38	42	59	75	73	72	70	99	84	31	82	99	66	3	54	83	18	
29	24	9	7	64	81	60	44	15	35	86	50	90	53	37	68	44	7	42	49	
Reldue
-1	6	-1	-1
-1	1046	-1	-1
-1	2417	-1	-1
-1	768	-1	-1
-1	2841	-1	-1
-1	3194	-1	-1
-1	2376	-1	-1
-1	64	-1	-1
-1	1122	-1	-1
-1	1881	-1	-1
-1	2893	-1	-1
-1	3421	-1	-1
-1	2070	-1	-1
-1	1529	-1	-1
-1	733	-1	-1
-1	2279	-1	-1
-1	674	-1	-1
-1	285	-1	-1
-1	2212	-1	-1
-1	2198	-1	-1
