Families	40
Machines	10
MaxSetupTime	100

Number of Jobs in each Family
3	3	6	5	1	1	7	8	3	8	9	5	9	10	5	5	6	9	5	7	4	1	10	5	6	2	9	9	8	4	5	10	5	1	10	2	6	3	6	10	

Jobs in each Family
0	1	2	
3	4	5	
6	7	8	9	10	11	
12	13	14	15	16	
17	
18	
19	20	21	22	23	24	25	
26	27	28	29	30	31	32	33	
34	35	36	
37	38	39	40	41	42	43	44	
45	46	47	48	49	50	51	52	53	
54	55	56	57	58	
59	60	61	62	63	64	65	66	67	
68	69	70	71	72	73	74	75	76	77	
78	79	80	81	82	
83	84	85	86	87	
88	89	90	91	92	93	
94	95	96	97	98	99	100	101	102	
103	104	105	106	107	
108	109	110	111	112	113	114	
115	116	117	118	
119	
120	121	122	123	124	125	126	127	128	129	
130	131	132	133	134	
135	136	137	138	139	140	
141	142	
143	144	145	146	147	148	149	150	151	
152	153	154	155	156	157	158	159	160	
161	162	163	164	165	166	167	168	
169	170	171	172	
173	174	175	176	177	
178	179	180	181	182	183	184	185	186	187	
188	189	190	191	192	
193	
194	195	196	197	198	199	200	201	202	203	
204	205	
206	207	208	209	210	211	
212	213	214	
215	216	217	218	219	220	
221	222	223	224	225	226	227	228	229	230	

Total number of jobs
231

Processing times of jobs
9	3	7	9	8	2	7	3	8	4	
6	10	10	8	7	4	10	10	4	5	
5	8	5	9	6	9	7	6	3	9	
7	3	2	7	1	3	7	10	8	9	
3	3	10	7	6	3	2	2	6	10	
1	3	5	10	3	1	2	7	5	7	
5	5	3	4	9	10	4	1	9	1	
8	3	5	4	7	3	8	4	4	9	
7	5	3	3	5	3	2	10	4	7	
6	6	10	2	5	8	10	4	3	4	
10	8	10	2	3	2	5	5	7	10	
10	2	2	9	1	1	6	4	3	9	
1	10	3	5	5	2	1	1	1	10	
3	5	8	10	8	7	6	9	9	1	
10	9	1	10	9	9	10	10	3	6	
8	4	6	5	4	1	1	2	4	8	
9	3	1	1	6	3	1	2	10	10	
5	1	8	4	1	5	10	8	3	9	
9	10	7	4	7	3	10	4	7	4	
4	7	1	9	1	5	10	1	4	10	
5	4	10	3	4	3	6	1	2	5	
2	1	3	3	7	4	8	4	1	4	
9	1	8	10	5	5	5	4	6	3	
7	1	3	7	3	2	6	10	8	8	
5	3	8	3	9	4	2	1	9	10	
3	2	2	4	1	6	5	3	1	3	
10	4	4	8	1	2	6	10	1	5	
7	8	7	2	6	10	5	8	9	2	
6	2	7	6	6	9	7	1	7	9	
9	6	1	9	7	7	7	6	3	10	
1	4	3	3	2	9	5	6	7	4	
9	8	8	9	9	7	3	7	3	7	
5	4	10	2	4	3	7	6	2	9	
3	6	4	3	9	8	8	10	10	7	
8	6	1	4	2	6	10	8	4	4	
4	3	1	8	10	4	3	4	7	10	
8	1	6	4	6	7	5	4	8	3	
10	7	4	10	9	4	7	9	4	10	
1	7	10	7	9	6	9	3	1	5	
10	7	4	3	1	10	1	5	8	7	
6	3	4	4	7	4	5	6	8	10	
5	5	1	7	9	2	10	5	6	5	
8	9	9	10	9	9	2	2	4	3	
9	8	3	6	10	3	6	3	7	10	
5	7	3	6	4	6	1	2	3	7	
1	3	10	9	1	8	7	7	9	5	
10	2	2	3	5	3	9	6	3	2	
3	8	1	3	1	4	7	4	9	3	
9	10	4	2	9	2	1	10	6	4	
5	5	1	6	9	7	5	8	3	8	
8	4	9	10	5	9	10	9	1	7	
8	10	6	10	5	9	1	7	1	4	
2	9	6	3	4	8	6	2	10	7	
4	4	7	3	9	9	2	2	8	8	
1	9	1	8	4	9	3	2	2	2	
1	3	2	2	10	3	2	9	1	3	
9	4	2	7	4	8	1	2	2	1	
7	7	5	8	8	1	1	4	10	2	
8	5	7	8	9	2	10	5	9	6	
10	8	9	10	10	10	7	9	4	6	
1	8	9	3	3	7	3	8	10	7	
3	7	2	6	3	9	6	9	6	6	
2	5	6	1	8	8	9	3	3	5	
2	10	2	4	9	1	9	9	1	9	
8	6	1	4	7	9	7	5	2	2	
9	7	3	4	1	8	9	6	6	8	
5	2	9	6	4	6	3	4	6	4	
6	9	8	10	9	7	3	6	1	10	
1	5	7	1	8	1	10	9	7	9	
1	2	9	4	8	6	9	3	5	6	
9	1	6	3	4	10	3	9	6	3	
9	4	6	4	10	8	10	9	10	6	
10	5	5	9	6	2	2	1	7	9	
8	8	3	9	3	3	1	5	3	8	
3	7	3	6	3	4	5	3	10	3	
5	10	1	7	6	3	4	6	7	1	
4	6	5	9	5	9	8	7	2	3	
6	2	7	5	9	2	10	5	6	1	
5	10	8	6	2	7	8	2	10	7	
8	8	10	3	9	1	2	6	2	7	
2	4	1	7	4	7	9	6	2	7	
10	1	3	9	1	10	1	10	7	5	
4	4	7	6	9	1	8	3	1	4	
6	8	9	4	2	8	7	8	1	2	
10	3	8	3	2	4	10	5	9	6	
9	7	6	5	8	7	2	10	7	9	
4	9	5	7	7	10	6	7	5	3	
10	6	9	2	7	2	1	9	2	10	
6	7	6	5	5	4	6	7	10	7	
1	6	4	3	4	4	10	8	7	3	
1	10	5	8	1	4	9	8	10	5	
3	5	6	5	10	4	9	9	6	5	
7	1	10	9	6	2	9	1	9	7	
8	2	9	6	8	8	4	5	5	8	
8	8	9	8	5	1	1	10	10	6	
10	5	7	2	6	10	7	6	3	10	
4	7	5	8	5	3	6	4	10	10	
5	10	6	7	5	6	7	3	1	3	
3	4	6	4	8	4	4	7	10	7	
8	1	7	8	1	3	3	5	7	3	
2	4	10	6	8	3	4	6	4	6	
4	4	7	5	5	5	8	2	5	8	
2	3	4	2	7	8	7	10	6	3	
3	7	4	4	10	5	3	5	7	2	
7	8	7	7	5	5	3	5	4	10	
8	1	1	2	10	2	3	2	1	10	
2	9	1	9	10	9	6	1	7	5	
3	5	5	3	1	5	2	10	5	10	
3	4	10	10	1	1	8	3	4	3	
4	3	7	2	3	6	9	6	7	7	
7	10	5	5	6	3	9	10	7	7	
5	5	8	10	10	1	1	6	3	6	
7	10	7	8	7	8	6	8	8	1	
7	7	10	3	7	1	1	10	2	4	
1	10	6	8	8	1	3	6	9	6	
9	2	4	1	3	8	3	4	9	10	
4	3	4	9	8	4	9	5	3	4	
1	10	9	4	6	6	7	9	1	6	
8	6	5	6	6	7	4	1	7	10	
7	3	3	8	10	2	2	3	7	3	
5	10	3	9	3	2	2	1	6	4	
6	4	9	9	6	1	8	1	9	5	
10	10	8	7	9	6	6	9	8	10	
5	8	7	9	8	1	7	1	8	6	
7	7	4	7	8	9	4	7	1	9	
3	7	3	8	6	9	4	6	1	9	
2	9	1	7	2	2	7	10	9	6	
10	10	9	4	3	4	8	2	8	9	
1	9	5	3	3	7	3	9	6	5	
9	9	3	5	6	8	1	2	2	6	
5	6	10	4	6	2	5	3	1	1	
4	2	8	1	7	3	9	8	4	1	
9	5	6	8	5	10	2	8	6	3	
8	1	5	7	1	9	1	4	4	8	
9	2	3	9	4	3	2	5	8	5	
7	8	4	3	9	10	10	2	2	3	
10	6	7	6	1	5	9	10	5	6	
3	7	8	2	2	9	5	3	2	9	
1	7	7	5	7	6	8	7	7	1	
6	3	2	3	1	8	4	8	7	2	
7	4	7	2	5	8	7	3	4	5	
10	5	4	2	5	4	9	2	3	6	
9	4	2	7	7	7	3	5	7	2	
2	1	2	9	5	6	10	5	7	1	
9	8	2	10	1	2	4	1	6	6	
3	8	7	1	4	6	9	9	7	6	
1	9	3	4	4	10	10	6	10	7	
2	2	9	2	2	1	6	9	8	9	
2	7	7	3	10	6	9	2	4	4	
2	4	6	4	9	2	7	8	4	6	
7	4	8	10	2	4	10	5	9	8	
8	6	6	3	9	8	7	2	10	1	
2	10	10	1	2	1	8	3	10	1	
6	8	1	8	6	5	9	6	3	10	
8	7	7	10	6	10	9	9	1	9	
3	8	7	5	1	10	3	10	4	5	
10	4	9	7	7	4	7	5	3	2	
5	4	3	10	8	2	3	8	7	10	
9	4	7	9	5	1	1	3	8	9	
2	9	1	9	10	7	4	9	7	2	
10	7	5	5	9	3	4	1	6	10	
9	2	7	7	8	9	4	3	8	10	
2	8	8	10	5	5	9	2	5	6	
10	3	5	2	3	1	8	2	9	10	
8	2	9	6	1	7	7	8	9	5	
7	3	10	7	10	2	9	5	3	9	
9	4	3	8	6	8	9	7	4	3	
3	6	7	7	10	2	9	7	7	1	
8	7	7	1	9	5	5	7	10	2	
6	8	9	8	5	1	2	9	6	2	
7	9	4	10	8	8	3	7	5	8	
5	2	7	4	5	9	5	3	1	3	
3	10	9	7	3	3	2	7	6	7	
3	7	1	4	3	4	2	5	4	8	
4	4	7	1	3	4	4	6	2	1	
8	4	1	6	8	2	10	8	4	2	
3	5	10	9	2	8	3	7	8	4	
9	7	9	2	7	6	4	2	9	8	
9	8	7	6	2	10	9	8	1	1	
9	8	7	5	10	8	4	7	3	10	
9	9	7	10	7	4	3	10	9	8	
4	3	5	10	5	2	3	6	10	9	
5	4	2	7	8	5	3	1	3	10	
1	4	10	9	8	9	4	3	3	9	
7	6	5	7	2	6	9	8	8	6	
1	8	10	1	3	7	7	5	3	1	
5	5	9	1	9	5	7	6	2	6	
10	3	9	8	5	8	8	5	10	7	
3	10	3	3	5	2	10	2	7	4	
8	8	6	10	5	4	5	2	9	10	
10	7	8	2	8	10	9	3	10	6	
3	9	6	4	5	5	6	3	1	2	
3	10	9	4	7	8	8	9	3	4	
7	5	8	1	10	10	9	1	1	9	
8	1	1	5	3	3	5	6	2	9	
8	6	4	10	3	3	6	3	3	4	
7	7	3	3	5	10	4	3	10	7	
1	9	9	1	2	3	10	10	9	4	
2	9	6	5	6	6	8	10	1	3	
6	6	7	2	3	6	10	10	2	1	
2	5	3	8	6	6	6	9	10	10	
3	7	4	3	4	3	6	3	1	5	
10	6	9	8	2	5	7	4	6	5	
10	8	5	8	1	10	4	2	2	3	
3	8	8	6	5	7	1	5	8	8	
3	4	2	6	6	6	8	5	10	5	
2	1	7	3	4	9	7	5	5	8	
7	9	6	7	1	5	3	6	1	5	
5	2	3	2	1	1	6	2	9	7	
4	8	4	4	5	9	10	2	8	10	
7	5	4	9	10	1	2	10	3	9	
3	9	10	2	2	9	6	8	10	7	
10	5	4	7	4	4	7	8	4	1	
2	10	4	7	9	10	6	4	7	5	
1	1	8	8	6	2	2	4	8	5	
5	8	5	2	5	7	2	6	2	2	
3	6	3	10	6	6	8	2	4	7	
7	1	2	2	6	10	2	5	10	5	
2	5	7	4	3	8	1	8	3	6	
7	7	10	9	10	6	4	6	6	8	
8	1	1	7	2	5	10	10	7	2	
7	10	9	7	4	5	1	10	5	9	
6	6	1	6	7	6	8	10	7	2	
3	8	8	7	9	3	6	1	3	6	
8	9	6	7	7	9	3	3	9	8	
2	1	9	7	7	5	9	1	9	7	
5	4	6	1	7	7	10	1	7	2	
9	6	4	1	4	4	1	6	4	6	
5	8	2	9	8	8	8	7	10	1	
2	6	7	1	8	7	10	7	6	10	
5	2	7	9	2	7	1	4	6	3	

Stepup times between family, where [f][f] represents initial setup time
On machine	1
67	32	13	64	76	68	93	67	55	51	56	47	3	12	54	64	48	6	96	29	65	24	36	47	71	85	33	96	93	62	64	82	15	76	15	79	11	21	100	47	
29	49	24	45	31	55	22	11	65	15	70	93	37	43	57	66	100	97	72	94	5	16	69	89	92	39	43	80	75	13	58	88	30	95	70	2	9	16	30	5	
41	85	76	2	39	67	44	92	64	100	52	35	47	98	1	75	19	97	19	3	74	49	30	78	35	51	23	35	29	56	8	2	90	61	53	21	51	74	28	19	
65	61	74	35	19	45	10	65	14	1	22	62	94	89	11	62	53	42	99	69	55	17	69	37	73	4	44	5	64	49	89	55	37	55	75	96	71	51	5	68	
41	95	12	1	8	58	11	81	29	15	62	34	23	58	16	7	55	33	100	89	55	97	97	29	73	25	28	81	97	78	11	5	22	47	85	15	81	53	11	2	
43	22	78	70	87	59	50	47	33	61	80	81	34	37	34	85	31	14	15	52	90	6	92	58	42	55	69	78	47	44	2	96	36	43	97	64	87	84	59	92	
39	57	56	24	82	28	73	14	7	34	48	18	38	47	56	14	28	41	10	84	7	100	65	77	59	87	37	86	55	81	16	85	63	35	64	72	31	73	36	57	
95	27	13	98	98	23	34	59	5	3	38	39	37	22	95	81	82	62	88	82	3	34	91	6	90	24	26	83	88	75	4	74	75	26	58	18	57	70	7	67	
32	96	76	22	86	96	93	55	32	72	34	67	81	10	32	95	50	98	12	40	91	98	88	89	4	91	35	27	47	11	4	66	92	45	72	62	46	87	73	33	
81	94	26	9	43	92	53	37	62	91	66	63	73	56	86	63	81	65	78	37	99	100	62	38	36	49	49	63	68	47	67	72	72	24	80	81	90	39	36	91	
98	63	6	43	14	15	89	11	80	81	39	6	77	94	3	58	17	38	26	31	26	52	91	13	85	32	3	88	67	28	65	74	96	1	14	94	67	59	14	94	
52	1	75	67	14	61	97	45	41	22	25	64	3	18	60	79	55	68	97	54	73	96	63	53	40	29	23	60	89	11	80	48	42	67	4	33	24	9	46	78	
48	80	23	95	61	23	77	63	15	4	13	98	91	82	99	85	49	72	66	43	52	100	88	63	79	92	87	76	17	29	28	57	92	93	74	12	24	14	79	50	
14	23	97	56	71	53	38	86	20	45	79	58	77	32	70	88	99	1	46	75	99	69	94	23	86	97	70	10	18	36	26	25	66	52	33	79	1	95	70	80	
40	72	86	89	39	5	12	93	99	62	5	97	37	50	84	96	37	93	22	44	40	72	65	28	49	2	71	9	99	27	16	7	97	95	72	67	86	89	99	86	
32	3	36	40	44	31	15	63	11	62	55	31	20	90	10	12	12	3	75	8	20	94	9	37	50	61	75	75	97	79	3	16	7	37	65	15	90	23	57	53	
61	69	49	86	42	99	52	12	35	29	89	86	10	43	52	97	8	15	9	83	23	41	14	60	97	25	60	10	86	24	97	91	99	27	6	88	77	31	92	76	
70	15	93	34	89	20	10	50	92	46	98	92	58	30	82	18	64	51	32	24	45	36	94	64	44	34	62	46	97	93	84	100	73	61	32	75	54	11	75	99	
91	49	86	1	30	36	39	17	83	10	94	31	76	52	35	16	94	21	43	33	82	2	84	70	69	47	16	35	45	94	80	14	52	11	58	59	96	29	97	53	
42	36	8	75	64	59	91	71	60	18	88	29	57	100	55	86	84	13	12	6	85	53	84	25	90	3	90	54	67	45	74	39	66	47	83	65	29	67	2	48	
24	75	100	58	4	47	29	10	85	17	93	100	47	62	49	63	17	88	92	18	69	78	8	96	88	48	69	59	63	67	76	34	64	99	69	65	54	80	20	52	
11	90	56	13	10	10	90	58	81	8	79	20	45	10	45	14	17	82	46	43	21	54	65	88	3	61	59	74	32	5	23	34	11	14	65	34	50	91	99	76	
99	22	39	19	38	49	12	82	14	56	63	71	79	4	6	95	69	79	94	44	12	32	71	68	49	8	50	90	56	26	38	15	39	83	88	28	81	26	25	72	
10	28	6	87	41	88	65	48	54	2	6	76	9	8	51	65	59	57	49	38	47	28	89	79	96	41	55	95	82	58	2	76	69	95	39	95	18	30	97	41	
32	92	93	25	55	15	80	33	1	43	98	25	28	52	100	34	84	33	49	94	28	59	31	9	93	66	67	59	34	19	86	69	65	93	11	5	100	42	91	93	
61	80	58	95	76	29	39	84	66	14	73	65	47	44	43	28	71	61	95	5	7	87	44	74	64	61	46	71	95	49	38	81	41	60	2	80	6	56	35	69	
4	89	74	32	96	43	53	28	78	25	51	77	1	55	90	96	93	44	53	8	71	13	4	36	100	99	38	1	74	87	63	30	97	91	75	73	32	90	63	19	
77	56	90	40	96	100	26	51	14	26	39	77	89	7	42	7	32	42	88	35	13	9	56	23	42	25	23	56	38	82	55	46	89	34	2	69	82	72	92	71	
58	29	79	11	66	97	17	42	45	12	26	58	2	1	47	36	86	35	74	49	9	79	68	44	94	57	35	97	13	73	82	19	86	78	84	39	97	83	3	24	
33	95	83	42	31	15	6	58	81	57	20	86	54	69	87	17	6	46	29	33	74	98	37	95	83	12	86	43	39	51	48	98	37	68	18	45	76	15	87	28	
27	12	30	93	58	47	96	67	69	69	32	6	3	72	32	36	33	61	99	86	77	89	10	34	53	53	9	37	60	64	26	36	33	10	44	61	82	42	92	47	
54	35	70	32	26	83	83	39	28	56	31	78	61	99	82	69	64	25	6	23	79	68	64	99	60	41	15	81	23	1	32	23	54	53	78	24	44	58	69	93	
50	85	21	8	46	98	36	5	82	71	60	48	32	11	11	12	76	39	12	39	30	62	80	77	94	35	7	72	80	65	5	44	28	56	43	49	21	5	96	100	
84	27	94	86	20	54	52	51	29	40	59	68	30	24	2	8	88	94	6	26	79	16	25	97	68	34	2	98	93	64	55	60	56	57	52	33	40	23	81	38	
75	45	6	10	46	70	86	34	77	13	74	56	82	79	35	61	17	92	65	29	74	77	81	67	86	45	72	92	7	86	86	75	39	47	99	20	48	26	66	92	
53	81	44	31	23	83	61	93	100	58	35	29	73	13	98	46	8	3	76	84	46	50	54	92	62	16	33	26	50	73	61	21	22	57	36	10	64	34	26	40	
75	98	8	84	45	21	80	66	18	79	11	13	85	99	77	93	13	33	82	58	10	70	14	49	48	50	16	98	54	27	88	18	51	5	27	92	49	8	45	69	
60	52	32	33	7	100	1	7	32	9	45	5	24	22	35	94	16	21	61	1	70	17	81	21	51	94	63	12	73	26	30	25	38	67	38	36	98	50	14	62	
78	32	50	75	7	35	10	54	98	4	13	66	48	40	91	72	20	72	13	16	86	65	31	7	100	74	76	68	8	22	24	98	66	59	63	31	59	49	82	55	
72	21	63	44	60	23	11	95	53	80	17	34	28	6	98	83	68	97	2	22	50	19	2	3	22	30	95	37	43	87	59	37	70	45	24	6	87	45	19	94	
On machine	2
63	27	44	9	72	55	38	64	14	89	64	63	49	72	83	42	27	90	83	90	4	77	87	49	37	7	97	7	39	25	87	14	70	66	96	8	14	58	71	83	
81	91	38	51	83	65	68	44	4	72	29	81	99	1	87	7	44	57	48	47	52	88	73	4	93	36	90	60	56	28	61	31	92	10	17	61	67	11	73	10	
51	44	42	67	99	67	13	4	14	83	67	93	7	27	27	39	25	85	9	49	36	57	87	24	20	98	94	95	45	78	24	90	5	39	53	45	92	97	72	1	
90	16	56	79	94	15	69	77	50	38	100	93	60	29	47	55	50	87	97	45	62	69	66	21	48	57	64	65	17	31	24	48	93	75	22	22	61	93	53	36	
25	47	58	68	9	9	56	34	14	21	97	44	40	18	9	40	59	100	53	42	77	56	10	30	70	65	19	32	22	94	44	9	41	53	91	19	98	64	74	6	
100	30	41	23	95	56	41	49	29	10	97	2	65	45	40	17	70	40	59	95	34	15	69	98	23	43	18	31	83	76	70	1	20	100	92	70	54	53	88	57	
6	29	18	23	25	50	41	32	40	92	41	17	95	24	69	32	79	60	21	46	16	8	71	83	65	11	90	47	27	53	64	18	89	38	11	42	56	44	64	72	
29	12	51	99	10	65	71	24	50	61	95	88	20	85	3	55	83	35	38	16	12	82	61	23	10	17	8	64	52	30	68	69	4	61	2	64	49	70	25	20	
88	57	71	13	29	31	14	6	62	98	89	40	87	79	60	13	64	25	52	50	44	6	53	89	97	98	62	71	47	86	60	62	32	99	50	68	25	44	36	7	
68	36	30	47	29	47	39	78	87	89	48	61	10	22	89	16	91	98	34	24	1	30	8	22	99	29	77	29	29	6	21	4	61	5	72	95	25	37	20	12	
38	99	77	53	38	74	97	48	47	68	39	72	41	93	3	60	24	98	17	5	4	49	95	37	85	87	35	54	50	36	54	40	93	54	70	32	91	46	47	71	
2	57	97	78	71	70	99	76	71	37	93	5	78	51	91	10	9	98	72	70	73	37	80	91	7	100	40	50	65	25	57	74	14	35	61	2	28	68	49	44	
44	72	87	67	12	16	92	81	32	20	32	38	29	44	71	82	5	20	12	37	41	5	49	38	58	41	12	82	41	97	5	3	26	65	31	52	93	82	19	10	
63	22	14	56	82	85	18	26	24	57	43	69	92	24	17	80	74	87	65	4	95	77	93	41	99	13	60	75	14	24	76	58	88	24	11	26	1	52	72	70	
55	85	11	61	60	91	43	87	23	2	56	82	89	40	90	62	86	52	80	20	56	86	45	66	57	32	16	6	85	66	54	97	92	22	17	20	25	7	13	42	
7	58	77	72	1	10	32	38	13	22	15	51	74	31	9	26	12	53	10	89	21	52	89	91	74	61	56	78	38	74	6	65	30	53	22	54	50	86	25	50	
11	100	27	84	95	9	60	43	80	50	6	15	15	19	9	76	3	1	11	84	48	86	36	31	61	79	34	100	43	86	33	11	71	78	42	78	27	75	96	86	
41	52	35	57	87	32	69	50	10	12	21	78	25	26	93	36	50	35	67	78	39	46	79	12	76	9	43	48	56	24	95	40	98	74	45	50	34	99	62	8	
60	23	40	73	51	18	9	97	42	54	72	79	20	82	45	99	76	72	69	92	34	38	3	23	39	90	84	96	30	78	25	53	59	56	71	90	50	42	23	56	
13	30	52	40	71	8	19	31	9	69	97	33	57	96	13	81	84	89	28	59	42	95	26	86	11	93	8	3	18	75	44	77	90	32	36	4	83	16	61	76	
50	47	71	10	17	63	23	93	34	46	33	49	59	67	70	62	96	90	50	47	50	16	5	31	44	27	50	59	75	7	32	92	49	55	33	21	52	53	61	14	
28	48	3	19	61	3	22	98	88	94	26	48	14	99	79	24	85	53	92	63	100	46	69	17	12	66	27	100	100	79	88	49	96	21	78	2	8	63	54	27	
33	93	42	92	34	38	85	14	89	63	29	48	5	64	82	56	75	34	37	100	54	77	23	75	71	15	87	14	33	71	17	63	69	96	89	100	40	51	10	2	
77	93	54	29	11	11	64	100	55	12	87	44	27	59	73	89	92	97	36	86	11	79	47	14	91	66	22	52	86	82	32	84	100	81	92	83	31	90	100	69	
86	3	62	3	59	48	46	31	21	27	57	40	13	100	79	37	53	74	27	89	72	90	14	39	74	88	18	40	96	3	91	98	61	67	15	91	97	83	57	43	
57	73	15	39	87	14	46	15	7	27	89	12	26	17	93	90	23	39	46	65	39	66	68	76	18	27	62	56	25	25	70	86	30	69	96	80	40	86	41	37	
78	21	63	92	26	59	41	73	46	92	11	78	48	66	85	20	64	13	89	33	14	14	4	38	81	78	61	23	88	57	16	79	60	25	95	58	38	12	69	23	
56	75	93	74	68	8	86	16	37	10	14	4	15	39	76	28	32	75	30	34	7	100	92	9	7	56	77	45	39	40	99	16	49	67	76	76	40	34	53	44	
7	62	90	51	49	79	83	88	51	53	51	55	80	71	85	13	15	85	42	27	62	39	15	14	86	30	22	11	41	40	57	8	91	39	43	78	11	21	45	4	
3	35	26	16	64	81	57	55	29	8	75	50	31	59	28	22	13	98	51	45	54	54	87	13	67	81	11	56	79	21	75	21	12	47	74	63	85	10	81	78	
80	84	3	92	94	20	43	38	73	95	71	54	10	90	48	37	23	58	83	43	54	97	23	61	1	15	33	32	30	45	40	4	93	53	46	50	59	54	2	34	
3	87	9	47	6	77	20	12	88	47	24	47	92	20	84	76	52	95	4	28	31	20	74	27	53	13	49	86	13	6	24	16	43	100	68	28	43	73	6	77	
82	100	54	29	18	79	75	8	94	98	53	23	16	1	14	63	28	1	33	21	95	76	51	42	31	91	79	99	23	14	88	12	53	38	50	57	98	59	100	59	
57	22	19	12	40	47	100	13	11	78	44	36	42	16	4	96	34	29	56	74	18	56	11	11	17	21	68	31	20	47	4	74	22	81	36	89	49	35	19	96	
67	10	96	84	8	76	94	2	41	81	91	50	35	66	50	1	98	31	66	61	12	31	58	69	79	32	7	52	56	47	8	86	89	29	17	87	59	37	60	61	
87	57	61	33	98	97	68	7	23	40	6	28	76	86	92	3	80	97	1	90	95	8	80	73	55	80	81	76	29	15	66	98	24	17	94	70	87	60	5	28	
40	17	73	17	66	21	54	99	100	62	66	35	17	94	39	2	92	10	31	72	69	19	7	100	44	38	53	93	7	52	46	17	39	83	40	37	45	32	18	22	
54	80	60	1	88	68	85	34	24	13	2	15	89	63	34	81	14	49	98	5	59	55	15	92	44	72	98	14	36	85	7	9	87	65	5	36	7	77	56	42	
72	92	70	52	80	51	71	42	7	74	37	37	56	24	88	73	39	64	40	10	61	51	1	54	31	45	82	63	27	22	77	45	95	47	7	57	61	100	5	23	
85	5	5	61	52	92	18	67	23	40	92	12	55	99	34	61	62	18	15	26	14	58	59	78	16	44	92	94	69	46	98	3	19	15	56	31	85	97	39	60	
On machine	3
72	15	95	94	95	20	21	40	46	55	11	23	28	82	69	74	94	41	7	26	43	97	63	85	30	21	23	42	27	88	51	80	17	83	8	82	83	77	58	100	
34	42	32	34	9	66	100	69	90	55	21	67	2	70	17	35	91	16	51	77	83	52	50	92	57	45	87	90	94	66	82	67	61	99	59	22	85	34	52	8	
91	42	67	32	99	93	21	66	48	81	81	60	56	2	49	98	48	62	40	96	41	36	23	32	31	67	51	67	21	40	1	53	72	15	34	97	69	87	68	20	
96	10	61	69	45	49	2	29	33	15	97	50	33	39	28	14	43	65	21	72	54	56	85	20	7	36	86	37	82	48	62	52	34	31	97	12	29	52	77	38	
43	61	29	3	86	40	11	67	98	52	89	5	79	58	62	87	21	64	40	100	65	1	88	26	86	84	88	72	84	99	65	60	5	22	13	66	10	31	97	82	
55	23	93	17	23	66	81	2	92	72	36	87	29	84	91	57	58	65	27	80	55	62	55	96	60	11	99	64	99	38	41	50	50	22	45	78	34	71	9	49	
4	59	97	21	34	27	77	42	62	87	77	74	49	37	55	30	54	51	96	24	25	8	57	85	47	63	11	16	30	89	65	50	33	24	44	2	79	78	57	82	
64	89	70	39	94	21	98	83	28	81	95	54	22	67	53	81	71	64	77	22	72	27	46	94	84	43	93	11	43	74	53	7	34	33	81	9	20	68	22	63	
99	73	50	15	50	40	11	17	56	80	14	7	90	56	87	49	41	35	83	39	59	98	67	37	100	94	72	68	96	72	68	3	50	24	80	95	1	47	36	24	
83	75	14	65	3	75	25	59	73	17	3	12	96	6	70	23	60	12	98	84	10	56	22	79	10	65	38	50	37	6	76	53	48	30	35	72	98	82	4	80	
96	95	41	3	9	9	42	47	28	59	73	50	28	14	29	73	39	54	50	19	54	6	81	4	45	23	33	4	95	86	66	38	86	33	49	92	47	88	63	75	
83	42	12	100	65	56	33	1	74	23	79	6	11	43	7	68	46	29	75	49	4	80	86	84	46	7	51	21	3	59	62	93	6	98	93	10	30	15	55	47	
91	37	2	97	58	76	45	13	63	48	90	98	15	51	41	11	69	85	13	53	14	9	70	31	8	90	71	80	58	2	36	68	21	80	2	49	83	97	9	6	
61	59	37	34	8	45	45	63	37	61	27	93	37	97	38	99	71	95	97	65	83	81	34	51	64	21	55	25	31	76	2	82	40	83	67	32	70	79	65	14	
17	95	53	18	12	42	38	78	92	38	82	78	34	60	33	34	77	61	11	14	60	59	48	29	20	42	62	79	66	5	30	51	2	99	60	35	93	33	100	59	
74	6	98	44	78	98	88	97	12	41	30	14	81	35	54	87	2	13	28	93	6	15	20	84	75	53	25	9	52	92	37	26	33	20	36	44	4	90	47	58	
57	26	5	62	12	37	99	66	53	27	25	38	71	48	30	97	11	16	35	45	13	72	57	91	1	51	67	11	30	60	48	38	9	46	33	83	85	49	34	27	
7	62	99	14	50	8	64	19	85	10	76	67	57	100	31	56	10	34	86	72	46	41	52	77	45	7	63	6	55	97	49	72	84	12	51	96	55	89	54	36	
33	13	96	72	3	40	31	19	44	49	93	93	9	42	35	7	97	21	64	29	3	15	91	57	100	94	89	73	46	60	72	20	90	94	52	19	7	89	53	12	
74	77	53	57	93	65	74	90	95	80	86	33	58	67	7	24	16	34	57	13	3	29	80	32	91	60	100	83	47	78	93	35	93	32	46	42	64	93	51	9	
24	1	30	26	62	97	11	85	68	60	46	81	11	58	38	98	66	65	36	94	3	87	80	75	35	35	96	52	27	37	91	23	72	93	50	25	20	37	44	95	
24	49	35	31	77	91	59	7	10	98	64	84	21	69	82	99	19	70	53	41	37	87	72	4	45	73	92	99	68	56	63	55	45	91	12	65	57	58	54	47	
81	70	47	34	16	69	9	24	51	65	52	64	48	4	5	71	28	14	48	6	73	5	52	23	55	18	33	59	34	36	56	58	46	9	87	4	66	37	56	98	
71	91	87	75	78	86	52	57	45	24	38	98	69	76	3	8	56	67	62	1	31	95	91	61	74	49	73	1	20	81	24	54	90	49	74	37	16	57	35	59	
44	71	13	88	99	63	19	22	79	8	81	12	51	5	81	29	8	57	28	63	90	41	23	42	30	50	96	87	1	27	14	25	100	90	86	50	73	2	39	51	
28	28	73	28	44	57	20	58	51	82	75	61	18	21	68	26	69	57	18	54	56	34	89	99	29	72	95	64	64	93	28	23	54	13	81	15	92	19	65	61	
69	9	1	37	90	41	83	38	24	5	30	58	42	64	60	7	26	4	74	34	69	48	99	64	30	74	76	3	34	27	79	88	92	49	89	3	22	100	49	8	
81	31	78	99	22	34	68	22	10	29	71	18	70	49	48	11	100	42	54	72	12	82	19	69	41	19	39	41	52	37	6	89	23	87	20	12	84	61	6	72	
2	32	84	22	1	54	51	69	73	22	5	89	92	26	39	36	84	65	84	59	67	87	5	17	91	11	68	55	89	92	80	37	26	64	74	40	4	65	13	8	
20	6	46	58	75	25	81	38	55	94	97	42	36	89	59	66	89	11	62	14	75	1	51	17	61	98	69	46	7	44	35	94	26	51	89	72	48	28	5	3	
99	61	62	42	78	17	3	79	71	69	3	15	56	29	32	69	91	99	25	40	44	82	44	84	21	36	19	88	76	94	10	96	44	4	37	49	41	17	72	41	
51	9	72	5	31	69	59	87	69	48	31	32	73	66	82	71	62	89	75	25	44	68	16	81	7	14	60	59	39	73	71	40	30	22	55	39	21	89	81	54	
17	87	28	62	41	18	52	8	37	30	52	77	59	89	17	89	75	37	31	37	18	80	13	75	70	65	25	54	80	1	68	91	71	76	42	7	44	20	85	45	
93	19	55	38	38	30	16	64	34	17	82	50	72	82	79	6	36	89	29	68	59	19	85	49	87	83	13	13	97	49	88	79	17	51	18	63	12	28	78	33	
3	38	27	16	43	37	44	97	42	26	91	18	77	90	54	32	3	77	85	15	60	33	6	84	89	23	41	82	49	10	21	90	11	20	99	91	48	50	1	58	
54	12	26	12	23	64	20	30	74	98	54	38	85	6	43	54	86	80	80	64	19	3	72	61	71	83	70	69	20	51	68	56	80	41	64	57	63	48	5	75	
52	74	35	55	35	34	11	37	43	84	97	3	73	33	65	20	78	60	55	83	2	2	86	25	45	46	74	79	72	41	2	17	60	6	43	16	71	97	83	76	
67	27	65	31	62	98	27	15	74	64	43	7	8	100	93	11	26	10	23	9	72	2	56	7	38	49	41	77	80	78	29	10	81	93	17	43	56	62	30	86	
71	45	63	24	52	89	67	60	67	8	30	87	37	12	38	36	75	25	17	85	4	30	10	3	69	5	69	14	4	43	89	4	13	82	3	17	75	52	60	18	
46	91	76	55	95	98	75	44	19	66	17	28	24	25	4	36	61	65	19	13	64	14	94	97	31	58	16	54	100	60	21	45	1	34	91	33	27	77	6	54	
On machine	4
14	60	74	81	45	10	69	33	66	87	13	68	71	10	73	47	89	63	35	11	86	39	74	52	1	6	2	50	10	47	18	47	90	63	48	81	17	85	16	77	
83	12	36	68	8	52	53	99	68	70	27	91	77	61	43	38	50	24	82	17	47	12	7	61	97	76	11	54	20	47	13	87	46	84	81	14	29	30	15	47	
84	22	35	95	36	65	62	92	35	45	64	9	30	37	65	97	33	99	7	16	84	87	39	82	7	85	52	96	57	94	82	13	92	57	63	20	50	28	79	37	
52	95	48	99	15	98	54	73	88	51	14	66	49	54	24	35	27	74	86	46	69	22	70	68	69	38	56	76	99	60	57	73	89	25	7	83	57	66	30	43	
74	45	55	21	29	31	73	66	6	39	51	77	30	61	97	94	39	12	84	68	10	9	2	17	88	13	33	29	53	37	91	7	41	45	81	99	93	30	3	22	
37	84	26	66	87	7	12	25	77	85	14	58	36	80	25	86	30	34	8	81	87	66	52	76	1	70	91	45	78	42	68	80	17	37	45	64	45	54	3	24	
89	60	20	68	30	53	33	79	87	2	64	90	7	25	84	70	86	13	17	89	1	5	94	27	58	100	99	23	17	71	49	77	27	59	43	5	34	53	41	62	
95	17	61	33	40	84	83	46	25	68	52	99	12	63	7	28	54	87	40	90	66	66	67	9	53	72	81	85	24	22	77	85	49	60	57	95	75	82	47	40	
19	75	21	100	59	25	92	94	16	28	11	95	18	61	57	1	70	55	94	81	30	26	12	22	55	98	57	77	92	91	70	46	57	88	77	43	80	35	20	91	
80	49	97	5	26	6	77	79	19	4	14	8	19	49	58	76	62	5	69	44	13	64	61	37	8	80	8	54	6	29	40	77	83	67	77	91	23	66	100	87	
49	19	76	69	28	35	63	77	76	10	81	22	75	74	69	92	89	19	42	39	99	59	9	4	82	60	6	15	84	60	71	2	47	30	62	48	80	85	69	99	
6	46	56	78	59	2	37	47	75	6	6	13	25	13	76	32	2	13	38	38	58	69	31	36	49	92	4	36	94	10	72	3	24	55	7	90	94	9	97	96	
42	68	92	22	87	3	97	31	15	94	69	96	39	19	27	74	2	89	66	20	36	81	41	79	20	93	34	14	33	58	96	65	37	6	81	76	51	25	67	4	
78	54	82	77	34	27	96	56	67	70	29	49	19	38	72	26	38	75	11	16	55	91	13	15	41	40	70	86	87	4	15	63	70	38	37	76	79	56	24	99	
100	15	88	71	6	2	26	75	90	81	61	53	36	91	37	36	88	72	20	94	82	38	98	21	43	39	63	19	53	94	12	22	24	80	33	60	44	39	32	71	
41	52	75	61	43	63	69	31	14	60	32	53	26	90	50	100	95	9	27	46	52	82	52	64	23	65	34	28	40	53	99	19	82	92	71	6	21	6	93	26	
78	27	7	57	51	75	68	44	58	85	100	44	10	81	18	14	87	97	80	75	58	46	88	1	15	29	38	75	7	100	84	96	52	36	90	37	76	61	72	49	
77	24	78	93	82	78	77	34	98	26	57	88	85	76	46	73	3	24	4	10	36	99	92	46	28	25	21	100	92	31	8	95	86	38	86	38	98	65	84	65	
63	53	35	43	53	59	24	86	68	15	63	47	27	77	48	69	86	94	77	70	93	68	92	100	40	57	87	53	54	38	3	4	73	85	93	32	84	72	5	57	
39	60	81	44	47	39	90	33	87	77	81	73	5	62	47	60	81	97	1	97	19	27	78	88	66	26	69	11	35	54	72	93	88	2	60	82	25	61	58	3	
1	12	30	24	67	84	16	54	84	32	84	54	84	28	34	44	92	48	37	23	49	1	79	86	82	31	40	86	35	64	57	25	17	72	7	74	91	80	77	26	
61	43	5	10	13	5	61	28	20	24	17	84	63	75	60	64	63	5	39	31	83	8	78	25	32	37	80	49	78	38	70	57	11	1	75	45	6	55	96	95	
30	58	72	54	62	95	29	98	19	42	21	78	18	34	9	43	88	31	10	90	6	84	45	93	3	53	76	99	54	23	68	50	15	56	68	73	42	61	73	89	
9	64	83	41	58	89	75	17	20	20	93	46	22	38	99	13	63	59	14	41	33	95	43	63	79	45	27	24	46	68	16	38	47	67	82	79	84	60	87	5	
6	77	82	31	22	65	95	31	66	86	71	27	12	87	11	24	79	81	42	41	49	89	50	55	70	27	30	40	77	38	39	6	31	8	9	54	41	68	87	75	
99	33	71	4	6	78	23	74	46	1	58	21	87	32	78	39	21	98	22	87	94	18	35	55	40	26	65	62	49	67	35	93	18	98	53	83	82	55	84	26	
63	67	83	30	92	55	94	5	72	92	68	89	83	11	37	16	28	91	91	69	14	71	20	8	95	11	26	3	34	45	4	91	8	97	32	83	1	82	70	93	
92	95	61	75	52	24	58	11	21	31	100	3	27	66	45	55	46	75	39	34	35	3	68	11	16	82	47	78	97	32	6	27	48	82	86	77	25	12	15	15	
10	31	56	58	63	63	88	60	54	69	50	72	29	21	96	11	31	5	21	70	85	32	58	61	97	99	73	61	90	8	70	76	100	34	73	85	12	86	55	20	
95	26	31	15	44	25	87	6	16	69	99	91	82	32	37	72	3	1	75	46	4	86	69	54	12	49	15	39	12	41	73	80	72	28	11	24	21	1	86	41	
53	49	46	50	90	87	45	98	41	5	11	58	83	75	2	18	22	35	83	64	9	18	86	2	89	96	39	17	87	84	50	77	86	77	65	87	10	94	72	7	
50	91	77	46	21	71	23	58	97	94	60	9	66	11	49	91	6	67	46	19	82	76	47	3	37	63	83	64	82	8	73	70	37	12	59	17	35	49	5	86	
14	83	41	82	81	22	98	5	84	56	51	8	6	11	54	72	52	40	62	35	91	59	5	28	49	93	56	62	85	4	51	68	84	71	62	53	34	83	62	28	
4	97	44	19	8	38	91	17	89	100	13	99	83	54	11	81	46	88	40	28	59	87	91	12	12	48	30	39	66	91	83	28	46	68	44	76	16	100	80	27	
23	32	63	44	87	2	74	76	61	48	48	88	45	86	19	35	45	75	65	46	11	22	87	87	37	30	79	28	28	3	61	55	86	76	32	47	97	52	73	60	
50	48	49	13	8	80	19	8	75	44	61	66	10	95	79	79	28	85	79	99	33	72	42	38	49	97	81	65	15	3	69	44	20	23	41	55	55	70	12	85	
21	48	5	5	54	51	87	91	40	84	51	48	31	47	36	50	94	40	53	72	59	6	64	68	49	75	32	56	82	37	87	86	23	49	41	13	83	47	64	89	
78	82	2	17	45	34	40	2	38	3	94	90	76	37	66	52	85	19	31	72	38	17	1	24	58	72	45	18	94	52	59	4	46	47	50	31	85	65	36	60	
28	12	78	99	49	28	31	93	45	73	37	93	14	82	80	88	5	36	1	9	81	18	35	77	61	77	25	31	91	14	88	74	86	100	51	11	68	74	54	12	
99	23	48	37	93	93	89	80	1	68	76	99	14	98	16	6	57	2	89	66	82	19	63	17	34	76	78	95	49	17	50	13	61	27	66	69	99	55	90	43	
On machine	5
34	42	73	30	33	65	99	98	16	38	27	18	5	33	34	92	87	50	58	49	94	74	65	44	76	98	47	38	42	34	94	12	93	40	99	69	40	81	96	19	
97	93	51	44	30	73	79	35	27	32	82	93	9	14	55	86	22	21	49	64	57	69	93	83	28	57	93	11	96	8	5	58	50	43	80	46	29	90	43	1	
35	92	37	48	53	74	2	40	80	70	71	86	22	45	51	92	59	79	84	75	90	43	15	49	2	59	62	80	75	59	93	94	24	28	60	20	22	75	54	7	
59	70	98	79	48	37	47	33	38	16	97	57	36	74	75	23	73	80	44	60	3	6	86	21	43	95	12	38	83	3	87	14	87	23	20	48	56	50	1	24	
46	68	56	5	39	13	99	51	58	73	69	24	42	86	3	56	62	53	35	76	86	2	68	52	57	15	87	30	60	28	93	28	84	13	71	76	33	27	84	89	
54	29	39	6	14	50	65	84	55	60	13	21	8	32	46	97	77	63	16	91	29	10	58	39	46	7	32	49	60	69	60	33	81	84	85	22	55	76	50	2	
48	57	77	70	6	26	4	12	67	84	14	21	9	47	86	77	48	60	59	44	8	96	72	27	18	69	58	14	4	54	5	45	91	35	41	41	8	29	12	34	
68	97	19	11	90	15	60	71	18	31	32	90	83	83	45	1	45	85	42	23	86	75	8	52	32	82	33	58	89	92	17	25	26	2	91	89	88	47	1	66	
62	77	94	42	51	22	72	43	55	42	54	37	69	65	42	94	5	42	16	64	14	97	64	73	78	22	93	51	24	33	85	35	17	2	87	50	23	53	86	93	
84	28	49	45	13	79	57	13	11	38	63	22	31	90	13	44	90	73	49	63	49	78	55	49	20	51	14	38	98	44	80	50	71	6	71	32	76	14	24	75	
8	19	82	100	30	81	9	2	70	67	20	91	78	10	28	9	34	74	89	68	91	83	36	39	58	19	75	40	16	55	80	49	2	61	40	11	49	65	84	35	
23	99	11	75	45	41	16	6	46	96	55	29	69	62	74	48	14	28	82	71	22	80	27	2	25	19	10	93	16	22	71	4	51	35	52	38	95	27	15	62	
19	81	40	77	74	94	99	17	14	65	48	50	92	97	51	32	82	88	80	62	21	42	66	51	46	37	99	77	46	48	30	37	84	1	58	53	42	46	42	11	
15	7	69	93	79	84	47	80	71	42	61	98	21	56	1	89	58	74	16	11	9	34	81	34	20	39	8	93	51	34	13	92	40	32	16	22	67	92	35	36	
37	19	78	10	1	16	38	45	72	48	8	86	43	29	34	87	78	88	4	61	100	43	100	53	7	86	24	13	18	45	82	87	74	11	76	63	13	76	45	81	
26	48	97	96	1	7	54	3	4	6	35	99	27	5	65	33	19	26	22	63	26	78	86	35	24	43	35	29	55	18	11	1	87	98	87	27	12	31	1	45	
36	81	51	16	7	83	22	51	96	13	98	17	16	22	38	69	40	11	86	25	93	71	59	34	54	77	3	30	21	22	93	7	82	38	27	90	55	79	94	60	
71	76	54	74	46	98	95	59	96	35	57	66	43	91	65	88	22	76	33	47	59	21	33	63	96	10	8	93	35	63	5	24	15	91	86	28	44	56	12	77	
27	65	84	24	23	41	83	74	80	58	39	6	37	71	72	5	20	54	99	90	98	82	18	95	26	32	29	37	29	56	56	89	22	49	86	92	20	45	19	4	
90	5	18	34	32	45	25	9	60	79	42	29	73	94	88	67	7	66	18	35	95	19	45	30	52	56	78	27	83	70	70	86	65	50	55	64	82	53	24	8	
58	82	5	24	24	61	77	89	17	43	50	57	13	44	40	14	65	66	28	35	83	4	36	36	3	61	91	97	70	37	40	88	62	17	75	47	89	39	84	91	
58	74	44	35	10	75	49	9	45	99	91	1	90	22	63	61	8	76	80	4	33	60	62	71	62	87	51	95	2	25	89	78	3	84	79	67	43	53	19	89	
38	81	16	41	65	65	11	5	95	9	24	5	18	52	4	78	34	57	93	32	20	60	78	87	22	93	72	18	1	95	91	89	50	64	66	22	47	71	36	25	
65	30	72	35	56	17	62	1	59	16	16	46	54	23	4	55	34	75	43	13	77	58	93	16	68	50	10	27	82	31	13	7	38	67	99	18	30	62	60	5	
92	95	99	36	89	97	33	10	61	32	49	92	80	96	92	58	53	90	93	39	43	65	83	55	65	73	18	82	11	37	2	58	32	62	98	55	80	63	13	57	
56	94	68	99	69	22	9	12	19	74	94	35	4	13	100	63	35	10	52	56	85	58	71	25	5	36	91	35	26	92	42	90	20	25	96	59	95	19	47	76	
1	93	94	87	19	18	37	80	49	15	17	62	29	44	84	84	96	71	2	58	12	50	4	78	89	38	15	72	76	87	31	85	91	17	34	73	51	97	90	24	
97	76	39	4	15	82	64	84	67	59	56	31	18	16	8	50	75	2	62	58	16	62	23	61	24	73	75	29	13	63	56	20	35	40	47	37	25	7	21	97	
81	4	92	57	27	48	64	61	92	91	25	13	93	34	25	59	61	99	52	4	4	73	68	13	78	59	19	99	75	30	51	46	8	94	89	37	50	17	72	41	
92	22	62	59	10	73	30	10	90	95	74	54	24	44	17	16	63	84	97	38	49	17	70	31	52	81	86	17	5	96	31	26	68	79	53	74	98	11	28	57	
82	86	17	19	44	16	44	38	60	89	11	24	24	61	44	67	80	98	55	34	46	54	46	82	14	57	59	51	96	38	88	41	41	25	97	92	9	62	60	45	
97	20	88	31	36	15	72	28	10	94	35	42	74	80	97	9	29	35	3	50	1	74	85	42	100	78	38	33	35	61	13	24	73	43	18	10	8	51	81	25	
23	47	94	59	71	14	95	70	1	40	10	25	59	82	3	58	79	32	94	15	83	30	23	83	27	28	8	72	23	23	27	4	23	26	72	33	81	33	99	92	
95	35	34	94	39	59	10	49	17	97	75	7	62	77	48	22	19	10	54	95	54	54	43	33	32	70	64	95	54	15	58	6	85	23	63	25	75	65	69	42	
33	58	27	32	86	12	95	12	65	4	63	35	97	81	19	45	3	14	1	4	50	31	39	56	45	84	67	78	45	8	48	70	25	25	4	5	75	23	65	50	
66	74	93	46	62	44	68	75	2	51	70	66	15	35	36	37	100	60	81	39	91	93	22	70	60	55	26	39	65	20	19	12	46	5	95	26	17	30	9	78	
26	61	35	59	91	89	73	17	34	59	62	58	58	27	11	87	16	20	66	38	55	46	1	13	45	97	13	36	96	94	33	37	24	80	86	25	33	50	1	40	
35	71	90	94	21	36	26	51	59	29	100	24	56	28	61	39	98	59	75	29	98	39	81	37	56	10	43	31	44	59	12	11	94	80	50	87	74	15	79	65	
74	99	64	30	83	68	47	28	100	10	74	52	21	67	17	38	96	58	40	11	50	68	95	24	84	36	64	25	82	59	65	34	97	71	57	22	46	77	93	54	
93	82	47	61	47	77	24	68	82	70	9	45	90	7	67	61	79	35	65	88	14	14	50	16	100	83	87	86	78	9	8	62	40	30	50	52	47	92	50	62	
On machine	6
92	10	52	43	55	32	2	73	48	64	31	28	47	54	76	77	94	15	83	98	92	75	81	19	76	60	97	42	60	78	35	94	58	28	43	55	83	24	68	28	
83	14	4	19	58	42	100	39	22	74	55	38	18	20	53	10	2	48	44	52	53	19	8	64	44	23	79	38	16	3	39	86	55	100	37	42	36	28	79	82	
10	29	33	57	97	90	13	80	86	20	100	96	94	86	53	21	40	79	82	57	68	2	12	61	43	91	71	22	76	7	17	15	51	69	79	7	18	20	28	42	
24	85	2	73	78	66	70	13	57	16	2	65	24	34	76	99	38	87	5	83	56	48	92	37	17	8	3	77	35	2	74	24	99	38	1	13	24	1	79	68	
26	49	72	3	69	34	75	39	34	2	27	22	61	9	98	51	30	32	51	99	20	69	19	74	18	51	40	40	89	14	22	69	82	45	29	63	64	89	22	67	
16	46	14	45	67	4	35	17	100	100	81	36	15	73	81	82	75	45	99	59	24	62	29	3	89	51	48	43	90	35	60	36	77	21	24	83	62	33	12	22	
48	53	15	93	46	19	40	69	15	30	1	81	46	9	22	92	63	5	86	38	81	14	63	24	13	41	16	78	99	22	64	42	19	70	86	47	26	7	13	11	
10	36	34	11	62	58	77	34	64	64	47	34	41	34	68	90	76	20	59	37	13	8	7	50	69	62	84	65	64	68	24	92	8	20	37	46	9	18	62	44	
48	72	33	50	33	26	32	85	41	55	84	31	21	53	49	97	90	65	38	10	10	63	38	70	84	8	56	2	49	55	88	66	36	82	25	96	71	26	87	99	
93	45	68	95	66	15	5	31	8	34	75	44	46	94	63	77	43	95	11	89	17	14	1	83	57	87	21	91	38	55	13	21	41	20	47	41	73	55	39	64	
28	27	58	25	3	1	53	99	32	16	82	24	93	61	70	28	60	41	69	21	99	25	26	58	41	17	47	92	14	100	76	45	37	5	8	18	79	40	81	82	
24	58	100	64	87	79	10	5	33	65	84	63	62	94	26	67	67	88	80	62	71	60	29	9	66	18	34	53	68	31	14	1	54	39	11	27	22	98	39	31	
13	23	95	11	57	94	15	52	5	18	33	73	6	78	53	89	97	88	77	94	63	39	47	15	63	45	99	92	91	45	98	39	35	94	6	33	90	2	66	78	
47	79	29	88	60	13	18	39	54	86	87	92	77	37	53	17	87	44	90	21	48	20	95	12	98	41	43	78	44	77	73	18	18	85	6	90	6	8	66	30	
6	71	32	19	36	61	94	19	42	56	28	31	83	48	28	43	93	96	100	19	22	23	65	83	9	15	17	91	82	59	26	17	2	32	78	42	17	52	43	29	
87	17	33	46	63	50	22	25	83	100	14	56	91	95	95	98	81	23	66	100	12	38	64	66	47	82	16	87	45	33	22	3	20	87	86	40	1	83	56	85	
83	55	35	9	27	70	76	32	32	14	81	19	31	70	15	73	44	91	20	62	9	55	17	14	45	46	11	90	80	84	30	16	44	27	77	40	11	68	11	79	
46	8	37	98	51	40	24	22	86	19	71	93	7	91	54	47	39	49	27	94	89	53	65	32	56	1	39	81	95	17	24	50	37	3	5	12	70	45	95	12	
18	11	43	49	86	35	77	8	4	37	84	64	100	73	2	93	56	16	70	1	30	51	61	20	27	8	95	60	96	81	100	15	62	82	83	52	47	59	91	93	
23	64	70	8	10	38	91	19	62	3	65	75	44	60	90	62	30	83	72	93	7	98	84	69	19	74	99	40	57	80	42	91	39	70	37	59	2	67	98	90	
68	85	43	15	54	17	80	89	30	81	67	22	60	52	62	85	12	21	6	67	88	90	75	71	38	69	7	44	13	95	83	23	5	20	75	59	85	70	17	96	
38	97	93	24	82	26	5	3	25	7	38	58	18	100	83	12	26	32	2	100	58	66	36	75	12	2	77	27	19	94	28	55	95	81	30	77	52	23	18	84	
69	50	67	25	83	9	52	28	4	90	98	33	18	18	30	92	7	42	59	1	52	29	38	59	85	66	19	77	66	35	96	41	67	14	79	32	69	14	78	100	
26	44	46	56	96	45	30	70	40	78	61	94	55	48	62	40	90	11	80	96	70	89	21	76	31	1	88	50	72	4	16	6	7	42	96	22	61	90	75	38	
99	11	35	97	79	23	74	30	89	50	26	45	80	2	27	25	60	83	27	51	60	51	93	34	59	42	11	83	80	81	82	41	67	47	96	74	90	50	92	81	
98	4	51	58	61	76	57	3	61	79	30	89	18	14	32	96	14	18	18	89	51	16	80	15	40	35	37	9	79	20	38	18	5	96	2	44	4	68	40	43	
29	29	32	44	77	88	70	23	40	73	40	18	79	64	86	89	2	93	25	84	58	15	23	91	69	85	41	5	58	93	71	50	78	64	52	43	4	98	39	16	
95	89	77	4	68	65	73	27	84	80	79	15	58	17	38	44	79	11	38	74	4	94	84	41	73	15	81	25	78	10	58	28	71	77	74	43	37	43	90	37	
78	87	85	55	71	72	12	93	13	34	23	97	81	1	24	79	40	76	96	48	12	74	39	37	69	42	86	9	67	86	52	98	95	34	78	6	91	46	5	24	
51	93	34	73	44	34	90	67	21	93	30	15	82	94	97	5	8	38	39	12	4	8	56	83	6	36	32	31	2	35	86	3	73	88	8	3	18	78	53	71	
94	9	97	87	60	66	100	20	97	24	29	84	13	97	26	47	72	11	13	36	81	79	7	44	37	5	75	32	63	39	91	40	81	94	29	73	93	80	85	84	
2	51	18	24	87	30	21	10	53	61	11	59	59	21	7	86	35	61	37	42	26	1	90	100	64	80	94	76	53	6	75	78	50	15	4	47	99	52	4	59	
29	79	60	18	72	36	64	67	2	88	38	97	13	55	76	41	9	47	19	34	30	81	96	70	53	76	21	68	21	56	69	32	9	73	54	20	31	64	26	39	
8	23	37	10	46	85	19	61	46	78	23	16	41	75	55	40	83	79	91	66	84	36	37	44	10	40	49	85	24	93	79	17	77	75	59	87	36	31	46	46	
13	33	27	92	60	52	54	6	31	1	5	75	69	75	64	75	63	84	82	93	35	18	34	81	91	8	62	66	24	78	48	33	65	51	12	41	1	19	67	26	
62	10	65	94	98	25	62	98	66	54	53	95	32	58	70	56	10	11	69	24	7	64	20	56	32	69	15	76	28	94	64	9	21	71	72	9	27	83	71	65	
89	49	22	43	41	66	64	11	20	84	28	87	64	27	6	13	37	1	27	100	19	75	36	43	6	95	9	54	35	66	25	98	37	64	98	51	18	52	52	69	
21	66	37	65	14	12	42	57	62	58	100	14	50	42	77	48	87	8	78	7	70	26	42	18	36	13	2	22	29	46	70	52	69	56	45	76	3	53	30	95	
2	40	35	82	86	11	53	46	10	1	14	37	5	28	100	1	36	33	12	38	100	35	1	49	3	90	29	73	40	13	30	55	59	29	39	29	51	83	85	18	
19	25	20	61	41	12	98	16	34	53	18	40	27	26	72	77	3	53	96	49	52	48	19	2	92	31	2	61	54	84	13	28	13	19	25	7	55	9	27	97	
On machine	7
54	79	35	80	48	34	6	85	57	1	34	100	11	65	76	9	42	49	27	8	13	16	37	33	59	79	98	68	29	95	69	84	93	61	75	59	25	34	57	61	
43	34	45	30	17	90	53	24	75	61	81	79	83	29	58	20	35	12	40	77	27	18	39	1	93	38	67	64	47	55	61	69	100	75	11	8	10	16	85	41	
6	75	31	53	37	12	49	95	62	69	66	80	38	44	74	63	49	16	10	55	77	31	9	21	88	35	16	47	17	30	8	55	38	44	25	16	90	82	10	52	
32	6	2	62	8	29	5	62	40	49	80	93	32	48	77	11	16	59	8	1	82	59	47	17	82	78	25	75	69	2	94	31	5	90	23	100	27	45	29	78	
24	50	83	90	41	92	84	91	18	23	12	57	43	57	96	53	34	21	84	59	22	4	78	73	34	70	10	46	2	24	89	57	81	98	28	63	5	84	77	99	
46	64	34	20	33	4	23	1	20	86	79	1	84	12	89	7	92	16	36	46	90	24	25	60	45	8	19	85	97	52	93	10	26	62	53	4	62	33	37	61	
14	59	82	84	100	81	60	10	32	48	8	35	97	35	54	28	72	30	56	8	15	15	12	23	20	100	62	8	2	19	90	20	85	81	28	51	40	81	97	26	
28	70	59	44	66	90	61	54	60	99	18	21	28	6	70	74	42	81	31	97	69	46	58	75	27	97	91	20	96	56	63	72	10	59	55	78	68	4	18	6	
3	30	59	84	97	97	42	21	2	40	52	24	77	38	40	67	9	45	34	90	92	40	43	65	43	72	57	72	62	67	14	23	62	88	54	71	96	54	6	63	
47	48	92	98	51	55	65	37	77	81	72	45	91	68	63	34	69	79	16	64	90	37	40	57	84	55	7	97	56	6	48	100	57	84	92	95	16	77	32	50	
11	43	13	60	99	34	45	99	41	8	56	40	49	23	12	78	93	80	27	91	60	81	80	27	29	73	15	61	10	49	17	3	84	24	82	11	33	15	88	22	
9	23	22	18	33	74	88	36	57	7	68	85	4	56	23	24	14	99	51	91	62	6	9	29	39	69	39	98	40	19	25	42	5	27	20	64	40	54	68	7	
67	20	95	54	74	71	88	60	46	53	15	23	76	66	87	53	8	37	79	48	33	79	96	96	84	86	75	8	72	37	2	37	92	51	39	26	15	71	44	7	
87	70	89	18	72	11	43	21	54	19	84	23	47	52	35	72	100	63	68	16	42	99	6	91	56	100	25	35	6	41	20	94	49	41	56	40	47	82	35	53	
36	4	11	80	27	61	27	41	67	85	65	15	82	12	51	52	44	56	56	73	10	26	54	70	45	76	43	43	93	61	54	62	8	54	15	64	84	92	31	58	
68	98	65	11	94	43	39	34	85	45	35	42	76	58	87	86	31	29	69	77	54	37	56	85	25	56	72	89	94	91	43	45	65	93	64	7	56	92	94	78	
88	88	35	65	64	87	41	7	56	30	32	58	82	61	11	38	25	59	93	26	86	68	23	78	38	82	23	23	78	71	25	92	5	47	78	26	32	77	8	36	
15	87	63	54	92	52	53	51	17	44	64	67	100	41	29	17	95	7	92	61	14	70	96	42	64	36	73	10	97	46	15	13	4	31	6	62	31	37	88	62	
33	57	66	19	23	70	92	20	48	17	25	48	54	28	92	35	49	32	71	99	18	42	42	92	78	18	3	26	26	82	83	55	86	14	82	35	27	26	53	74	
72	28	51	11	85	11	52	94	41	73	15	13	54	50	12	61	65	35	39	69	21	58	69	38	31	56	19	43	5	2	54	90	58	45	38	7	63	90	37	42	
72	97	29	95	4	97	37	65	16	19	76	45	46	92	10	76	34	79	29	69	2	70	13	18	22	87	46	37	49	68	69	49	48	35	72	99	14	77	14	92	
34	70	31	69	71	53	94	16	53	100	26	14	83	11	80	83	97	94	92	72	37	76	50	24	93	82	56	39	82	28	40	47	55	51	71	7	12	63	26	93	
62	75	35	6	87	98	80	80	42	38	73	66	34	23	15	5	66	41	13	13	49	59	15	87	84	1	53	72	53	98	10	19	67	11	35	25	46	70	91	91	
52	51	99	83	25	31	89	57	67	33	95	81	38	79	3	61	62	51	90	90	56	18	28	83	32	36	55	28	31	92	47	93	1	99	42	71	85	1	76	40	
52	36	84	47	94	55	77	40	2	78	33	100	29	64	31	32	54	22	47	37	63	77	28	2	37	84	34	48	39	52	98	47	24	13	57	79	66	20	99	11	
82	97	21	77	85	23	74	13	35	52	53	100	93	98	23	97	24	48	73	6	68	79	55	5	79	84	1	95	61	96	6	32	3	39	13	30	34	30	88	64	
79	79	5	99	22	92	1	52	33	20	85	95	54	89	50	14	93	3	20	81	79	86	23	58	53	63	21	37	64	43	75	7	89	22	25	35	38	35	7	74	
31	74	69	82	26	47	89	60	37	22	75	87	72	78	9	81	74	63	16	19	56	52	79	28	15	27	44	86	66	40	86	13	20	60	92	19	3	83	19	24	
98	53	18	34	28	8	20	14	17	13	57	82	86	67	9	66	79	20	15	3	62	77	11	97	98	58	56	32	35	65	87	3	40	4	19	35	47	42	76	26	
36	34	36	54	44	4	1	9	23	24	69	61	24	3	48	27	23	74	4	26	67	39	52	66	24	66	23	13	98	53	77	63	58	100	62	20	58	18	65	23	
40	44	25	99	99	56	53	11	92	69	15	20	32	25	12	60	92	54	72	59	83	21	58	71	58	6	53	22	12	92	15	11	58	77	47	55	83	85	87	96	
18	58	38	15	71	73	36	31	6	32	74	94	37	20	16	96	20	78	68	83	46	89	71	87	15	84	25	34	24	10	37	86	21	30	40	73	88	43	14	4	
3	56	60	65	43	27	75	92	3	22	7	7	58	24	52	5	74	8	54	45	13	9	64	57	82	18	79	56	32	72	19	80	46	19	57	29	44	43	86	80	
33	88	64	94	1	88	70	38	22	98	54	52	67	19	96	15	48	34	8	94	57	84	90	86	29	5	39	35	9	58	8	2	51	59	54	40	61	72	47	78	
82	33	19	35	53	63	47	78	65	75	77	95	32	58	25	31	90	3	48	63	69	32	33	7	21	35	44	49	70	45	44	6	97	87	70	8	91	67	23	83	
64	39	5	22	59	84	71	54	98	82	69	77	21	15	22	94	9	82	47	54	21	68	61	74	65	35	44	17	25	100	70	85	21	35	55	98	54	66	18	82	
75	40	63	8	27	3	65	91	25	68	49	65	71	68	53	38	85	23	26	50	77	58	14	67	33	93	34	13	98	61	35	25	9	28	24	28	72	91	77	68	
38	33	54	47	14	55	76	97	71	20	15	80	3	78	51	88	50	21	41	86	98	72	67	90	43	71	16	46	88	81	48	90	20	100	78	85	20	20	5	37	
34	72	24	1	68	9	25	1	24	28	93	91	18	51	97	6	67	45	72	21	48	61	89	62	87	10	6	37	100	12	61	62	75	20	15	1	80	11	19	61	
21	86	45	99	82	95	22	93	48	74	83	63	1	73	73	52	63	34	78	13	71	66	50	14	50	49	17	91	93	77	53	17	64	95	11	57	31	96	70	71	
On machine	8
69	64	36	15	1	87	93	87	60	70	77	84	91	50	84	75	75	58	82	96	99	69	80	27	79	31	16	11	99	90	99	3	11	94	23	47	28	2	20	81	
62	64	35	43	26	54	58	57	72	6	97	53	82	77	64	23	82	86	55	98	83	50	14	15	100	28	55	61	43	83	58	22	76	9	32	21	44	63	97	22	
16	3	75	82	97	48	26	73	52	14	23	71	46	61	72	13	24	72	77	96	11	53	64	62	90	2	90	69	71	46	69	96	64	74	13	11	81	7	74	30	
23	35	60	91	46	69	37	20	57	40	54	11	39	70	68	5	38	22	7	93	25	29	35	90	50	69	73	23	51	24	49	37	67	60	67	70	15	76	68	67	
33	24	32	29	27	61	90	81	94	89	78	70	35	39	68	78	1	27	95	24	60	90	27	16	62	49	86	56	33	66	17	98	74	82	78	59	87	8	46	35	
80	40	83	43	29	24	99	75	38	77	37	88	92	52	62	33	50	7	76	95	13	94	80	34	4	96	81	27	17	68	74	92	22	61	27	42	82	65	64	99	
95	84	81	60	20	9	24	13	45	100	92	51	51	97	5	97	26	75	5	88	73	82	92	62	65	68	58	22	31	82	71	13	26	93	64	14	84	82	3	45	
91	97	92	14	23	1	57	39	50	40	44	36	12	88	38	93	24	28	33	97	41	19	82	50	35	37	73	14	73	94	22	7	37	69	16	18	87	22	70	41	
27	25	30	27	93	62	63	53	76	6	79	88	35	36	94	78	15	65	45	26	67	8	31	64	14	93	48	86	20	28	44	18	21	21	19	61	61	93	2	77	
100	3	76	36	86	78	41	87	31	23	2	37	77	55	29	11	30	90	24	1	100	37	9	29	94	61	40	68	50	84	27	44	16	96	2	11	64	97	28	66	
21	49	25	20	92	86	64	83	57	59	10	24	25	44	64	10	64	40	7	19	26	80	49	98	39	86	14	16	73	89	10	37	84	27	6	98	57	15	23	58	
98	64	40	41	10	88	69	95	44	5	24	36	1	54	30	5	62	44	100	10	100	58	57	88	46	84	7	70	68	87	59	41	43	8	82	68	32	22	81	31	
95	71	90	2	68	92	90	3	87	47	27	65	64	89	3	71	41	78	58	13	5	49	74	13	69	16	8	79	29	14	28	15	100	85	85	89	60	51	49	90	
23	64	58	33	26	22	52	44	74	97	45	90	54	95	64	87	95	67	1	17	36	90	78	95	63	90	78	60	30	89	77	48	3	21	65	84	39	95	25	53	
78	43	70	32	67	96	81	92	91	76	72	2	25	2	93	27	59	84	8	11	59	33	1	10	70	65	20	24	10	65	74	74	67	85	80	21	62	71	78	25	
10	75	1	4	46	35	74	68	56	62	48	38	72	94	83	18	34	43	90	22	83	79	56	93	85	48	7	66	5	78	48	31	28	76	1	99	83	68	67	84	
78	39	67	82	1	10	80	65	26	36	70	69	43	82	61	27	85	88	34	42	92	46	47	54	9	77	58	4	3	40	81	97	40	84	50	79	98	80	64	29	
56	14	66	9	54	2	18	79	67	6	10	17	88	36	82	96	68	14	14	52	44	95	60	81	76	54	85	34	92	96	20	31	90	84	3	96	88	67	65	22	
57	91	67	57	87	94	37	30	50	4	74	45	59	68	46	14	77	65	79	99	79	69	49	65	54	20	87	90	28	18	85	99	7	1	70	69	36	57	46	24	
72	14	36	58	90	96	34	56	67	52	23	78	95	23	43	9	75	23	71	84	58	89	36	75	60	87	7	28	26	33	58	90	100	77	30	4	28	42	81	9	
72	66	84	61	8	4	85	38	93	84	64	64	17	53	87	99	95	69	70	37	70	76	81	72	3	76	66	14	7	74	17	73	95	66	49	66	86	41	1	11	
82	90	72	32	17	56	26	55	10	40	30	98	58	4	29	99	94	96	12	16	54	92	47	54	18	92	22	41	13	53	48	76	76	33	84	70	30	33	85	29	
16	32	39	71	40	96	7	8	7	50	37	31	21	54	64	35	76	26	34	72	9	62	64	11	23	4	40	81	5	56	96	62	40	21	33	64	77	48	65	75	
58	49	2	2	26	97	27	58	4	2	90	37	83	43	27	34	45	95	53	12	75	9	93	37	70	58	74	9	56	27	74	2	52	43	28	13	69	27	9	36	
10	46	94	41	37	70	79	98	54	73	38	49	72	40	33	37	36	34	32	75	52	81	8	21	63	48	69	50	99	44	18	12	60	98	100	63	96	11	44	74	
72	59	46	45	64	55	70	58	21	88	84	89	38	71	66	23	82	65	27	56	76	38	91	82	32	69	20	60	51	59	35	93	60	57	88	28	34	99	99	70	
67	70	46	74	93	13	60	17	32	55	60	34	77	47	44	90	11	45	38	64	9	70	96	96	79	64	85	60	32	91	69	5	48	75	24	96	35	82	34	63	
32	27	73	38	97	76	68	7	87	1	77	23	26	77	32	29	15	59	35	40	77	12	72	29	91	78	28	54	66	98	97	11	65	8	9	72	15	12	54	29	
19	91	48	58	6	19	33	90	21	68	70	97	67	14	40	2	97	14	36	99	72	99	25	60	30	78	65	46	94	96	87	23	93	47	18	10	18	99	5	24	
19	41	14	62	37	90	58	79	30	48	75	10	20	50	79	33	41	94	56	95	6	25	4	23	15	4	5	10	25	43	60	81	41	37	56	76	21	22	84	9	
21	96	90	78	86	5	21	37	81	51	56	60	78	36	58	80	70	60	98	71	36	47	5	5	100	33	63	41	13	50	55	83	51	67	2	74	36	31	89	69	
38	1	75	89	34	44	36	4	6	65	23	96	58	67	6	81	84	85	60	79	51	94	28	44	18	32	60	19	36	31	33	37	62	91	99	82	76	63	15	22	
9	6	76	89	44	61	81	14	50	20	70	5	39	14	98	66	14	53	88	17	84	86	97	56	27	90	34	97	75	75	20	94	4	82	67	55	24	78	83	53	
41	34	28	7	8	48	70	37	51	9	87	24	94	35	54	77	64	2	54	16	38	66	51	47	91	88	53	9	100	33	75	82	35	62	80	16	91	12	69	94	
80	42	32	69	71	20	88	97	30	55	54	93	24	41	80	53	68	3	96	38	88	80	92	59	13	83	90	99	39	20	3	84	87	87	47	5	62	76	71	57	
20	4	96	69	17	19	24	25	5	27	55	58	72	72	56	53	81	54	40	13	80	14	17	45	63	57	25	83	38	72	78	89	29	60	77	74	54	16	21	75	
26	71	27	88	24	66	78	27	5	94	53	24	38	21	97	76	8	83	74	14	69	16	39	8	83	50	18	19	96	96	73	88	3	22	90	61	91	25	93	17	
27	50	92	54	86	66	56	52	93	50	16	60	58	77	19	37	18	48	28	86	33	7	50	51	38	13	90	65	78	25	86	46	52	92	80	76	1	80	29	80	
14	90	57	76	87	98	29	66	12	74	76	59	77	6	14	70	39	86	9	17	20	16	51	51	54	11	35	13	73	14	21	54	5	84	49	5	66	37	48	6	
97	56	77	63	31	86	34	89	7	86	32	82	94	46	56	71	74	70	49	17	95	36	42	54	84	7	10	51	97	75	68	35	54	66	49	26	13	51	69	42	
On machine	9
46	31	26	17	21	29	22	68	84	29	30	83	20	67	5	93	11	96	65	69	3	19	57	37	78	68	89	3	94	83	95	25	27	58	29	48	69	60	77	78	
91	6	30	98	27	79	65	13	61	1	67	80	87	59	1	5	57	54	4	43	5	48	66	75	10	58	15	1	28	63	57	53	38	6	64	43	5	7	33	43	
97	33	36	2	35	1	37	33	1	94	23	37	20	5	99	13	6	71	59	77	8	1	27	13	11	47	51	85	98	59	65	53	9	43	69	31	98	58	56	58	
91	5	69	63	34	72	82	36	89	62	52	97	4	20	11	81	86	81	38	86	8	41	99	23	22	6	31	47	57	45	29	31	63	38	92	14	26	57	69	75	
20	28	86	64	38	18	22	46	31	100	44	57	79	75	13	34	79	61	28	79	92	21	6	20	39	38	42	80	99	72	79	11	27	85	89	22	9	22	85	98	
23	98	56	21	16	50	28	6	41	53	15	88	55	85	56	66	27	42	22	45	38	60	52	20	9	65	76	42	20	71	57	23	7	44	57	77	20	99	9	18	
46	89	86	94	36	100	38	21	89	23	67	2	85	32	35	17	84	94	57	68	2	75	63	16	70	9	51	47	69	33	91	20	54	18	57	81	57	71	53	30	
12	59	46	96	46	33	47	71	90	25	15	31	43	86	22	55	96	80	100	21	14	10	65	56	94	92	21	49	87	98	93	42	28	63	63	59	8	25	62	11	
54	54	26	69	31	66	5	93	35	58	16	65	59	60	93	8	5	92	25	73	65	73	68	38	99	71	35	45	93	31	41	2	55	39	35	21	81	55	34	47	
64	27	48	12	32	15	98	82	5	90	72	67	13	58	15	69	39	47	79	8	73	74	16	21	39	27	9	17	84	71	23	71	86	27	2	79	59	58	29	13	
1	8	59	49	69	50	90	11	5	13	7	39	69	73	30	76	67	93	50	33	51	90	95	63	19	10	22	98	7	80	47	58	11	88	16	97	19	32	95	65	
82	75	19	4	64	53	42	89	86	16	45	51	40	25	52	82	77	18	52	7	17	98	2	71	85	57	66	16	6	4	8	70	89	30	10	15	83	8	25	39	
57	79	81	5	68	70	84	45	29	74	23	22	76	4	41	60	37	95	34	75	10	76	91	84	78	44	49	3	69	49	3	57	19	93	12	7	54	61	38	49	
46	38	86	70	39	52	26	40	53	96	68	58	83	100	99	70	89	63	6	41	92	14	97	6	15	33	21	80	71	98	33	24	54	98	96	90	79	49	18	72	
19	88	83	58	60	87	96	79	96	41	45	30	67	32	1	83	31	41	30	26	11	21	45	58	43	79	50	2	52	63	5	29	50	81	16	83	36	28	70	50	
36	97	39	42	39	21	66	64	89	61	100	12	31	51	79	49	44	8	19	52	8	73	19	89	14	55	84	92	39	97	90	16	47	27	16	45	77	4	94	27	
8	20	44	64	21	100	81	27	71	13	34	40	58	47	46	38	85	36	63	46	82	8	62	41	7	17	87	21	14	68	53	74	32	3	17	73	16	44	64	57	
48	44	54	3	40	60	36	15	65	97	88	17	25	70	51	46	52	44	1	6	7	1	16	19	45	33	75	38	78	15	93	29	23	76	48	35	55	92	77	85	
27	34	15	100	87	20	50	31	9	93	24	34	2	10	27	17	9	10	5	42	58	68	35	2	22	61	8	10	50	3	41	58	37	11	76	90	82	53	3	6	
78	55	78	59	50	67	9	35	51	38	37	66	62	47	26	55	24	36	71	49	24	34	8	49	5	13	90	30	49	87	74	9	21	95	15	54	89	76	62	93	
13	25	45	6	90	85	75	95	14	35	29	5	43	96	42	38	14	23	46	24	59	26	88	91	48	18	97	30	96	55	21	76	14	6	32	33	42	93	34	46	
43	32	54	32	56	60	87	90	69	55	84	66	87	44	69	77	76	97	37	73	11	71	81	81	88	20	96	40	1	64	64	45	46	27	84	13	6	12	35	31	
50	42	84	92	98	91	29	25	44	83	37	35	68	71	40	11	99	5	45	7	22	19	100	76	17	44	36	16	20	17	20	100	33	14	13	45	14	10	31	47	
30	36	3	25	73	87	64	43	46	19	100	19	99	91	72	16	54	11	24	31	82	100	26	14	94	65	73	12	92	51	58	23	13	78	76	5	74	75	59	77	
24	20	45	43	48	89	93	17	10	73	19	93	74	96	49	49	52	37	43	59	72	62	68	45	92	29	48	67	87	65	100	30	57	59	1	96	82	8	50	100	
27	53	56	6	100	53	44	1	43	25	76	18	65	64	82	82	34	19	87	55	18	50	53	96	13	57	53	85	82	21	21	15	67	98	17	71	65	47	14	68	
96	90	99	53	36	61	6	10	10	33	76	65	16	98	98	83	77	91	62	42	73	92	85	70	14	38	97	14	9	63	11	38	59	29	45	54	62	32	59	64	
53	46	87	87	83	86	88	74	59	37	29	60	65	64	48	80	68	21	14	10	96	26	61	80	44	78	23	84	35	7	85	30	44	71	51	66	22	57	82	76	
91	79	98	1	92	49	79	83	16	62	91	59	23	15	3	84	86	13	78	3	55	82	46	77	10	1	83	18	45	63	37	10	79	9	80	5	17	30	23	35	
73	97	70	94	7	56	33	45	83	19	54	97	15	30	36	27	28	99	82	41	64	13	75	3	100	55	18	5	1	62	94	59	39	76	94	96	23	66	42	83	
5	25	24	55	43	80	44	72	49	78	2	79	83	4	98	5	97	30	11	31	20	17	41	37	60	74	23	40	28	100	86	38	100	8	25	87	36	21	83	62	
25	86	13	39	10	20	22	86	50	28	68	82	72	6	86	3	25	61	78	76	57	46	30	33	2	62	95	55	42	12	83	99	62	37	27	83	67	56	89	95	
90	12	53	72	39	17	96	90	27	6	16	96	21	22	1	80	1	31	52	88	33	78	29	37	58	55	99	14	99	59	83	48	7	17	69	26	78	5	47	18	
89	88	63	4	70	81	27	88	48	35	49	69	20	42	29	81	11	56	52	80	74	3	20	36	8	52	38	79	65	17	9	52	79	79	22	38	56	36	35	44	
47	33	85	16	61	5	45	90	11	83	39	52	41	97	57	36	10	16	84	45	23	35	98	22	89	39	8	27	71	7	80	91	69	90	69	65	47	99	78	97	
86	70	42	90	22	22	54	19	79	25	88	73	11	26	1	54	20	34	69	65	25	81	34	98	72	92	40	70	52	52	90	72	65	24	72	9	28	41	57	48	
65	22	68	55	56	3	45	73	13	35	51	80	41	79	98	4	96	47	20	42	60	65	80	67	80	58	89	82	64	71	78	36	78	28	18	76	100	8	42	2	
94	74	65	92	62	94	2	34	16	32	63	16	64	84	75	71	5	17	51	51	4	29	70	37	8	20	40	80	62	98	3	98	41	93	89	90	84	14	29	90	
16	45	94	35	77	92	30	89	90	98	20	18	67	24	15	4	28	63	23	9	82	94	94	66	27	65	97	17	55	52	29	21	21	24	40	4	75	44	1	18	
62	97	91	21	100	78	54	54	71	33	84	60	53	1	47	19	37	5	60	71	80	70	61	39	18	32	29	53	81	51	72	75	89	21	82	22	85	2	67	96	
On machine	10
64	93	24	27	78	84	19	87	9	14	84	4	51	72	57	32	5	68	75	73	87	68	62	31	57	40	89	40	84	75	58	22	27	67	78	41	51	30	96	64	
5	86	17	22	90	79	3	25	17	92	50	56	3	48	40	5	20	35	62	63	3	23	46	64	53	30	9	33	34	73	83	32	11	5	57	45	35	53	66	64	
46	83	43	91	66	33	93	30	63	43	86	90	63	46	26	43	51	4	67	86	73	70	28	69	52	35	68	76	36	69	7	23	11	23	24	75	72	53	9	85	
82	23	18	74	30	30	81	37	38	3	86	47	79	76	21	80	9	52	76	18	39	24	78	99	79	35	25	69	80	69	54	12	8	92	43	97	67	11	51	27	
60	6	93	64	90	35	93	91	16	51	5	18	37	85	80	1	91	33	100	88	51	92	35	3	95	15	98	53	32	56	5	7	38	19	47	71	77	24	69	48	
53	85	46	58	81	20	45	35	73	95	35	28	34	99	36	55	91	28	68	31	54	72	31	33	25	76	84	90	79	56	26	65	57	74	77	96	57	3	31	43	
76	2	80	21	87	63	25	52	94	37	38	64	1	16	13	38	5	72	91	36	88	80	79	92	33	13	23	8	16	26	71	29	45	99	35	58	29	76	38	68	
24	13	45	73	44	32	6	46	91	68	78	42	13	30	63	8	39	23	28	23	23	44	29	100	81	82	55	2	8	29	86	8	36	61	83	62	90	85	35	19	
29	52	61	25	48	84	65	5	70	83	9	96	73	22	31	4	33	58	26	5	88	82	46	39	55	38	60	55	19	51	3	69	36	33	75	45	64	15	99	98	
82	29	75	28	30	46	94	14	88	83	73	78	34	1	53	81	85	9	87	49	15	95	48	27	90	23	23	63	83	66	20	38	100	31	86	47	83	28	65	36	
29	75	77	69	72	8	17	39	2	62	67	69	15	16	78	93	56	95	34	35	71	88	77	91	17	51	2	81	64	36	69	5	66	17	1	23	14	39	9	16	
65	64	89	59	9	16	71	11	5	93	40	24	15	51	33	5	59	59	33	9	64	7	30	100	21	33	6	65	98	78	18	82	69	25	23	66	43	39	17	72	
60	27	77	35	85	1	6	61	10	48	45	8	28	33	29	40	19	38	16	99	18	46	13	97	9	9	98	89	67	39	55	88	6	24	91	57	83	47	56	5	
49	22	4	45	50	41	30	54	75	59	78	11	40	86	12	21	85	100	60	28	96	71	64	45	50	53	72	56	33	37	8	66	30	18	74	10	86	32	75	96	
96	54	55	32	68	80	87	2	88	81	41	2	5	94	74	52	19	100	16	67	20	37	10	11	56	70	59	2	53	21	87	6	20	51	17	18	85	30	99	58	
74	7	27	53	59	57	1	53	99	37	33	75	56	36	74	44	93	11	29	27	86	57	25	94	53	74	37	75	48	54	79	8	4	29	35	27	97	16	44	77	
37	95	90	65	66	48	99	15	23	6	28	92	18	70	40	20	3	45	90	69	17	12	36	10	71	8	2	18	80	6	12	2	54	96	47	27	89	61	65	19	
37	79	79	57	89	31	32	87	91	48	38	28	15	96	12	19	34	44	92	87	83	51	86	11	11	24	97	44	11	78	20	71	60	60	89	25	62	78	69	3	
7	73	23	97	18	54	96	87	88	85	25	58	92	87	63	17	54	31	37	57	65	87	63	84	35	100	75	33	7	85	90	1	26	95	29	78	63	8	52	54	
30	16	47	69	23	86	9	19	55	91	28	54	91	88	19	76	10	62	12	41	61	95	91	85	27	1	71	98	11	2	3	38	55	91	54	90	84	37	36	74	
34	41	22	79	41	58	22	45	55	57	35	33	86	7	81	47	77	87	82	46	64	12	46	69	24	76	52	99	43	13	45	36	87	40	10	76	4	43	11	50	
96	36	90	80	57	59	61	64	83	36	93	8	82	59	100	39	3	72	97	10	80	3	2	50	8	74	74	15	17	70	15	82	84	73	87	2	77	35	84	21	
30	88	22	93	57	14	28	100	30	14	43	6	7	51	73	87	25	39	40	27	52	79	85	17	68	93	33	14	43	59	62	67	56	3	52	75	9	59	79	20	
33	17	6	19	59	43	69	85	42	99	84	13	66	37	75	31	4	83	20	65	14	18	100	13	31	88	72	89	93	95	42	38	71	74	14	84	76	21	68	56	
47	43	47	43	88	30	39	95	65	90	37	100	68	3	39	4	18	74	20	57	84	88	86	59	14	34	16	60	12	10	20	3	33	90	89	77	11	68	3	98	
7	87	82	86	69	77	42	84	42	35	55	57	55	80	35	39	21	4	70	27	55	18	40	75	74	14	83	34	84	34	87	42	40	85	57	89	44	83	10	13	
3	34	97	48	4	2	46	41	76	60	64	14	93	15	51	52	32	67	70	6	69	76	84	83	9	14	31	16	98	24	30	61	41	75	22	25	67	77	64	8	
66	68	58	24	55	75	58	85	54	48	20	81	98	40	47	62	20	40	46	2	95	82	29	47	59	64	13	54	44	66	90	30	8	14	58	65	15	60	72	51	
88	92	66	94	81	94	79	77	23	65	85	51	5	40	29	88	54	67	65	8	45	26	33	2	63	13	54	23	91	25	57	12	18	78	39	12	25	42	70	47	
54	96	56	86	42	10	65	25	67	1	66	36	42	66	78	70	3	98	71	81	61	64	78	76	44	80	13	98	64	93	59	92	53	36	81	46	70	46	54	49	
62	73	7	85	1	65	39	93	19	43	28	48	38	89	75	57	93	70	38	8	50	28	72	97	11	64	72	84	58	91	70	61	63	48	1	68	48	43	66	94	
56	57	11	78	99	5	51	3	50	5	49	81	93	87	18	21	3	8	70	96	58	40	4	52	3	91	67	94	48	63	83	97	31	20	100	89	87	77	59	39	
32	47	29	43	1	71	5	75	45	77	15	83	66	44	19	53	80	47	100	53	23	27	38	88	84	58	58	29	48	64	24	44	81	25	47	71	10	15	65	52	
80	1	58	27	83	28	7	55	3	83	84	47	68	64	5	9	12	35	87	54	55	14	16	20	97	10	74	37	77	69	24	2	33	16	91	98	82	98	32	31	
24	49	3	1	21	17	95	57	54	79	65	93	11	79	50	99	58	42	38	66	60	54	64	47	88	100	68	60	9	66	58	5	20	44	38	22	95	91	1	33	
12	46	32	51	48	48	45	93	63	95	18	31	70	98	2	22	39	45	89	85	54	52	30	100	59	31	42	52	99	17	66	22	8	78	48	46	75	37	100	73	
20	83	85	55	82	12	19	68	92	44	8	99	49	34	49	41	78	83	73	2	20	23	93	67	2	61	43	10	5	23	66	87	22	87	23	7	83	2	86	92	
53	78	32	43	97	35	30	82	51	94	25	69	17	88	85	6	77	56	29	63	2	46	99	38	26	58	94	44	43	1	46	87	83	15	79	34	18	25	32	64	
84	42	38	40	2	2	61	72	28	99	1	81	12	14	71	97	83	92	77	99	56	67	14	33	83	94	89	60	12	52	1	88	65	26	3	4	62	91	27	21	
83	83	64	39	12	94	14	29	76	9	23	22	54	85	25	83	65	54	28	65	31	65	34	23	88	26	69	10	88	18	1	26	95	29	63	76	6	35	18	26	
Reldue
-1	4485	-1	-1
-1	347	-1	-1
-1	1423	-1	-1
-1	1307	-1	-1
-1	29	-1	-1
-1	1814	-1	-1
-1	2755	-1	-1
-1	4732	-1	-1
-1	5265	-1	-1
-1	2693	-1	-1
-1	4135	-1	-1
-1	1702	-1	-1
-1	1124	-1	-1
-1	4678	-1	-1
-1	5164	-1	-1
-1	1300	-1	-1
-1	2333	-1	-1
-1	347	-1	-1
-1	4053	-1	-1
-1	1889	-1	-1
-1	5110	-1	-1
-1	4487	-1	-1
-1	1463	-1	-1
-1	2163	-1	-1
-1	2575	-1	-1
-1	2750	-1	-1
-1	3815	-1	-1
-1	560	-1	-1
-1	5594	-1	-1
-1	4105	-1	-1
-1	4142	-1	-1
-1	68	-1	-1
-1	5477	-1	-1
-1	904	-1	-1
-1	2898	-1	-1
-1	3981	-1	-1
-1	3561	-1	-1
-1	28	-1	-1
-1	3755	-1	-1
-1	528	-1	-1
