Families	20
Machines	70
MaxSetupTime	50

Number of Jobs in each Family
3	10	2	10	5	2	6	8	7	9	4	3	9	5	2	10	4	8	2	4	

Jobs in each Family
0	1	2	
3	4	5	6	7	8	9	10	11	12	
13	14	
15	16	17	18	19	20	21	22	23	24	
25	26	27	28	29	
30	31	
32	33	34	35	36	37	
38	39	40	41	42	43	44	45	
46	47	48	49	50	51	52	
53	54	55	56	57	58	59	60	61	
62	63	64	65	
66	67	68	
69	70	71	72	73	74	75	76	77	
78	79	80	81	82	
83	84	
85	86	87	88	89	90	91	92	93	94	
95	96	97	98	
99	100	101	102	103	104	105	106	
107	108	
109	110	111	112	

Total number of jobs
113

Processing times of jobs
8	3	1	4	2	10	2	10	2	4	6	8	8	6	4	5	7	10	8	4	10	10	7	1	8	1	3	6	4	8	1	7	1	3	4	7	4	3	1	7	2	8	8	10	8	6	1	10	1	2	10	9	5	4	6	7	6	2	3	9	7	6	3	10	8	6	9	1	2	10	
6	9	10	8	1	9	2	10	3	1	1	3	9	1	8	3	4	10	8	7	10	5	8	9	2	1	4	8	10	2	7	10	6	10	6	5	5	4	3	6	7	6	7	10	4	10	4	8	7	7	9	9	5	1	3	3	4	6	9	4	9	7	2	2	5	9	8	2	5	2	
7	4	7	4	3	6	1	2	2	7	9	10	10	3	3	5	3	9	6	10	8	6	4	8	7	3	4	4	7	2	10	7	4	6	1	9	1	8	4	7	5	4	5	1	6	4	9	3	4	7	4	8	1	2	3	6	9	7	9	1	7	2	1	2	9	1	8	1	5	4	
5	7	5	2	5	9	8	9	4	7	4	1	7	1	4	10	7	3	9	1	9	7	10	1	2	5	3	7	4	1	2	7	6	1	1	3	4	2	5	7	8	5	6	1	7	3	7	8	8	7	4	7	1	1	6	7	10	8	6	6	3	7	4	9	6	6	5	4	9	1	
2	7	2	4	6	8	9	8	9	3	6	4	1	4	9	8	4	3	3	3	2	1	9	9	6	2	2	3	4	4	8	9	7	8	5	4	9	10	5	5	5	8	3	9	4	10	8	2	4	2	3	7	10	2	7	3	1	1	7	8	8	1	4	3	5	2	8	5	7	8	
8	6	10	8	4	4	8	1	8	5	6	6	10	6	10	4	5	9	1	7	9	10	8	7	2	2	5	4	7	6	2	4	4	4	8	9	8	8	4	9	8	1	4	3	7	5	4	7	2	2	2	5	4	5	1	3	6	10	6	9	1	1	1	7	4	10	3	1	4	10	
3	4	10	2	4	10	7	10	6	1	1	5	7	6	3	4	4	6	1	4	1	5	9	3	5	1	9	4	7	9	1	9	7	3	7	10	1	5	10	9	3	3	7	7	7	3	5	10	7	5	6	3	6	7	1	4	10	10	3	5	9	3	9	7	9	3	10	6	9	8	
8	3	1	8	5	5	1	1	8	2	9	8	6	4	7	5	7	1	8	7	7	4	10	10	9	6	7	2	10	1	1	7	8	5	4	3	1	6	6	5	4	9	2	10	8	4	4	1	5	1	4	9	1	10	6	4	7	5	3	3	4	1	10	10	7	4	7	6	6	10	
6	5	3	5	1	5	9	10	8	2	9	9	9	7	9	7	1	5	3	1	3	1	5	5	6	4	3	10	3	9	5	6	10	10	9	1	9	8	8	9	8	5	1	10	1	8	7	10	8	10	10	8	2	9	10	7	4	2	5	3	1	2	4	1	9	8	2	3	2	1	
4	6	8	4	8	8	9	10	4	3	1	6	6	9	2	6	3	7	4	2	4	4	2	5	4	8	1	5	1	3	1	8	2	9	7	4	3	2	2	6	5	6	3	9	5	7	2	7	2	1	3	3	4	5	5	1	10	2	10	4	10	7	5	3	6	6	10	7	7	5	
3	4	6	8	8	8	5	4	2	8	6	10	8	10	3	3	8	10	9	7	3	9	10	10	10	10	7	7	4	4	1	2	2	7	6	8	10	6	7	9	6	8	7	7	1	9	2	10	4	5	4	4	4	3	4	2	7	7	1	9	3	10	10	4	3	2	5	10	8	1	
3	1	10	1	9	7	4	10	8	1	10	1	6	5	4	10	2	4	8	10	1	1	10	8	2	8	8	5	6	5	7	1	9	5	9	8	9	8	3	3	8	8	5	10	9	10	10	3	9	2	8	9	1	7	2	4	7	1	7	9	10	1	6	3	5	4	1	8	9	4	
7	2	1	1	2	8	3	5	4	3	5	3	4	1	4	8	3	2	3	10	8	4	6	1	6	8	7	6	2	4	8	6	7	10	6	7	3	3	5	5	7	9	7	7	1	4	4	2	6	2	8	4	7	9	9	3	4	8	2	5	3	10	7	6	3	6	6	1	3	7	
4	6	9	5	4	9	7	8	2	1	4	9	5	1	5	7	2	6	9	8	5	5	9	10	6	1	10	2	10	1	5	5	8	10	1	5	3	1	6	8	1	1	10	8	7	8	3	2	10	8	2	8	1	4	1	4	6	7	4	8	7	9	9	4	8	9	1	9	4	6	
10	3	4	8	6	9	9	6	5	1	2	10	4	7	3	2	6	4	8	8	10	3	2	9	5	4	6	10	9	10	8	7	6	10	8	4	6	10	1	3	8	3	5	1	4	1	9	2	10	9	5	6	7	2	7	9	2	4	9	3	10	8	10	8	6	4	10	1	9	9	
2	5	6	7	7	3	4	9	9	7	4	3	8	5	9	4	7	9	10	9	5	4	4	5	10	10	5	10	7	7	10	8	1	8	8	3	7	9	8	2	2	6	4	8	6	9	10	1	2	3	6	10	6	5	10	9	8	5	2	1	8	6	4	9	1	3	4	9	4	3	
2	1	5	2	4	2	8	7	8	3	5	5	1	6	6	7	10	8	7	2	5	1	2	10	5	10	4	7	1	9	1	9	5	10	7	5	5	6	4	9	8	7	10	2	8	7	9	3	9	8	6	4	7	5	3	4	4	5	5	2	7	4	7	4	3	3	9	9	6	6	
5	8	7	10	3	8	10	8	5	8	8	9	10	7	7	6	6	3	6	2	6	9	7	3	8	8	8	2	3	2	7	8	2	10	1	7	1	2	4	1	1	4	9	7	6	5	8	10	1	7	4	4	5	5	7	1	8	9	6	9	5	9	6	4	3	9	8	7	5	10	
6	9	6	7	7	5	10	8	7	8	3	1	10	1	7	2	6	2	5	10	6	1	4	2	4	4	2	10	9	1	5	3	8	9	6	7	10	3	1	5	4	7	1	7	8	2	8	3	2	4	1	4	4	8	9	8	10	5	1	5	10	4	7	3	8	2	6	5	2	2	
2	3	2	9	6	2	5	10	9	3	2	6	10	9	2	3	10	1	1	4	10	10	2	7	1	5	8	9	4	7	5	2	2	6	1	1	1	8	4	10	1	7	3	3	2	1	3	1	2	4	6	1	7	3	6	1	1	3	3	10	4	6	5	7	8	8	4	6	7	9	
1	7	4	1	7	5	3	7	10	9	9	9	7	8	4	3	4	10	9	2	3	7	6	7	5	1	3	1	5	9	4	7	2	6	5	5	9	10	8	1	1	10	5	7	10	9	4	7	5	2	2	9	10	10	10	7	9	5	3	3	4	6	3	4	7	8	4	5	3	10	
8	4	2	2	7	5	7	7	5	4	3	4	8	3	8	2	7	7	4	4	6	9	2	5	4	4	1	4	1	2	6	3	8	5	1	1	6	6	5	8	5	6	10	9	5	9	4	2	2	5	9	9	6	4	1	1	3	8	1	8	8	2	9	9	9	2	4	5	5	9	
7	4	9	9	10	7	5	7	8	3	3	10	7	6	4	1	3	9	4	3	5	3	1	5	1	5	6	10	10	8	8	10	4	6	3	1	5	9	1	1	2	1	4	8	2	1	10	9	8	10	6	3	5	7	6	5	7	8	6	10	3	10	1	7	5	10	8	7	8	1	
6	5	8	5	9	4	4	2	2	1	9	1	8	3	7	3	1	8	4	1	10	3	4	10	10	10	8	6	4	9	7	5	10	1	6	6	5	1	3	8	8	5	7	4	4	10	8	7	8	3	1	6	7	6	3	1	7	8	3	5	4	4	1	3	5	4	1	9	8	5	
1	9	10	3	4	4	8	3	2	1	6	3	6	4	6	10	10	5	3	2	5	2	8	9	6	9	4	5	9	7	1	3	4	7	3	4	3	8	9	4	2	4	5	5	2	1	8	2	6	4	9	2	3	5	2	3	5	10	2	1	6	7	7	6	7	8	2	10	9	10	
9	6	5	9	1	7	5	9	5	7	7	10	6	4	5	7	5	10	4	9	6	9	4	9	3	5	3	3	6	3	4	4	6	3	3	5	1	9	2	7	6	6	3	6	3	8	1	7	7	4	5	3	1	9	7	2	6	7	4	4	7	6	1	8	8	10	1	9	10	8	
3	5	8	9	5	1	3	10	6	10	5	8	3	10	3	5	8	3	4	4	2	3	5	10	2	5	4	1	2	6	1	9	7	6	2	4	6	9	8	1	3	9	8	9	9	6	3	1	4	1	7	6	2	7	8	3	7	4	6	9	5	1	4	5	7	8	2	4	3	8	
4	8	3	1	5	4	5	9	9	9	6	6	2	7	5	8	10	8	6	10	4	1	5	4	5	9	8	7	2	3	3	1	4	10	6	1	8	3	2	5	4	7	7	8	7	4	1	1	9	4	4	10	10	5	10	7	8	4	6	4	3	2	7	9	2	6	7	1	7	4	
2	10	8	9	4	2	5	6	8	10	8	6	2	3	8	7	5	7	1	4	8	8	4	8	2	1	5	4	9	6	2	1	10	3	10	5	6	3	3	9	1	10	1	1	8	6	5	6	10	2	6	8	1	9	5	2	8	5	7	4	9	5	4	8	4	9	4	7	8	9	
5	1	6	6	10	6	8	8	6	6	2	10	4	6	4	9	4	3	7	4	10	2	3	5	4	9	4	3	1	2	10	6	5	7	4	9	1	1	3	9	6	9	4	7	5	8	4	1	7	6	7	1	9	2	2	7	5	5	10	2	2	9	5	7	6	6	4	3	4	4	
2	2	7	2	2	4	8	1	1	5	7	1	6	3	4	10	2	6	2	9	5	8	8	3	3	10	8	5	4	2	9	8	8	2	4	6	6	2	5	6	9	7	1	1	1	8	4	5	8	1	4	6	6	4	3	4	4	4	4	5	5	3	8	8	6	4	9	9	7	4	
10	2	9	8	10	8	4	6	8	4	3	8	10	9	2	8	4	8	9	5	7	5	7	1	6	5	4	7	3	2	4	5	6	5	5	7	3	1	2	9	4	1	2	8	4	5	7	2	4	2	1	10	7	2	1	9	10	2	6	2	1	7	2	8	10	8	1	8	8	1	
5	7	10	1	7	7	5	9	6	4	4	7	4	2	2	3	5	10	2	9	4	2	8	10	8	2	8	9	3	4	7	7	5	4	1	2	6	2	9	10	2	2	5	7	2	3	5	2	4	8	2	6	8	6	8	7	6	4	1	9	1	2	3	8	4	7	8	6	2	4	
10	10	5	5	9	3	10	10	4	4	6	2	4	9	6	1	9	4	3	1	7	9	1	6	10	7	3	10	8	8	5	7	4	4	9	9	4	7	6	6	3	5	8	1	5	7	9	2	4	6	4	3	1	6	7	5	3	5	1	10	9	6	4	8	3	3	2	6	6	8	
2	9	8	2	9	4	1	1	9	4	5	2	3	2	8	2	9	6	5	9	10	8	1	4	8	6	8	6	6	3	8	3	4	9	8	10	9	7	6	5	7	8	6	3	3	4	5	5	4	4	1	8	4	2	2	10	5	4	8	8	6	7	2	2	9	5	2	5	2	7	
8	10	4	2	2	10	5	9	7	1	4	6	6	1	4	1	6	2	7	5	10	3	4	8	6	3	6	9	4	4	2	2	8	1	4	2	10	6	7	7	2	3	10	10	5	2	10	1	2	6	4	6	4	7	10	8	3	8	9	7	2	10	3	8	7	2	10	6	6	5	
1	4	2	9	3	5	8	1	3	3	5	2	9	7	8	10	8	6	6	2	4	4	1	10	7	10	4	5	2	1	5	2	6	7	10	10	4	1	3	6	8	6	6	3	3	3	5	4	1	8	9	4	9	2	10	4	10	3	9	8	7	6	2	2	8	1	4	10	3	10	
2	6	9	9	1	3	3	7	1	8	10	1	4	5	8	1	3	8	3	2	10	9	1	6	8	1	8	3	2	7	3	8	1	8	1	5	6	8	9	6	2	6	1	3	4	9	9	6	1	9	10	3	1	8	5	6	8	8	10	9	9	6	2	3	9	10	5	2	3	8	
6	9	10	10	3	3	2	3	3	3	10	1	2	6	2	6	6	6	9	3	4	1	1	2	7	5	9	6	9	3	1	10	7	3	7	7	4	10	6	8	1	7	7	7	5	7	9	3	7	6	10	8	10	10	5	7	6	3	9	10	7	10	2	5	1	9	1	7	4	2	
2	9	3	3	10	6	5	9	4	3	8	4	10	3	10	9	10	6	10	7	4	6	2	1	2	6	3	2	4	10	10	1	6	6	4	3	1	5	7	9	6	8	1	4	1	6	7	9	10	3	9	7	4	1	7	7	9	4	10	9	6	2	9	7	1	5	9	2	4	5	
3	9	3	8	2	7	2	3	10	9	10	7	8	1	10	7	9	3	8	1	6	10	9	8	3	1	4	8	10	4	10	10	1	5	2	1	7	4	8	10	9	8	2	8	8	7	1	8	6	5	3	2	4	8	3	8	4	5	7	4	4	5	6	10	7	8	9	5	8	9	
10	2	4	4	3	6	1	8	4	3	5	9	10	9	1	2	3	8	1	9	7	7	9	4	7	8	7	7	7	8	7	9	6	5	10	9	2	1	1	5	6	2	4	2	1	1	7	8	5	8	6	7	4	7	7	8	4	10	1	5	1	1	1	9	5	10	4	1	2	7	
10	7	6	3	3	10	6	6	9	5	7	9	9	2	7	6	9	10	10	6	10	8	6	3	4	3	1	2	3	2	6	10	6	8	7	6	7	8	4	7	8	6	9	6	5	10	3	3	8	1	4	1	10	4	7	2	7	5	2	6	1	2	7	3	4	1	7	4	5	3	
8	3	3	10	2	9	10	4	2	7	2	6	1	6	3	5	8	2	1	3	3	8	4	2	10	10	1	5	4	2	6	4	1	5	10	8	6	6	5	7	10	10	8	3	3	7	3	3	9	7	1	7	3	3	8	3	6	10	7	2	7	5	10	5	1	2	6	6	7	10	
5	9	5	2	3	10	9	1	10	5	7	1	3	7	10	4	10	8	1	6	8	9	4	3	5	4	10	3	4	2	8	4	6	7	3	7	6	2	10	7	1	3	10	7	10	3	8	3	7	3	10	5	2	1	2	4	10	5	1	3	4	8	2	7	8	10	1	10	10	2	
6	5	2	2	3	8	9	6	10	7	1	3	4	5	9	7	10	7	3	8	2	9	6	6	6	1	9	4	9	4	4	9	1	9	10	8	8	10	9	2	10	8	8	7	10	3	10	5	5	3	5	10	6	4	5	8	9	8	4	2	3	7	2	6	7	7	3	1	9	10	
10	6	1	4	1	6	9	8	3	6	1	9	6	1	6	9	8	9	6	5	10	7	10	2	1	4	6	6	6	1	5	7	3	4	3	3	10	3	4	8	6	1	7	3	5	2	6	2	3	6	3	7	9	8	9	9	1	6	7	7	3	5	4	2	9	4	5	1	10	9	
2	5	3	7	10	8	5	8	8	7	4	10	7	6	5	2	5	6	7	3	7	10	2	5	1	4	7	9	4	7	8	5	10	7	8	10	3	10	2	7	2	9	7	1	7	9	4	8	6	9	6	3	6	4	3	5	2	3	2	3	8	4	3	8	6	2	10	10	2	3	
3	5	2	5	4	5	3	10	8	10	7	10	3	7	10	2	10	7	4	10	10	4	7	9	7	2	1	2	7	10	7	7	8	3	3	9	9	6	9	3	2	4	2	5	6	2	3	2	5	10	9	4	4	4	10	6	6	8	7	10	9	6	10	10	9	9	7	1	5	4	
10	6	10	6	6	6	10	10	3	9	2	3	1	8	2	6	4	5	6	7	8	6	9	7	6	5	5	3	10	10	7	7	1	8	2	2	5	9	7	7	9	9	2	3	2	4	8	2	2	8	6	1	2	5	2	3	2	8	1	7	1	7	3	10	1	7	5	4	9	1	
1	7	4	6	9	9	6	3	9	6	3	2	5	5	8	1	10	10	7	9	5	5	1	5	9	9	4	3	4	5	5	6	7	6	10	4	9	8	8	8	2	8	7	4	4	1	3	2	5	9	9	1	2	9	10	5	1	8	10	6	9	3	3	3	3	10	9	5	6	3	
2	10	4	10	1	6	7	7	2	5	3	9	7	8	10	8	10	3	7	6	2	1	6	3	5	1	5	3	7	6	8	8	8	4	9	1	4	7	4	7	7	7	4	1	1	1	2	4	7	10	5	8	2	9	2	9	7	10	8	3	9	9	1	3	6	3	9	9	10	8	
10	7	1	3	1	4	9	10	7	3	10	2	8	9	6	10	4	2	7	4	8	10	2	9	8	5	2	6	7	10	6	9	6	4	7	9	7	10	7	6	7	6	5	1	4	10	9	9	9	5	9	9	3	10	4	7	9	5	6	5	2	9	3	6	2	1	10	9	5	2	
7	9	10	2	3	5	5	2	10	5	8	6	4	1	6	1	3	9	6	2	3	10	9	9	3	1	4	5	4	9	1	8	5	5	6	1	9	4	8	6	9	2	5	6	7	5	4	2	9	3	2	7	9	6	10	1	4	1	2	1	10	9	9	10	1	10	1	9	7	6	
10	6	10	8	10	9	1	6	4	3	4	1	9	1	8	9	9	1	5	3	6	9	4	4	1	4	10	9	10	1	7	10	2	7	10	10	4	6	6	8	6	6	6	2	3	2	3	3	2	6	2	2	1	2	7	7	2	7	4	6	1	8	7	5	8	9	3	5	2	9	
6	9	6	10	7	6	5	7	10	9	7	5	1	8	6	9	3	10	4	7	1	5	2	8	4	7	8	8	7	7	3	3	2	10	7	2	4	9	9	10	1	2	7	1	8	4	5	7	5	10	6	3	5	3	10	7	10	7	10	7	6	5	7	9	5	9	6	2	6	8	
9	10	4	5	1	5	1	5	6	4	3	4	8	1	6	7	7	5	9	8	1	4	2	6	7	3	6	4	6	10	2	3	8	8	3	6	9	1	5	7	10	2	1	5	9	2	2	1	8	4	5	3	4	9	9	8	10	3	5	2	3	10	7	8	8	6	8	5	9	8	
4	10	8	10	3	5	3	5	5	5	9	1	3	7	4	1	9	7	3	1	2	7	4	2	2	10	10	3	8	3	4	2	6	2	4	2	4	9	6	6	7	4	9	3	9	5	8	3	7	7	9	9	6	9	9	6	6	10	4	10	7	10	8	8	8	9	5	4	6	4	
10	10	4	5	4	9	4	10	3	8	5	3	2	8	2	8	3	8	1	6	10	6	5	9	8	8	10	5	6	4	8	7	2	3	8	10	3	1	10	6	1	2	2	2	10	7	7	1	5	5	7	4	8	9	6	8	7	7	5	1	3	1	3	1	7	4	7	8	4	3	
5	10	2	9	9	4	6	4	2	4	2	1	4	5	5	4	4	9	7	2	7	4	5	6	2	2	2	10	5	3	10	3	3	7	6	5	3	2	1	8	7	8	8	10	9	7	7	6	6	6	5	7	6	8	9	3	5	6	4	3	10	4	9	10	10	4	10	7	9	1	
7	9	5	4	7	2	5	7	8	9	5	10	3	1	2	5	3	9	10	2	2	6	9	2	7	6	10	2	9	6	3	5	7	4	10	7	6	1	10	2	4	5	6	7	3	10	6	7	5	2	3	8	8	9	2	4	4	9	3	7	7	6	8	6	7	1	5	7	4	10	
3	10	8	8	10	4	3	10	2	6	10	6	10	4	8	10	1	10	3	8	1	4	9	9	9	6	2	9	3	10	9	8	10	3	5	10	8	3	9	7	10	1	9	4	6	2	5	8	6	9	3	7	10	7	9	7	1	5	9	7	8	5	2	6	1	9	9	10	9	4	
10	1	4	2	7	1	5	10	10	3	5	4	7	2	10	4	1	7	9	2	9	1	10	9	8	6	4	7	10	6	3	7	9	8	6	4	5	2	8	1	4	10	4	1	2	6	10	5	1	9	4	5	1	2	4	6	4	8	8	9	6	3	3	4	9	9	8	7	8	3	
6	3	5	7	4	6	3	4	1	5	4	4	2	7	10	6	10	5	6	8	6	6	4	9	7	4	2	4	10	1	7	7	1	8	1	5	10	10	3	10	9	9	2	1	6	7	5	2	6	1	1	6	3	4	6	9	3	8	9	5	1	10	4	6	2	4	10	2	5	1	
7	1	2	3	4	6	8	10	3	5	7	6	7	10	5	9	3	8	5	4	3	5	1	2	4	5	2	3	10	4	7	2	1	2	5	8	3	7	4	4	7	10	7	10	3	1	4	1	5	2	4	10	3	8	9	3	1	9	3	8	7	9	4	7	1	8	3	10	3	5	
7	8	9	9	5	5	6	3	3	5	10	6	5	1	10	8	7	2	5	7	6	6	6	4	3	1	6	3	5	8	9	7	7	2	2	7	8	8	7	2	10	2	4	10	9	4	7	5	1	5	1	3	3	7	1	5	7	10	4	9	7	6	10	6	2	7	6	6	6	2	
10	3	3	7	8	3	2	7	2	7	5	2	3	4	3	10	10	4	2	10	6	1	7	6	10	5	10	10	9	1	3	4	7	6	7	6	9	1	2	1	1	9	10	7	9	1	6	2	7	9	7	6	8	9	6	1	7	1	3	7	4	1	5	7	5	1	8	6	4	4	
10	2	4	7	10	3	4	5	2	7	10	10	2	7	9	10	8	6	4	9	10	9	8	7	9	5	2	2	3	2	5	8	7	9	10	2	8	7	1	3	8	8	4	4	3	10	5	7	10	2	8	1	8	4	10	6	10	4	5	2	7	8	7	9	10	8	7	3	5	4	
1	1	10	3	5	7	9	4	9	1	4	10	2	1	3	9	5	10	6	1	1	9	4	5	6	8	7	10	2	9	1	8	7	7	2	8	9	2	8	2	2	8	6	6	7	6	4	6	6	10	9	6	4	9	4	2	4	5	10	10	8	5	4	3	1	2	2	6	10	9	
8	9	8	3	5	10	5	10	7	5	4	8	2	8	7	5	6	5	8	7	4	9	2	8	1	1	10	9	10	4	6	4	2	1	7	10	2	2	7	5	6	4	3	8	4	10	6	3	1	8	6	5	10	5	4	1	9	2	6	7	1	7	6	5	5	8	2	1	5	5	
2	1	3	8	9	8	9	10	1	3	9	2	9	10	1	1	5	3	6	5	2	8	4	6	6	3	6	2	6	2	2	5	2	6	3	4	6	8	8	5	5	1	5	4	9	3	8	2	3	5	7	1	7	10	3	2	4	3	4	8	5	5	6	4	6	7	10	10	7	2	
3	4	6	9	3	8	3	2	2	10	6	9	9	5	1	4	10	9	4	2	4	3	2	8	8	6	9	7	1	2	10	7	7	4	2	9	9	2	6	3	3	7	8	1	6	10	6	4	10	1	1	5	6	5	7	1	9	4	1	8	9	6	7	4	2	10	2	5	3	2	
4	6	1	5	9	5	7	2	4	9	8	10	5	9	8	8	9	6	5	8	9	2	8	6	10	6	2	9	10	3	7	6	5	5	1	6	2	2	4	7	2	9	4	10	7	7	6	1	9	1	9	8	7	9	1	7	8	7	10	3	9	6	2	8	9	9	10	9	2	1	
2	1	6	1	3	10	4	1	7	7	2	4	7	8	2	9	6	6	9	7	4	2	9	10	4	5	8	2	3	1	5	2	9	7	5	8	9	6	8	4	9	9	1	1	2	6	10	2	8	6	5	9	1	8	10	9	5	7	5	10	4	9	6	10	8	6	7	4	5	7	
6	8	3	4	4	6	6	2	5	6	9	10	4	8	5	7	1	1	7	6	4	9	10	2	6	1	7	6	10	8	6	9	7	6	4	8	7	2	10	7	7	1	5	9	9	5	2	2	4	9	7	9	8	4	5	9	5	2	2	6	8	1	7	9	7	2	6	6	7	2	
6	8	6	9	2	1	8	10	2	1	3	4	4	9	5	4	10	1	8	7	4	9	8	4	6	6	3	2	2	8	7	6	2	10	9	3	6	9	5	9	7	9	6	7	8	8	1	5	7	4	7	2	6	3	6	10	9	10	2	1	10	7	7	4	6	10	6	1	9	6	
2	7	8	1	1	1	1	5	3	4	5	10	10	9	5	2	9	3	10	8	1	10	2	1	7	7	4	3	8	3	5	4	6	1	7	9	3	9	4	7	5	9	10	1	8	6	7	7	7	4	8	6	6	1	8	2	4	2	4	7	6	4	1	9	10	1	9	1	6	2	
3	3	10	2	4	9	5	10	1	3	1	10	9	3	5	4	5	8	2	2	3	9	2	4	4	4	6	6	9	7	9	1	8	2	2	4	10	2	7	5	8	5	7	2	4	5	7	4	1	9	2	4	1	9	5	9	8	4	5	10	6	8	2	3	4	5	6	10	10	7	
7	7	1	1	5	9	9	9	9	1	6	1	5	10	9	8	2	1	6	2	4	6	6	1	9	1	9	10	2	2	6	2	3	7	7	5	2	5	4	9	6	1	2	2	4	8	8	2	7	2	5	9	1	7	9	9	6	5	1	1	10	7	4	7	3	2	6	4	3	4	
10	4	3	9	6	3	2	7	9	4	9	10	9	10	1	2	3	4	4	6	5	3	2	2	9	3	5	6	1	7	2	6	1	9	8	9	3	9	7	3	10	6	5	1	5	2	2	9	5	5	10	8	2	6	5	5	3	1	4	2	1	4	8	4	6	10	1	8	1	3	
8	7	3	4	10	2	5	10	8	10	4	3	4	4	2	5	7	6	5	7	2	10	3	6	4	3	8	6	3	2	5	4	7	6	4	7	4	8	8	10	2	9	7	4	3	10	9	5	2	2	7	6	6	2	3	1	4	5	5	7	10	8	9	3	1	8	5	2	1	3	
1	6	5	4	1	3	1	4	10	2	10	9	2	1	4	5	7	8	2	4	7	4	6	10	3	10	6	4	10	9	8	5	3	6	7	2	4	5	1	5	3	6	1	2	9	8	10	5	1	10	10	6	7	5	10	8	8	8	2	4	2	10	5	8	9	7	8	7	1	4	
5	5	3	5	2	5	8	8	10	4	6	7	9	6	7	9	8	8	2	2	6	8	4	3	3	3	9	3	6	2	10	5	10	2	6	8	7	10	9	2	3	9	5	5	5	6	6	7	1	3	9	5	2	8	7	3	9	9	3	10	2	3	1	1	3	2	10	4	6	7	
9	5	7	7	10	6	3	1	2	10	6	8	5	8	1	9	8	1	5	3	2	10	2	3	10	6	6	2	1	9	6	8	4	9	9	8	5	10	10	10	10	2	2	5	4	3	7	3	1	2	10	2	9	10	2	4	7	10	1	1	8	8	3	4	9	1	9	5	7	5	
1	6	8	3	7	4	6	9	10	7	5	1	8	7	4	7	2	4	6	1	6	2	5	2	4	6	3	6	2	10	3	6	7	1	8	10	9	4	10	7	10	7	3	9	9	6	5	6	7	7	10	1	4	1	4	9	4	2	8	2	3	10	5	5	2	7	2	2	4	5	
7	6	3	4	10	2	10	5	2	9	4	3	10	2	9	9	3	1	3	4	10	9	1	3	1	2	3	7	6	10	8	9	3	5	9	1	8	1	9	2	2	9	5	3	9	8	4	4	4	6	8	4	9	1	2	1	10	1	9	10	7	2	2	2	9	8	6	8	2	6	
10	1	6	6	7	7	4	4	6	4	9	8	4	7	5	3	7	9	6	2	8	9	2	3	6	8	7	4	9	6	3	8	8	3	5	6	6	9	2	10	7	10	6	9	10	10	8	8	4	4	10	7	3	2	1	10	4	7	2	6	8	4	5	6	9	9	7	7	5	4	
9	1	9	2	7	4	6	9	5	9	9	5	8	5	1	2	4	3	1	10	2	8	1	10	6	4	4	6	4	9	7	8	2	8	4	7	3	10	1	6	7	9	9	10	4	5	5	3	7	3	9	1	7	7	1	2	9	10	4	10	8	1	5	7	9	9	8	1	4	7	
4	10	3	7	9	9	2	10	8	1	8	5	4	6	8	4	7	6	5	7	10	7	9	2	1	8	1	4	5	3	1	4	4	5	3	6	9	7	10	1	1	6	10	3	4	10	5	7	2	2	1	7	2	6	7	9	2	4	8	7	6	6	9	8	1	3	1	9	3	7	
10	1	9	1	8	3	3	6	3	9	6	4	7	4	8	1	5	9	10	4	6	10	1	1	7	3	4	3	8	2	2	2	4	4	10	5	3	9	6	7	3	6	2	3	5	3	6	8	7	5	1	4	1	8	10	7	9	9	6	9	2	4	6	4	7	1	1	3	6	5	
9	1	5	8	9	1	10	6	10	7	8	2	8	1	10	3	3	2	5	2	7	6	2	6	6	8	2	2	3	5	7	6	10	8	8	2	9	5	9	9	2	3	7	3	9	8	4	10	1	2	7	4	10	3	9	9	10	4	3	10	6	4	8	7	6	6	8	4	7	3	
3	5	1	8	8	4	5	5	6	6	10	10	2	4	10	1	9	1	3	10	2	6	7	4	6	2	10	1	3	4	8	3	1	1	1	1	5	3	1	6	3	7	2	2	6	4	3	2	1	6	2	9	9	2	4	1	7	4	7	9	5	9	7	6	7	9	1	5	2	9	
9	6	1	4	2	9	7	4	5	3	9	9	6	5	3	3	2	9	5	1	5	3	2	1	5	5	7	9	6	2	4	9	7	2	8	6	6	8	1	3	8	10	6	5	6	10	2	10	10	10	7	10	2	5	5	10	9	3	8	2	9	3	5	6	1	6	7	10	8	9	
9	10	5	10	6	3	3	8	5	8	2	9	2	4	1	1	9	9	8	8	8	5	3	4	8	1	5	5	10	4	9	10	6	9	2	7	5	10	5	7	5	3	9	8	2	3	2	9	10	2	6	3	9	8	10	1	4	9	7	4	8	3	8	6	7	4	9	9	7	10	
3	8	1	10	8	4	5	6	10	3	6	1	4	10	2	9	4	4	3	8	8	4	1	3	9	5	5	2	3	9	2	5	2	1	4	6	10	2	1	8	3	5	5	2	7	3	5	6	3	4	10	9	8	2	9	7	9	7	1	5	7	6	5	2	2	3	10	2	8	3	
9	9	4	1	4	6	8	4	5	8	3	6	8	4	9	1	6	10	9	10	7	8	4	2	1	6	1	5	3	3	3	6	5	3	9	1	9	10	6	5	7	2	8	1	4	10	3	3	8	7	5	8	2	1	10	5	4	7	4	9	4	5	1	9	2	1	1	1	2	4	
1	5	4	4	2	3	4	6	3	4	4	4	5	3	3	2	2	5	8	4	7	2	8	1	2	6	6	4	8	2	10	6	9	9	5	4	9	10	2	9	7	5	1	3	9	2	1	1	10	10	8	6	10	2	7	8	2	4	9	1	10	6	8	8	5	5	4	8	2	9	
5	2	7	3	10	3	10	2	10	3	3	4	9	7	7	4	1	2	9	3	8	1	8	4	1	8	6	10	9	7	5	3	3	10	6	2	3	8	3	7	9	4	9	6	2	6	5	7	3	7	6	2	4	7	10	8	2	4	4	2	4	5	7	10	5	5	2	8	4	10	
1	7	1	8	1	10	4	10	6	6	10	8	7	5	7	1	10	9	6	4	2	8	8	2	6	8	3	10	1	7	2	6	6	8	6	5	10	6	9	6	8	10	5	7	9	3	4	10	9	5	1	2	7	5	1	9	4	2	7	8	7	10	10	10	10	6	2	8	5	7	
6	7	3	3	7	2	3	7	8	9	8	2	6	6	10	2	9	10	7	4	3	1	10	5	8	9	8	1	2	2	9	2	7	3	8	7	10	8	9	3	2	3	9	8	9	9	9	5	8	9	8	6	8	9	6	1	4	3	9	2	1	7	3	2	4	1	10	8	3	9	
4	5	3	6	1	7	10	2	3	1	5	9	8	3	1	5	5	9	4	9	7	8	2	9	4	1	9	5	4	2	3	5	3	2	5	6	3	10	9	7	9	5	2	6	4	10	9	4	5	5	5	8	4	10	3	5	1	5	8	9	1	8	10	2	7	10	3	5	2	4	
1	2	9	4	8	9	4	7	1	9	9	2	4	4	1	9	9	8	3	7	4	10	7	2	3	2	6	5	9	6	7	8	8	6	3	6	8	4	1	4	10	2	5	2	9	9	8	10	5	7	8	4	1	4	5	7	2	7	5	6	3	3	10	1	8	5	9	8	9	2	
9	5	9	2	8	3	10	5	4	7	1	5	1	3	8	9	9	6	1	6	8	6	7	4	8	7	7	4	3	9	5	7	6	10	9	1	3	9	8	7	7	7	10	2	10	9	8	7	7	8	3	2	10	10	4	6	7	9	7	4	8	1	7	1	5	1	3	10	10	6	
5	7	2	10	6	4	1	6	4	2	4	6	4	1	2	7	2	10	5	6	8	1	5	6	6	1	10	3	8	9	1	5	2	10	3	10	6	5	10	5	4	7	5	4	2	3	5	3	4	5	10	3	9	3	9	7	6	3	1	10	4	4	10	2	8	6	9	5	8	7	
8	8	3	2	1	5	8	8	3	3	9	1	2	4	6	2	2	8	8	2	4	9	6	10	3	4	4	2	6	1	2	2	7	3	1	3	10	10	3	2	7	7	10	8	9	1	7	4	2	1	10	1	4	7	2	1	6	5	7	4	2	4	4	9	10	6	3	4	2	5	
10	3	2	6	9	4	2	9	8	7	5	8	2	1	4	4	3	10	9	7	10	10	9	8	6	3	2	6	9	3	4	6	8	8	9	7	5	8	1	9	8	8	6	9	4	10	4	10	4	9	5	1	3	1	8	10	2	2	3	10	6	6	7	9	5	5	3	5	10	8	
8	5	5	9	1	5	1	3	8	10	8	5	7	10	4	7	4	6	5	2	3	5	2	9	2	8	8	6	10	2	9	10	10	6	10	8	3	5	10	10	2	10	3	3	8	5	9	7	9	10	8	2	9	3	4	9	7	5	3	2	4	10	8	3	2	4	9	10	3	9	
6	6	8	7	6	7	5	2	7	7	7	5	10	6	7	3	5	9	9	5	10	9	3	3	10	8	3	5	9	4	6	6	4	4	10	4	10	7	10	7	10	3	4	4	1	10	3	4	3	4	10	6	3	5	8	2	6	3	4	1	7	10	5	2	9	9	9	4	10	9	
7	1	7	6	7	1	8	2	4	7	1	4	6	10	8	5	6	8	6	8	7	8	9	6	2	2	2	4	7	10	3	1	9	2	10	10	5	6	3	6	5	4	2	1	6	1	10	10	6	4	7	9	10	1	3	2	4	3	8	5	10	1	9	4	3	5	10	4	8	8	
3	3	4	8	8	5	7	5	7	6	3	2	2	6	3	5	10	1	9	2	4	5	8	1	3	3	3	5	9	4	8	7	2	5	2	10	9	2	8	3	10	2	7	4	9	6	6	3	7	1	5	4	10	3	1	2	2	3	8	5	7	7	3	8	6	6	2	10	2	6	
9	6	6	5	3	7	3	2	8	10	4	6	8	2	3	10	1	1	4	5	6	4	4	7	10	9	8	5	7	7	2	5	5	1	2	8	7	9	3	7	9	1	2	9	3	4	5	6	3	10	8	4	1	6	2	6	8	8	6	8	5	9	5	7	3	8	4	5	10	10	
9	2	3	5	3	3	3	2	9	1	6	8	8	1	8	7	10	4	10	7	5	3	7	10	1	5	10	5	7	10	7	6	3	9	10	3	7	3	7	3	1	8	2	1	2	8	2	4	4	6	1	8	4	10	4	5	6	9	7	8	3	2	4	10	4	8	6	2	7	10	
10	5	2	2	1	9	2	5	5	4	10	3	7	10	5	8	3	4	4	10	9	7	2	2	4	1	4	1	4	8	8	7	6	7	4	4	3	9	4	4	2	10	10	9	3	2	4	5	3	5	4	4	1	9	7	10	3	9	3	6	5	3	4	5	6	8	6	4	2	9	

Stepup times between family, where [f][f] represents initial setup time
On machine	1
25	11	21	35	45	25	50	15	11	49	37	4	13	35	14	44	39	24	14	40	
50	47	26	10	25	42	16	19	46	39	43	28	1	44	28	26	21	37	36	19	
29	18	30	15	12	37	12	9	46	27	25	46	39	12	34	9	35	48	39	44	
27	14	3	42	47	20	25	34	31	25	23	6	14	1	50	48	49	12	29	40	
22	22	37	9	23	31	44	31	29	27	32	17	50	33	40	45	13	49	6	3	
9	37	38	11	1	37	13	11	20	20	44	12	5	11	34	28	24	47	11	27	
45	8	40	14	33	7	25	5	2	47	40	44	44	22	4	48	30	20	10	26	
6	23	25	33	49	25	38	18	48	39	26	41	7	21	10	10	43	12	9	6	
7	20	1	23	22	6	20	5	48	6	24	20	12	22	12	24	2	2	33	6	
13	2	18	16	49	24	49	10	6	6	42	40	17	30	3	40	15	3	32	38	
4	24	42	46	11	46	24	35	1	7	16	9	19	24	4	23	36	6	18	20	
48	40	14	44	30	32	12	43	27	39	21	24	22	29	16	27	40	9	18	12	
2	2	1	43	39	31	30	41	30	20	49	39	2	11	14	43	35	43	28	28	
16	34	35	27	35	3	10	15	4	15	27	13	37	41	50	7	11	12	28	43	
40	9	50	46	42	31	25	26	42	31	21	38	34	4	2	14	2	10	25	36	
46	38	32	4	5	42	10	4	17	14	4	23	37	49	7	2	11	35	21	47	
27	41	6	35	7	15	44	45	22	14	50	46	18	40	34	19	49	17	12	27	
11	43	43	5	13	49	38	49	18	24	32	46	21	1	24	39	41	26	4	34	
20	22	34	23	4	41	26	28	33	26	4	12	6	19	24	15	48	34	48	25	
30	48	12	15	29	42	43	44	11	5	1	29	50	8	36	19	20	47	15	11	
On machine	2
31	42	44	28	34	36	49	28	15	14	41	30	11	27	32	48	2	4	32	47	
23	5	41	37	50	17	41	46	32	24	40	35	27	17	11	20	45	45	17	21	
8	20	10	44	15	31	4	33	5	4	11	16	35	24	22	47	19	41	8	5	
44	1	11	34	34	7	28	48	50	8	41	6	23	24	18	12	7	27	19	21	
19	27	47	44	19	18	4	17	9	6	25	15	49	19	40	13	41	30	4	17	
45	32	7	5	36	42	49	2	50	34	22	20	20	29	22	35	20	32	39	2	
44	36	42	29	43	42	21	2	28	38	15	32	26	36	28	14	29	31	16	21	
22	34	32	4	42	10	39	34	29	27	36	13	4	30	8	31	8	21	41	26	
45	1	15	40	29	41	9	14	48	43	22	20	46	27	19	39	48	42	11	22	
4	41	19	5	40	16	5	2	31	37	8	35	33	35	5	40	7	8	10	18	
41	45	34	46	22	22	16	13	20	15	35	24	34	37	2	6	39	16	16	48	
46	18	15	34	45	48	47	18	31	36	47	14	44	13	15	38	49	18	10	28	
48	18	40	5	19	22	22	15	39	7	14	11	11	14	46	21	11	16	28	12	
23	36	46	22	12	33	20	1	11	40	50	34	26	28	15	35	34	42	9	45	
42	20	17	46	22	17	37	50	8	32	39	45	47	6	38	19	30	4	15	20	
19	11	2	18	30	17	31	24	42	40	1	30	6	48	5	11	41	48	36	10	
20	11	16	8	40	28	28	3	49	24	45	6	50	13	45	44	10	21	38	7	
1	40	46	17	33	14	15	5	24	50	1	19	48	43	28	34	47	47	18	34	
49	10	49	40	31	14	2	47	24	46	4	27	42	29	34	34	34	27	33	23	
17	19	6	38	46	1	26	28	27	44	45	10	14	24	7	9	24	22	14	4	
On machine	3
33	47	2	29	13	8	48	3	20	32	14	4	12	15	30	32	46	46	24	26	
43	10	11	26	10	7	45	48	39	16	18	8	40	24	44	6	40	35	5	37	
41	21	9	39	32	41	4	30	3	20	3	44	4	30	31	4	28	10	12	45	
6	26	3	1	13	32	29	10	7	12	29	15	18	17	31	3	11	33	39	21	
11	39	5	4	50	40	2	38	34	22	39	24	7	11	36	23	18	18	45	18	
6	34	47	22	13	12	17	22	40	39	44	12	40	26	44	12	27	31	17	7	
44	12	33	47	20	31	44	34	33	32	2	44	7	27	32	42	5	20	43	4	
38	2	44	21	47	10	36	32	19	40	22	39	16	10	50	46	2	49	5	49	
11	2	37	28	1	15	6	39	33	9	25	26	10	8	29	33	20	16	40	19	
41	50	5	19	36	21	28	33	34	43	13	47	17	30	15	38	10	9	40	35	
33	39	44	47	18	23	21	48	43	9	44	47	4	18	35	7	7	41	39	22	
9	41	11	23	3	48	17	16	3	23	4	34	15	6	42	37	38	7	45	34	
9	15	17	3	12	16	6	38	2	23	18	16	33	2	2	2	32	30	2	43	
47	29	35	47	41	7	37	39	25	8	50	44	10	8	13	10	43	30	3	50	
28	14	47	10	19	27	34	45	22	40	22	28	40	35	43	39	10	17	31	12	
39	48	10	40	30	26	11	2	22	27	19	9	45	41	39	19	7	13	25	16	
41	1	36	48	31	33	31	50	31	15	8	37	34	12	29	40	23	8	44	3	
24	44	49	12	7	23	28	3	42	34	18	29	48	8	13	49	26	35	10	27	
25	45	16	27	39	35	37	11	43	11	21	37	37	29	6	12	32	2	20	12	
46	48	4	7	41	20	13	15	24	14	50	48	30	27	6	8	25	17	12	4	
On machine	4
17	27	27	44	12	29	36	40	3	31	14	2	47	16	44	22	47	39	2	43	
23	38	4	36	38	11	3	9	7	19	47	27	46	33	4	23	44	9	10	9	
31	31	44	5	3	36	12	11	35	4	3	38	41	44	48	10	10	12	14	8	
12	29	29	26	11	18	40	24	3	1	44	48	31	31	2	29	16	34	12	1	
41	15	36	16	2	26	12	5	48	40	37	2	2	15	12	21	7	34	44	2	
45	24	41	40	12	4	28	3	24	6	32	22	30	40	24	6	16	36	14	42	
41	2	5	8	41	9	32	50	39	10	12	33	6	24	11	1	30	44	38	16	
12	26	48	28	42	34	31	25	28	22	18	14	25	26	30	46	18	35	39	25	
15	25	35	28	31	2	6	32	34	10	11	46	50	47	2	41	39	39	2	27	
11	17	41	5	18	25	6	25	44	37	45	16	38	39	6	13	2	33	4	1	
21	45	11	41	18	6	13	13	50	19	29	26	5	37	37	45	10	10	24	7	
18	43	17	34	44	10	24	48	50	50	12	11	50	6	48	28	36	37	36	20	
38	27	12	38	22	43	38	5	29	5	38	43	36	39	37	7	15	44	7	35	
14	12	25	3	50	32	43	19	11	50	33	31	5	20	49	42	13	21	30	19	
31	48	33	42	37	11	15	46	4	7	44	41	4	22	18	5	7	38	46	14	
36	43	25	27	20	17	15	35	34	6	7	17	39	16	2	13	45	35	31	46	
13	10	48	19	12	15	5	49	17	44	12	33	34	26	14	22	32	25	31	31	
29	32	24	44	17	26	49	45	39	29	15	36	43	26	42	34	26	35	34	9	
49	7	18	24	27	9	33	28	11	30	14	3	40	33	47	37	48	34	44	42	
20	40	41	50	22	18	21	10	40	41	38	37	6	11	4	37	3	50	45	41	
On machine	5
36	26	8	27	27	35	24	34	24	33	35	7	41	4	6	3	34	26	8	24	
38	28	13	13	44	14	27	44	34	22	15	46	16	42	31	43	39	47	12	42	
22	30	22	50	27	38	42	23	24	47	10	42	11	50	12	5	7	34	37	7	
41	2	13	6	44	28	39	7	26	30	42	30	48	47	21	22	22	44	4	22	
20	21	15	6	17	28	1	50	34	41	29	48	10	41	46	7	42	30	41	11	
20	43	30	40	15	18	12	16	18	43	13	42	50	19	22	28	45	46	23	12	
4	30	7	17	4	5	4	29	14	31	1	49	1	3	30	15	50	8	43	35	
15	18	30	18	23	28	18	31	22	34	6	29	28	22	37	16	12	38	11	23	
9	10	7	37	30	41	26	2	45	32	40	1	27	22	43	35	4	7	43	28	
25	26	34	11	31	49	27	38	5	46	34	6	26	21	29	8	26	12	20	12	
18	40	50	41	23	4	7	25	11	2	12	18	26	44	9	23	4	3	32	26	
14	1	25	6	49	49	8	43	45	40	23	2	13	48	7	36	13	35	20	34	
19	45	42	31	48	46	47	12	35	23	11	35	28	27	32	9	41	34	39	29	
21	3	5	46	15	25	46	43	22	5	27	14	24	16	7	17	50	2	21	40	
13	35	33	5	34	32	48	24	6	21	40	40	40	46	41	49	15	35	48	10	
39	8	1	35	37	43	50	23	18	48	41	46	18	7	2	39	14	15	12	28	
28	7	30	15	22	35	35	8	24	50	39	3	5	40	6	30	41	48	22	44	
18	12	1	15	48	19	28	12	37	5	2	23	25	19	4	27	24	24	17	29	
23	25	48	30	42	32	11	49	5	35	23	49	5	10	44	4	44	24	15	20	
17	4	48	27	2	39	8	21	27	10	39	43	11	16	42	28	8	5	1	21	
On machine	6
15	48	21	23	23	26	22	37	38	41	30	9	49	25	29	23	18	21	50	7	
34	30	36	35	7	33	12	50	25	7	7	12	4	22	9	40	19	36	48	49	
33	26	39	28	21	3	15	14	35	1	1	3	7	47	10	28	45	37	31	6	
33	46	10	6	30	36	15	20	10	12	23	38	50	36	27	38	13	31	36	7	
43	45	11	28	16	39	15	46	29	33	10	23	4	5	8	44	47	9	3	42	
34	34	5	17	20	21	35	42	16	1	40	13	32	11	37	24	38	41	37	35	
15	32	13	21	49	30	27	2	46	30	42	33	45	30	18	47	46	49	40	38	
40	30	37	44	44	13	47	43	37	5	8	40	28	21	8	12	41	49	24	38	
42	19	20	13	19	18	3	10	49	11	40	28	42	26	1	9	43	10	33	13	
5	32	29	47	2	47	24	17	33	15	37	47	23	48	11	6	14	5	40	18	
40	35	21	23	30	25	16	14	47	24	32	39	5	9	33	8	1	7	11	11	
12	48	34	35	31	8	19	42	45	47	6	28	46	8	24	13	39	35	33	45	
43	27	36	8	2	4	19	43	38	7	27	36	39	24	8	41	45	23	30	46	
27	36	1	36	31	14	5	30	8	30	23	40	48	34	5	36	10	12	47	28	
35	39	29	44	19	10	11	35	4	33	25	28	12	44	48	26	15	13	3	16	
43	37	22	7	37	36	44	20	29	11	18	36	29	22	30	22	23	15	43	12	
20	26	43	24	9	16	15	25	44	3	28	22	43	24	5	10	23	38	47	46	
14	10	9	5	37	8	23	5	4	24	14	37	27	44	49	39	6	31	39	26	
33	14	37	41	48	9	25	17	43	34	16	45	22	9	29	39	43	19	25	29	
11	2	9	44	3	39	45	39	47	20	42	16	10	30	35	2	24	25	28	37	
On machine	7
48	7	30	1	28	31	12	6	9	34	22	28	49	4	24	29	38	19	19	21	
8	15	42	15	27	2	44	25	48	31	13	5	3	9	5	12	41	38	7	34	
38	22	27	16	13	16	22	15	21	35	45	24	7	40	40	50	18	32	34	29	
43	11	26	20	24	50	37	40	6	33	47	24	37	4	25	48	30	16	48	17	
14	48	40	31	37	31	11	50	48	44	12	30	19	48	38	32	29	30	34	26	
36	2	28	23	27	19	17	9	22	24	22	4	12	15	43	16	23	7	7	33	
3	32	39	29	26	33	31	30	26	42	31	29	11	42	3	41	48	37	36	39	
18	24	46	15	13	10	35	44	15	23	25	49	36	12	50	8	9	26	32	35	
18	15	22	10	11	47	12	31	18	11	17	13	13	40	40	44	48	7	12	25	
27	42	24	23	39	24	8	39	38	1	18	11	33	11	47	39	45	14	30	30	
6	9	13	21	45	37	10	12	44	5	7	24	29	26	44	18	12	17	22	9	
35	10	40	1	2	25	21	34	46	7	29	20	30	10	39	3	36	5	38	26	
2	34	26	27	22	7	37	25	10	22	19	2	39	36	36	10	50	47	19	18	
32	28	29	18	43	48	17	14	6	11	43	17	6	11	50	4	35	25	9	25	
6	13	44	12	5	8	49	32	46	16	13	29	22	7	2	35	37	35	34	23	
28	22	43	15	24	11	16	39	22	23	22	29	13	21	25	9	5	31	48	20	
14	48	8	25	36	29	39	23	31	2	34	9	17	33	21	35	23	44	20	46	
4	24	45	16	24	17	16	34	47	47	48	34	19	49	21	48	24	2	23	43	
17	36	32	1	35	15	35	21	13	31	16	17	29	18	41	38	11	7	40	30	
28	10	23	41	45	22	24	42	32	32	40	20	36	36	16	20	29	6	6	43	
On machine	8
43	42	30	33	12	17	25	40	28	26	11	48	32	45	47	1	2	44	45	46	
26	33	28	29	16	42	6	33	13	4	7	18	14	47	47	4	32	6	21	19	
35	44	48	9	39	35	48	27	15	36	5	38	11	43	4	37	7	31	49	9	
46	18	4	13	25	9	46	42	34	32	47	23	37	18	47	45	12	15	7	1	
16	46	7	28	38	19	17	7	3	3	31	39	21	21	34	39	3	5	15	19	
39	46	4	3	48	43	42	2	18	23	34	22	29	21	29	22	23	44	46	26	
30	50	43	15	20	40	25	40	24	45	21	11	50	13	14	40	31	28	45	13	
12	10	19	10	31	4	40	28	15	41	21	23	19	44	13	24	34	2	37	8	
14	8	34	29	12	21	29	7	14	21	29	23	44	50	45	36	14	37	6	23	
37	42	48	50	1	44	28	13	44	36	27	9	47	19	43	21	3	41	20	24	
14	42	15	26	46	42	1	13	26	5	50	5	47	18	24	20	31	15	1	19	
14	43	9	2	11	16	7	12	34	13	36	44	50	46	21	7	29	49	40	16	
40	27	28	9	11	24	29	9	11	47	9	26	22	46	22	30	1	50	3	12	
41	39	45	36	44	30	23	32	45	33	34	5	14	22	18	43	27	22	9	43	
7	47	30	26	21	42	5	48	37	21	18	49	5	7	20	49	22	40	38	11	
13	1	40	11	33	46	49	5	11	39	16	5	42	15	35	5	43	6	41	28	
40	8	28	43	3	25	20	17	27	46	37	47	36	46	28	47	37	3	42	10	
49	9	36	6	2	1	25	28	30	31	12	11	10	46	44	7	34	8	43	11	
45	29	50	22	19	21	22	21	8	18	28	21	34	7	16	12	23	24	28	39	
20	20	40	21	18	50	14	15	32	25	35	45	46	7	44	39	33	37	14	40	
On machine	9
47	8	28	10	21	26	40	17	31	18	38	36	32	24	2	4	19	14	40	41	
23	25	14	45	1	1	25	11	16	47	44	22	10	11	29	8	19	47	12	19	
40	25	47	29	43	30	34	49	2	20	38	23	28	6	34	31	15	21	15	4	
36	21	4	21	49	2	1	44	27	46	7	2	11	24	36	46	38	41	24	35	
16	34	5	47	50	23	37	19	23	47	22	23	41	17	37	35	2	33	22	4	
2	32	31	48	36	34	21	6	27	17	28	36	23	35	39	47	24	25	16	14	
17	46	7	9	11	12	27	7	2	40	48	20	35	33	21	14	41	30	21	5	
40	11	35	31	29	10	11	43	47	11	9	9	20	17	6	47	27	24	12	7	
43	33	6	41	35	21	19	10	40	9	6	16	9	30	16	33	39	2	23	40	
15	23	30	12	31	22	25	20	18	50	27	24	20	30	32	48	34	30	29	11	
35	2	41	2	1	33	30	10	43	45	37	15	25	30	46	17	18	31	43	7	
16	8	14	4	10	33	1	47	38	12	31	37	29	46	18	47	5	46	14	28	
48	2	18	23	20	40	13	9	3	22	1	1	26	33	31	36	1	3	35	39	
40	19	2	29	3	24	9	22	10	48	38	5	12	8	29	43	26	32	9	5	
36	15	17	19	8	9	38	6	43	29	35	26	42	1	27	48	43	23	15	25	
26	14	22	7	8	41	49	32	25	15	27	9	32	50	2	7	42	18	40	1	
34	40	50	49	44	21	50	31	10	27	37	30	21	28	23	44	32	23	24	32	
48	12	18	8	31	22	31	28	2	39	28	41	37	48	5	39	45	49	18	14	
40	25	48	15	9	8	25	14	48	18	25	26	39	38	44	41	20	4	20	42	
33	35	16	39	9	38	22	17	45	41	46	38	39	42	21	38	3	24	23	33	
On machine	10
37	14	48	21	40	17	50	48	37	8	10	6	30	28	35	12	33	43	24	13	
34	35	12	50	38	26	12	44	39	17	32	45	40	18	41	14	44	5	46	24	
3	11	20	14	10	38	7	10	44	23	1	43	33	25	7	46	33	18	34	24	
49	19	25	48	14	3	43	41	25	35	25	44	41	50	12	45	45	3	13	46	
42	40	16	22	4	35	11	28	32	4	14	44	6	47	38	1	3	18	50	49	
48	19	48	47	18	2	25	40	24	14	15	40	35	6	30	49	45	38	37	24	
39	23	46	50	21	13	50	22	50	27	40	36	44	1	6	15	13	27	20	12	
35	6	21	50	20	23	44	37	38	16	23	33	1	48	24	16	32	24	35	40	
12	27	38	27	38	35	18	3	13	7	5	31	28	35	49	7	1	42	25	2	
44	5	39	49	21	47	38	11	27	3	1	37	28	8	18	44	32	37	41	1	
17	10	14	45	49	37	34	13	24	22	20	8	35	30	32	19	37	18	29	41	
12	48	32	28	8	26	21	40	26	42	11	22	45	34	31	34	41	46	8	13	
40	8	25	3	48	33	35	27	6	9	30	20	11	19	27	2	7	19	16	2	
7	44	15	10	16	11	21	46	50	26	32	12	50	19	10	32	45	44	23	28	
50	36	43	9	50	47	35	28	17	37	38	11	1	32	9	1	16	2	32	50	
38	33	29	28	13	7	28	33	29	24	1	26	1	48	30	37	42	11	5	31	
46	5	27	19	4	13	39	33	41	36	32	27	46	24	5	5	25	45	9	37	
36	36	13	10	13	40	39	22	20	30	48	17	1	18	14	31	20	44	10	50	
26	8	25	35	17	32	27	36	25	4	33	37	38	40	27	28	1	4	20	4	
43	12	34	47	42	23	7	7	12	49	44	29	40	22	27	48	36	30	3	46	
On machine	11
12	3	30	50	31	47	6	44	19	44	20	6	19	19	24	48	27	25	13	50	
26	24	27	1	34	29	3	4	37	19	21	37	47	19	9	49	18	30	20	21	
30	42	48	37	18	42	8	42	33	40	1	13	1	42	16	40	6	37	43	34	
15	26	6	31	43	12	39	19	13	5	24	44	44	3	5	25	30	23	24	27	
35	25	33	11	1	9	14	14	27	41	44	31	38	16	16	46	9	10	15	11	
31	17	7	42	47	34	20	35	3	9	27	15	39	46	40	2	39	30	5	8	
45	10	4	14	45	39	33	36	50	46	1	42	29	47	33	5	25	49	46	20	
22	27	37	45	1	46	10	7	34	34	25	44	37	21	9	37	47	23	22	18	
24	10	40	2	1	35	31	18	40	38	48	7	39	31	7	16	16	39	49	25	
39	31	29	10	40	46	4	5	50	12	13	50	12	21	7	32	1	30	5	11	
37	37	31	11	6	28	31	13	30	46	30	3	11	12	46	46	48	16	43	18	
33	40	30	45	5	49	21	48	8	41	47	3	22	37	13	15	11	49	7	26	
37	17	39	33	6	35	40	11	11	48	38	18	17	5	43	10	2	40	28	3	
21	31	22	33	36	28	27	27	35	42	1	31	32	43	49	20	1	21	48	25	
22	4	3	22	14	27	33	31	33	42	22	42	11	43	35	46	10	18	21	40	
28	30	41	17	3	30	48	23	25	19	6	28	15	36	31	48	9	3	32	44	
44	19	18	37	36	26	12	17	29	1	26	30	22	9	44	3	21	38	33	23	
16	1	21	3	45	9	23	16	18	39	8	7	46	12	8	26	10	41	20	44	
14	31	44	32	17	1	31	13	5	8	35	8	30	15	6	22	5	18	15	44	
33	28	31	28	27	20	32	16	15	46	2	16	3	15	47	9	2	9	32	24	
On machine	12
48	47	25	42	34	11	8	49	32	47	12	2	35	41	24	26	40	23	38	35	
11	1	40	11	23	30	3	40	33	47	24	12	36	19	7	10	18	49	15	1	
8	27	18	43	20	47	45	39	39	27	22	32	6	45	3	3	33	44	39	3	
34	48	43	32	31	35	25	29	21	23	9	29	12	47	27	4	34	41	6	6	
4	35	8	28	17	46	3	15	48	20	24	2	42	18	17	31	8	47	49	25	
42	1	24	9	19	19	45	17	39	28	17	40	43	1	9	6	33	29	4	30	
50	34	46	31	37	41	16	28	38	50	32	17	20	39	33	15	40	18	23	40	
38	6	34	43	40	21	30	13	46	49	4	25	43	33	44	1	13	37	4	3	
42	43	11	20	42	42	43	47	9	6	28	28	22	22	10	15	9	29	41	21	
35	17	31	23	31	40	11	40	33	48	26	31	38	15	9	10	25	16	50	38	
9	36	46	40	7	14	31	14	48	37	3	49	24	7	45	46	48	21	44	39	
12	40	45	42	17	5	49	19	31	24	21	36	41	26	2	22	5	26	29	3	
30	7	49	25	5	44	25	32	7	19	15	45	39	20	38	13	3	34	26	35	
30	36	37	8	39	38	27	49	27	33	46	2	42	31	20	50	12	16	28	19	
35	23	6	41	4	27	6	22	26	35	2	36	17	39	10	17	21	14	38	40	
36	31	49	13	19	28	7	30	25	19	44	19	9	43	40	24	50	1	28	34	
4	20	15	14	25	50	47	39	18	38	46	50	41	35	26	20	34	23	36	36	
29	8	16	50	48	7	38	5	32	41	34	8	11	3	19	47	2	22	29	32	
40	38	21	1	32	27	14	9	9	28	12	4	32	2	17	33	42	26	18	8	
17	21	17	14	17	42	14	22	45	46	48	18	29	32	5	8	42	42	2	41	
On machine	13
9	4	35	3	23	21	19	5	28	13	32	16	46	32	12	43	8	25	39	17	
17	41	3	42	40	46	18	16	50	6	35	2	34	27	2	10	30	12	18	23	
7	20	43	27	23	36	17	47	3	42	17	45	45	39	45	29	20	5	50	44	
9	39	3	49	26	20	2	29	44	46	10	5	21	34	48	27	37	40	35	33	
5	5	42	22	3	27	50	21	14	9	42	14	14	28	23	14	18	33	50	48	
40	2	1	46	35	32	40	37	41	23	34	1	21	17	47	31	5	39	22	44	
11	27	5	1	23	11	5	18	27	43	28	47	10	31	32	13	26	26	5	23	
37	46	16	40	20	15	19	46	34	32	21	42	46	30	14	13	16	27	9	21	
28	6	40	22	40	41	17	44	49	7	9	48	44	41	34	46	47	49	7	12	
28	49	3	43	5	19	35	24	5	5	45	13	23	15	3	39	20	24	48	39	
24	18	20	16	11	25	4	42	12	48	15	37	13	14	5	46	22	36	34	42	
1	35	9	49	28	34	20	44	14	4	19	11	8	1	33	27	4	11	38	14	
46	6	31	41	2	19	26	15	34	47	11	13	12	19	12	40	46	41	8	11	
47	36	18	44	8	27	14	37	43	46	26	2	21	45	13	40	41	47	22	16	
10	39	4	32	47	48	28	43	38	30	20	1	2	22	33	20	6	20	3	27	
45	35	33	2	6	24	8	27	33	29	4	30	5	9	34	17	8	50	19	31	
34	25	8	32	30	31	8	10	12	24	18	34	39	41	5	49	40	49	39	28	
18	37	34	3	37	27	2	8	31	28	12	12	45	24	37	39	21	23	13	47	
6	9	30	49	46	21	19	29	6	33	33	36	25	46	29	37	8	31	15	11	
23	19	24	10	11	46	23	43	50	14	10	39	30	47	25	24	49	19	21	5	
On machine	14
2	42	16	45	16	2	48	40	1	24	11	9	12	25	20	44	13	23	30	11	
38	41	33	24	31	42	34	38	35	32	40	33	25	32	23	33	23	47	4	16	
35	39	43	42	24	46	16	2	48	44	32	2	12	9	43	10	7	14	31	16	
44	47	21	35	35	38	18	12	2	50	43	7	26	32	28	31	33	11	9	9	
40	40	39	33	21	32	22	8	23	2	46	9	10	48	29	29	17	35	32	41	
27	1	27	12	49	13	11	7	6	18	38	21	49	26	15	1	24	34	47	41	
38	33	17	22	27	30	37	44	37	26	30	40	19	8	4	50	34	27	16	15	
45	46	1	30	20	4	46	31	44	9	24	49	13	33	3	32	44	15	3	46	
8	47	17	38	23	13	29	44	25	11	5	50	36	22	44	8	39	15	26	41	
24	22	39	5	2	9	45	23	11	7	16	22	10	17	48	25	21	44	41	28	
10	46	2	37	29	5	22	49	20	23	39	11	26	16	17	27	26	11	40	37	
7	25	11	16	24	25	21	3	31	16	46	28	39	3	50	45	11	45	2	41	
36	34	35	38	41	25	32	8	17	15	36	26	28	37	19	34	19	35	23	18	
30	12	23	19	48	44	42	10	35	5	48	3	16	27	49	7	15	42	46	14	
13	15	25	11	16	24	33	48	18	48	4	23	16	48	24	34	48	21	12	16	
13	25	25	16	11	13	11	28	6	23	19	35	40	47	24	11	38	30	8	49	
23	17	47	7	22	23	2	12	32	14	9	16	49	27	32	38	30	5	16	3	
5	36	5	9	21	23	37	25	15	43	31	45	10	8	35	29	4	42	27	3	
9	43	24	16	23	15	36	14	30	34	16	29	48	34	50	50	12	37	42	1	
35	8	31	26	3	5	31	30	47	29	39	18	38	29	27	24	30	7	49	4	
On machine	15
34	40	5	32	37	47	28	16	46	42	45	49	47	1	2	44	18	34	46	42	
25	24	41	6	17	11	36	30	33	23	34	26	27	35	47	5	1	22	14	2	
17	29	18	41	31	20	45	40	39	47	23	13	33	13	29	23	39	42	38	42	
9	35	1	16	24	28	36	43	12	11	2	13	10	18	28	19	37	40	45	5	
24	25	15	16	31	8	20	8	48	12	46	45	1	24	8	20	26	1	24	22	
46	23	44	48	20	14	20	25	44	32	26	28	24	6	7	41	31	43	50	44	
38	34	36	42	11	7	26	40	29	38	5	16	2	28	43	42	3	1	21	10	
32	9	29	31	39	42	32	22	31	45	46	12	35	29	10	48	33	28	36	21	
14	14	40	31	39	40	24	28	19	32	29	10	15	42	35	24	45	19	12	39	
3	47	44	17	11	29	40	4	30	25	1	21	10	45	50	40	33	7	21	19	
14	40	15	4	49	45	16	38	14	29	41	41	15	26	15	1	33	4	44	39	
23	41	24	50	34	19	15	12	12	7	48	8	18	31	9	11	29	5	45	37	
9	20	44	41	33	1	6	19	12	1	5	3	38	44	16	46	31	15	31	38	
14	48	31	14	23	38	40	25	15	17	8	19	50	50	37	17	15	20	48	48	
12	43	33	27	15	37	3	38	25	46	29	26	37	28	28	44	32	4	33	46	
23	46	16	7	17	42	43	50	49	14	50	1	50	6	49	30	2	35	32	21	
20	11	30	2	1	26	46	30	4	14	41	30	21	13	12	28	45	47	7	41	
20	45	26	25	40	49	24	17	15	26	44	18	39	49	23	47	10	29	31	8	
14	13	41	13	4	50	12	2	38	37	39	11	43	47	34	5	46	22	44	3	
34	28	49	18	6	11	42	13	14	10	40	49	10	41	12	50	41	41	25	45	
On machine	16
35	41	9	33	38	36	21	36	26	38	37	21	2	9	49	9	24	42	26	20	
19	11	27	17	4	7	33	38	34	24	12	7	16	15	12	16	2	33	11	47	
10	24	44	7	18	2	4	29	10	42	23	20	12	17	5	37	49	8	12	26	
28	33	1	14	34	12	46	43	12	13	8	34	31	39	13	47	19	47	10	38	
1	35	45	27	27	26	50	9	47	39	31	11	25	5	34	36	29	50	4	33	
41	44	36	39	34	2	43	30	4	36	4	23	9	50	42	10	3	42	26	22	
14	14	34	25	10	16	19	44	7	36	1	25	19	18	32	10	24	9	15	31	
12	47	15	44	32	40	43	11	21	4	39	12	16	27	16	43	17	16	49	17	
34	17	27	30	38	26	3	8	3	42	45	36	42	8	2	25	31	15	17	35	
14	24	38	5	46	15	47	43	47	25	27	19	41	32	41	9	8	47	23	12	
50	5	38	16	16	1	26	43	38	1	14	37	41	38	16	15	18	47	27	40	
11	34	7	30	22	7	47	41	45	2	11	19	32	47	12	15	4	21	20	45	
37	2	18	46	35	22	7	12	30	41	44	27	16	31	40	3	48	33	26	50	
49	50	16	43	34	20	27	11	22	45	19	1	27	6	10	23	48	29	34	43	
18	47	40	30	12	48	45	12	32	12	9	17	6	24	48	19	43	44	5	1	
42	25	11	11	36	4	35	20	14	21	27	34	29	35	10	3	11	49	28	49	
10	46	9	39	50	12	3	47	48	7	18	17	3	44	11	1	47	14	41	28	
15	34	4	23	9	28	41	41	37	14	17	43	20	11	5	23	7	44	46	1	
6	45	9	14	25	39	45	26	47	10	26	47	31	6	29	38	27	4	27	42	
25	43	29	34	32	30	20	2	9	14	2	22	47	3	15	33	41	37	50	33	
On machine	17
37	45	44	45	21	37	32	8	32	10	27	46	23	13	24	2	34	3	41	30	
40	5	15	42	45	2	16	19	48	5	42	33	49	46	12	45	4	30	19	22	
7	28	25	47	29	11	34	20	25	36	35	14	12	1	19	30	46	42	22	1	
46	8	35	50	24	27	23	26	40	37	35	5	24	50	28	29	15	30	42	10	
46	11	43	16	13	2	19	39	34	46	40	44	30	20	26	22	6	48	30	35	
43	30	21	38	5	1	10	14	10	45	35	24	20	1	11	7	16	12	38	8	
37	38	37	37	16	23	20	34	31	16	42	24	41	34	19	17	27	41	50	16	
7	37	4	34	21	34	31	45	12	6	39	3	2	28	18	8	6	3	39	20	
46	42	4	16	26	42	37	30	26	48	6	33	37	31	10	14	1	34	32	43	
49	40	32	46	16	6	1	30	22	19	32	44	31	46	21	22	33	38	27	39	
37	26	1	20	31	47	40	2	27	30	23	49	11	5	20	2	11	13	50	11	
6	34	41	35	33	19	15	13	36	3	35	48	20	34	32	23	18	8	27	43	
34	48	12	36	35	46	12	28	22	39	40	35	19	45	45	28	31	50	8	19	
49	12	6	19	49	50	5	40	45	26	18	43	30	15	18	47	22	2	22	25	
15	23	11	5	4	45	3	38	45	10	38	37	16	18	11	12	30	48	40	34	
20	49	20	48	38	22	9	1	34	4	37	4	12	23	22	17	6	10	29	12	
47	29	28	38	40	3	19	42	31	49	28	8	29	11	30	48	50	4	10	29	
34	10	1	36	5	16	22	48	33	34	14	13	5	25	43	44	44	38	34	15	
44	38	18	37	29	10	40	37	9	28	38	27	39	44	25	32	6	13	45	41	
1	21	29	8	3	4	25	19	39	31	16	7	3	24	50	39	42	35	12	4	
On machine	18
41	3	29	26	40	33	35	28	15	34	39	37	42	7	47	16	37	33	5	3	
40	50	22	16	36	1	32	18	34	8	18	36	13	1	24	5	38	43	23	50	
39	44	19	41	18	28	45	32	14	6	33	21	26	45	36	9	18	18	36	17	
29	38	45	49	9	32	48	37	44	11	23	35	9	37	9	16	9	47	7	3	
41	49	43	35	34	1	25	38	44	27	23	43	3	43	20	3	30	47	39	3	
18	24	48	4	29	40	40	17	5	28	45	10	17	26	33	24	10	40	31	29	
18	29	8	34	48	23	33	48	23	11	25	8	22	29	23	49	40	47	45	36	
36	34	16	47	8	44	22	32	11	48	23	48	50	9	14	44	35	47	32	4	
44	4	39	1	7	33	2	39	11	41	37	33	22	37	1	24	23	40	9	21	
24	22	16	27	13	18	7	15	42	48	49	5	17	27	23	26	21	17	45	9	
26	12	24	32	48	30	41	25	17	1	42	27	33	34	37	1	15	24	3	12	
23	19	18	5	39	47	2	2	47	45	18	29	33	48	13	25	28	34	27	32	
24	23	2	5	43	31	35	44	15	39	48	29	42	36	50	12	49	29	30	2	
45	4	2	34	17	22	49	43	44	10	39	24	32	5	29	37	18	6	16	17	
33	17	23	37	49	39	6	50	40	30	25	3	3	7	27	42	47	10	45	30	
24	2	50	43	34	23	15	30	8	33	8	27	7	26	13	11	32	12	29	35	
29	42	33	37	21	48	20	37	7	4	24	27	3	40	24	22	47	47	7	15	
2	10	23	34	25	50	10	36	13	31	32	45	36	31	12	25	50	46	14	19	
17	26	24	13	32	41	10	36	28	47	39	40	8	38	12	33	41	7	42	24	
9	50	5	38	36	25	40	24	22	19	50	38	35	37	49	2	37	8	45	48	
On machine	19
38	3	35	10	22	43	1	50	48	2	11	6	44	18	33	17	4	44	15	3	
15	49	40	48	28	34	13	34	21	38	1	31	17	13	23	25	10	17	8	26	
26	27	47	6	29	50	42	2	11	9	50	48	18	27	10	35	6	3	11	49	
45	27	31	32	48	13	46	1	22	37	19	29	50	18	47	45	1	11	12	34	
31	32	36	38	26	34	43	30	42	35	46	7	34	3	45	32	7	16	41	34	
20	34	21	35	44	24	50	18	23	17	49	15	50	13	20	11	15	17	1	45	
18	34	39	13	39	2	28	30	39	13	22	49	47	14	11	19	37	15	12	18	
36	23	21	44	6	17	48	1	39	45	27	24	37	21	47	14	30	3	5	47	
50	6	32	32	39	14	13	25	33	47	25	41	46	30	1	46	39	30	21	36	
30	39	8	36	49	38	15	29	32	46	21	32	43	23	21	11	3	37	1	46	
8	19	41	49	4	35	48	20	50	26	2	27	45	16	32	4	30	1	45	27	
40	50	39	28	32	2	35	10	15	42	18	1	18	8	48	17	5	1	17	16	
1	35	41	45	39	35	14	9	42	27	12	19	6	47	45	22	33	30	26	16	
14	21	18	17	50	6	28	26	16	24	35	15	3	45	14	5	14	2	32	30	
15	7	44	33	50	19	40	46	44	42	32	48	4	45	28	31	18	28	9	36	
12	47	35	33	1	2	36	26	25	33	35	24	16	16	29	6	26	21	1	21	
15	39	38	34	42	4	1	37	5	20	6	44	6	39	45	30	21	3	6	10	
24	18	23	38	13	37	24	7	49	47	15	41	21	32	26	28	40	31	49	45	
43	22	8	20	34	26	36	29	33	39	18	11	33	37	5	28	11	26	17	3	
40	48	17	13	22	49	29	28	18	24	41	25	49	9	12	29	41	2	14	27	
On machine	20
6	28	25	28	41	40	9	30	22	36	46	35	15	10	48	42	6	20	28	23	
16	23	23	50	25	25	40	28	33	4	16	37	10	3	46	41	29	33	30	17	
2	24	48	37	39	47	22	28	32	27	38	25	19	5	44	36	34	38	50	39	
9	44	19	38	34	40	26	21	33	23	34	6	50	14	20	5	14	48	35	41	
40	35	19	15	10	7	33	20	4	6	39	45	32	20	40	13	26	31	33	27	
42	10	14	46	18	50	29	14	40	22	32	25	21	29	46	35	28	16	7	2	
29	31	34	29	12	13	27	14	3	30	5	16	16	12	27	46	34	39	6	39	
24	24	3	8	25	42	4	7	48	37	21	21	16	37	20	42	37	49	18	11	
35	12	43	41	9	7	23	31	36	42	41	36	29	41	49	33	29	47	26	10	
6	47	13	25	19	41	44	3	8	35	50	9	35	26	38	49	3	42	31	36	
17	40	1	20	37	34	37	24	48	48	44	18	17	15	7	31	31	47	8	49	
23	5	17	21	18	48	37	23	24	6	33	31	40	40	24	36	11	31	39	14	
2	31	3	11	9	8	33	7	45	22	48	28	19	32	25	47	16	36	21	49	
22	48	37	37	15	20	30	48	39	5	34	3	7	8	16	20	12	15	33	9	
46	23	2	29	35	27	10	11	41	33	39	9	24	18	44	13	42	48	28	20	
43	34	20	39	4	35	35	9	23	36	40	48	25	35	6	48	47	26	2	17	
24	19	32	2	8	4	36	37	25	6	33	3	33	47	25	47	46	28	25	28	
42	20	50	32	50	49	9	37	43	14	13	11	24	42	29	13	4	4	22	16	
33	16	28	2	42	7	23	33	35	2	33	49	41	32	48	36	46	29	40	39	
8	25	49	1	24	28	6	15	25	31	4	41	25	14	44	18	3	22	21	35	
On machine	21
26	35	12	26	48	39	48	43	28	28	28	20	11	9	32	15	23	2	39	48	
13	44	20	39	10	45	49	47	49	23	33	10	50	46	42	19	27	47	6	47	
10	42	5	7	45	42	11	28	10	28	50	39	25	9	33	19	37	45	47	23	
17	11	4	4	17	30	50	21	48	10	31	15	38	8	30	39	45	33	48	23	
37	20	47	9	17	46	4	17	27	9	25	7	28	41	20	33	16	43	45	6	
8	20	42	39	43	38	2	47	46	41	42	20	6	37	31	22	18	31	40	32	
37	50	44	17	7	37	13	47	45	40	1	45	37	14	33	2	1	36	39	33	
32	4	48	25	43	21	49	49	46	14	45	7	22	19	5	35	49	34	47	40	
17	17	43	33	41	18	19	20	18	35	8	2	18	15	8	32	36	25	42	47	
22	22	47	50	6	26	2	45	5	4	19	34	47	38	26	42	8	7	50	50	
41	7	43	23	37	37	11	16	50	35	26	21	11	13	5	44	27	31	12	39	
27	30	50	48	44	40	17	29	42	21	36	2	2	46	13	23	10	8	40	13	
45	5	44	13	40	31	40	2	44	42	47	4	11	43	15	40	48	13	17	33	
30	28	12	41	43	21	45	22	36	44	10	21	13	17	48	14	30	36	5	31	
50	7	34	16	17	31	37	23	35	33	13	28	48	24	31	18	31	25	29	43	
32	46	30	29	15	46	42	4	6	29	35	23	48	47	10	10	42	42	35	9	
48	35	14	48	16	36	21	44	35	7	7	30	23	16	30	48	1	1	9	48	
5	11	29	38	46	24	26	38	49	18	32	48	21	43	10	36	24	5	12	20	
22	48	40	35	44	24	17	11	4	47	1	25	24	1	41	39	43	45	17	44	
6	45	45	45	48	6	30	12	4	44	7	10	17	22	21	29	14	8	17	23	
On machine	22
43	5	5	28	2	29	38	2	39	2	2	32	45	39	41	31	14	18	32	26	
30	23	39	45	25	37	22	7	26	36	48	34	36	19	19	35	25	41	2	33	
35	2	45	30	17	34	14	33	15	46	9	5	5	30	6	29	29	44	31	41	
34	31	22	14	14	29	4	20	28	16	31	25	4	27	49	50	22	14	26	1	
27	32	35	10	46	48	3	47	41	19	36	31	22	26	24	31	12	36	44	48	
22	10	3	38	2	20	22	23	12	8	1	16	39	17	30	18	49	44	18	36	
3	13	36	10	20	49	19	29	17	11	8	36	31	18	14	22	23	30	1	7	
14	15	23	28	37	9	12	14	5	35	19	49	10	28	46	21	27	10	6	42	
43	49	50	21	4	7	5	31	36	27	39	22	28	25	1	16	36	7	10	1	
24	32	3	32	33	15	14	42	2	23	11	31	46	42	37	22	20	28	10	25	
33	22	38	13	1	1	41	24	10	27	21	12	27	50	46	28	46	19	31	18	
47	33	9	49	25	36	39	27	41	21	25	49	48	18	4	11	25	7	48	32	
25	27	27	20	29	32	16	23	35	43	4	33	2	42	5	15	20	11	33	46	
25	10	13	7	15	8	6	22	46	46	3	18	34	11	34	37	21	12	23	6	
33	47	40	23	13	46	31	47	14	48	19	50	40	11	39	6	17	25	14	30	
18	30	30	48	24	12	35	11	37	17	8	20	32	23	23	28	50	26	30	10	
6	8	43	39	29	18	17	2	21	12	46	18	21	15	24	25	38	48	31	41	
47	29	8	32	19	15	3	20	34	39	45	36	43	29	2	34	7	24	43	17	
38	20	28	29	40	43	3	45	21	24	11	13	24	25	24	2	21	27	50	22	
6	13	10	40	36	13	28	28	45	18	26	32	19	13	23	5	12	19	7	32	
On machine	23
26	1	41	25	27	39	11	7	1	43	31	4	49	25	6	47	22	42	25	31	
8	21	23	32	27	24	12	47	49	31	35	24	2	38	42	14	37	23	19	6	
37	39	48	4	15	40	47	4	17	41	39	5	43	16	45	45	3	32	32	33	
42	24	4	35	34	37	16	7	32	25	40	9	35	6	30	40	2	18	41	17	
13	13	50	19	45	21	35	13	36	27	2	7	14	31	46	9	16	49	22	11	
29	39	28	30	50	14	47	43	41	34	12	10	16	36	5	14	4	16	17	1	
39	35	26	4	13	26	34	15	21	37	46	16	34	7	5	45	47	15	9	38	
3	12	23	1	22	42	26	41	1	16	20	3	11	24	43	14	15	20	32	22	
44	38	47	9	4	43	12	3	49	9	29	13	6	12	38	31	41	37	39	46	
47	9	44	45	7	32	46	6	43	34	37	43	39	11	18	29	45	21	14	1	
32	27	22	50	43	28	30	35	42	21	13	27	30	11	31	1	28	45	36	38	
33	40	26	22	1	3	1	50	8	36	45	36	37	42	32	48	6	34	1	1	
14	38	41	7	15	17	25	11	30	31	27	6	47	20	22	23	11	10	29	39	
32	30	19	36	49	39	26	35	50	4	11	46	35	4	42	50	8	32	21	24	
7	8	45	40	29	50	8	43	34	9	33	26	43	18	13	19	20	4	45	24	
27	21	11	38	17	30	50	49	13	35	4	48	50	6	37	17	16	24	45	28	
11	38	6	24	11	27	47	27	47	14	38	14	43	1	21	50	44	33	5	46	
42	10	36	38	36	36	38	22	28	22	29	44	47	40	37	20	37	26	21	14	
27	28	34	24	14	47	15	31	38	2	29	6	41	20	2	10	34	33	48	47	
33	2	46	41	20	1	42	7	28	29	24	2	25	34	33	34	13	16	34	23	
On machine	24
25	6	23	15	31	46	13	11	26	8	30	9	27	46	48	27	26	47	29	26	
42	43	48	36	47	22	41	8	5	19	44	50	12	14	14	15	50	15	42	7	
34	45	50	39	48	22	44	10	38	44	32	44	27	33	27	18	42	34	41	37	
10	23	6	33	38	34	35	16	16	40	2	37	29	42	9	13	21	38	47	43	
3	8	50	36	29	6	17	17	18	35	12	14	1	18	30	40	41	5	20	49	
6	43	36	27	14	30	17	30	40	2	10	25	18	6	22	41	44	34	44	31	
27	13	20	11	33	19	6	4	19	36	44	20	27	13	16	17	39	49	21	29	
34	48	44	30	44	37	28	1	14	33	9	48	33	11	28	46	44	48	21	28	
38	7	43	43	34	27	19	4	1	11	22	34	49	14	5	25	16	14	34	41	
16	9	17	38	20	7	45	20	22	27	17	1	11	50	8	37	4	3	37	48	
35	44	29	27	28	20	13	26	23	14	26	32	14	37	32	14	28	4	3	21	
7	46	43	18	10	26	34	11	49	45	26	43	38	7	1	33	2	9	29	35	
23	17	18	23	24	28	4	14	48	24	20	49	42	23	29	8	3	45	30	47	
29	48	21	33	14	23	29	31	42	31	7	9	18	13	43	48	20	31	26	17	
50	30	35	22	31	38	4	13	14	24	41	30	36	49	32	39	49	42	15	5	
45	23	25	31	13	3	22	49	48	6	14	17	17	32	41	18	50	22	49	47	
15	28	34	29	11	31	47	39	3	15	4	40	5	14	39	7	39	9	15	40	
36	39	47	39	5	25	22	40	9	11	43	37	48	29	13	32	12	15	9	33	
24	34	2	14	22	9	32	3	35	26	45	2	22	36	13	10	27	43	37	37	
28	7	16	7	19	9	35	6	22	35	38	17	14	12	34	12	39	6	40	21	
On machine	25
1	46	39	24	15	1	24	45	23	28	24	30	42	4	37	39	16	6	3	15	
16	49	12	3	49	47	49	49	12	26	35	45	33	50	31	12	3	47	9	14	
14	9	40	15	43	27	1	9	46	31	47	29	13	20	28	31	21	6	7	37	
33	29	46	35	16	19	38	3	16	14	5	33	17	31	16	13	33	41	17	10	
13	32	45	38	7	27	32	16	8	30	44	18	11	17	32	2	3	19	49	3	
35	41	37	43	42	48	2	4	3	6	46	48	41	3	26	23	50	7	32	33	
25	25	48	26	33	30	50	17	42	11	11	9	26	36	19	35	42	21	31	20	
24	37	35	29	46	10	47	17	41	35	29	44	33	33	11	44	39	49	31	32	
25	12	5	14	6	19	49	47	46	49	25	42	22	29	5	50	9	3	9	39	
1	6	36	13	23	40	4	41	27	22	5	23	29	8	28	9	23	32	14	15	
44	26	35	38	32	33	27	48	47	25	50	15	31	25	29	15	7	12	2	45	
22	13	3	48	13	31	1	37	40	44	12	3	21	48	25	48	15	18	21	37	
28	8	16	35	1	45	4	10	47	28	47	39	10	20	20	34	27	19	31	11	
39	39	35	17	12	25	16	36	36	43	22	19	40	48	16	26	39	10	42	16	
11	23	38	46	9	26	33	6	15	45	30	12	39	41	34	32	24	5	9	30	
33	26	25	45	17	38	33	13	1	18	5	20	28	6	28	11	42	34	15	36	
6	38	50	39	12	37	41	34	49	20	50	44	26	13	42	4	21	27	27	38	
23	10	24	50	13	38	20	23	6	9	27	34	7	5	25	30	32	38	10	32	
41	43	41	4	29	45	20	48	40	20	47	20	42	48	32	20	27	4	19	3	
38	34	32	29	6	15	41	43	29	19	47	17	19	19	25	35	13	38	2	15	
On machine	26
47	15	26	2	16	24	32	31	12	13	19	3	2	12	46	32	26	41	7	29	
16	44	37	17	13	48	46	9	43	36	5	38	43	24	3	32	35	7	47	26	
22	5	22	6	47	32	42	50	29	48	29	34	26	13	17	32	14	31	33	44	
42	14	29	1	49	14	5	10	14	32	8	37	41	27	25	19	39	47	17	25	
22	13	28	42	24	44	36	47	6	5	27	10	25	3	20	33	31	30	50	40	
21	22	12	16	43	25	20	43	25	2	29	25	33	48	50	17	30	24	2	42	
36	26	5	36	25	40	14	18	21	12	25	44	46	22	20	28	15	34	29	28	
37	35	12	4	40	41	13	18	1	32	46	39	29	49	13	5	31	13	6	6	
47	25	37	43	46	21	46	43	3	7	37	12	43	4	42	1	4	20	1	1	
31	33	49	44	5	6	39	17	18	8	3	16	40	29	35	29	39	20	38	10	
41	6	5	15	27	21	24	33	45	45	16	49	27	39	34	42	38	50	15	47	
35	45	34	17	45	30	30	49	43	27	13	15	22	46	33	20	6	18	39	35	
3	30	12	10	23	10	42	18	43	48	23	32	40	3	25	30	14	30	46	2	
50	42	9	43	21	50	5	12	40	20	13	28	46	21	36	18	30	50	44	6	
37	4	41	18	46	26	27	16	23	50	20	41	27	17	42	29	40	18	15	28	
18	41	33	37	16	30	3	41	1	19	31	19	35	10	42	27	1	44	17	37	
20	46	41	12	46	22	34	33	35	34	25	46	17	4	49	22	9	13	41	12	
10	5	30	1	48	25	43	4	10	19	37	21	8	43	15	49	26	5	46	19	
4	39	39	11	21	10	2	8	12	29	35	4	43	24	48	48	10	33	21	21	
44	26	32	13	12	49	19	8	41	48	48	27	2	19	13	39	39	2	17	49	
On machine	27
9	40	31	38	46	18	23	42	14	4	15	30	20	35	29	19	16	11	18	27	
18	28	47	10	45	50	44	2	34	41	38	37	14	19	34	3	39	50	39	33	
23	34	46	6	36	17	2	9	18	13	16	45	30	2	35	5	33	40	22	22	
8	40	43	8	3	28	38	30	9	28	3	4	21	14	1	35	8	3	44	3	
33	32	17	26	44	1	15	38	49	17	39	48	47	42	34	36	1	9	48	26	
1	35	9	8	5	21	13	49	31	3	28	16	44	16	28	45	32	43	48	32	
33	32	43	28	8	13	35	23	22	32	27	48	23	40	34	4	3	48	42	46	
21	26	28	17	29	15	7	46	37	6	39	6	23	5	41	16	26	3	13	32	
26	26	11	28	8	23	21	48	14	30	1	40	41	48	11	22	22	11	50	49	
35	5	13	24	23	43	45	9	41	22	21	49	32	22	3	1	48	12	26	2	
6	14	29	40	17	12	20	20	25	16	50	1	20	7	6	9	17	45	5	8	
18	19	27	25	31	37	43	26	17	32	6	41	8	48	29	8	49	42	48	16	
17	21	41	46	6	10	22	16	26	10	1	17	44	48	46	42	6	35	14	33	
24	12	42	26	24	18	19	19	8	46	15	7	5	26	43	38	19	15	8	45	
30	34	44	30	3	10	30	9	23	1	30	11	35	36	12	3	33	44	33	48	
43	26	18	48	33	30	14	41	25	46	50	27	15	50	42	29	40	20	49	16	
17	47	20	27	41	24	14	18	14	17	2	30	37	9	26	45	12	50	24	1	
26	21	46	2	5	50	6	11	49	1	29	13	32	43	36	14	40	6	16	15	
37	11	39	22	34	18	50	30	5	26	9	4	31	46	47	16	48	44	41	18	
31	32	27	29	8	44	30	6	30	9	8	31	37	13	27	48	30	17	37	22	
On machine	28
15	45	13	45	19	18	40	21	24	41	22	17	27	32	39	24	48	7	31	21	
29	5	30	1	16	32	44	7	32	16	21	25	25	20	9	38	22	12	44	8	
12	34	28	8	40	49	6	18	18	45	35	37	48	26	22	9	13	47	13	40	
27	2	49	35	26	44	31	15	18	4	12	1	47	6	22	45	10	14	38	30	
26	43	16	26	6	26	3	36	30	9	34	17	39	29	50	42	1	31	25	25	
15	25	2	1	14	42	8	35	43	18	9	23	7	29	42	14	29	31	2	35	
9	29	8	1	44	13	30	31	25	40	8	33	42	46	17	11	33	17	38	12	
1	13	17	49	37	38	35	27	26	13	30	16	38	11	12	21	47	18	1	2	
43	12	31	37	48	29	22	30	47	21	21	46	35	50	45	44	42	40	33	1	
21	16	27	14	30	26	46	38	42	32	31	25	12	7	11	45	34	21	45	25	
37	36	41	40	18	27	41	23	19	20	29	17	37	40	19	23	6	10	25	49	
49	18	24	34	23	18	20	46	16	18	24	23	34	15	18	6	21	17	23	5	
50	8	42	30	30	31	47	28	40	4	26	47	20	8	30	25	29	39	41	3	
41	27	34	24	29	16	22	18	46	25	28	39	11	41	47	40	30	43	49	36	
12	47	5	49	48	44	3	13	8	9	25	35	23	30	21	25	4	48	15	46	
44	3	16	18	18	49	43	11	40	14	5	41	28	43	23	3	37	34	45	39	
42	50	48	26	6	45	38	40	5	30	3	28	11	9	2	11	17	7	40	24	
49	9	27	43	41	8	39	45	32	33	38	6	11	26	43	22	31	46	18	31	
26	32	35	22	40	39	6	50	44	16	21	41	24	40	46	13	2	15	35	42	
13	21	28	19	4	19	11	1	48	13	35	45	27	2	19	47	37	9	17	22	
On machine	29
12	10	42	31	23	26	10	26	44	41	10	48	40	24	45	37	7	12	23	38	
11	26	22	7	6	46	45	23	22	14	1	21	49	48	23	22	27	1	6	4	
14	28	33	20	31	16	38	11	40	38	2	7	49	39	40	21	35	35	14	27	
28	1	43	20	20	44	2	42	26	2	12	43	39	8	22	41	39	6	27	49	
26	19	23	9	14	49	7	18	15	12	7	39	19	11	27	48	7	27	27	13	
21	4	41	7	34	22	26	20	27	50	31	22	26	21	41	48	16	35	48	4	
37	5	45	22	22	15	48	39	40	16	18	50	47	41	7	19	3	23	35	45	
10	35	28	42	24	16	3	20	4	12	10	6	29	28	22	5	12	41	19	14	
46	22	21	48	15	35	1	22	17	10	13	21	39	33	27	15	48	46	40	20	
22	28	43	9	24	34	4	41	22	27	14	37	20	43	48	36	7	22	6	44	
31	46	36	31	40	20	18	45	33	31	9	42	46	10	39	7	25	30	32	30	
43	24	15	12	34	46	48	5	45	2	41	18	7	8	42	15	14	44	5	37	
4	41	34	20	26	31	29	3	25	2	43	1	36	4	8	25	2	40	28	18	
32	39	19	27	12	12	46	12	34	45	21	47	26	33	8	35	11	1	45	46	
19	34	16	20	28	33	35	6	25	7	27	41	6	12	11	8	42	8	30	18	
50	9	26	29	41	44	41	25	3	26	37	35	45	25	11	26	26	48	37	20	
13	19	3	25	36	6	12	39	40	27	3	5	11	28	17	41	37	34	35	14	
6	4	24	6	15	3	38	5	7	36	45	40	30	43	14	7	21	10	48	44	
30	47	16	45	2	25	2	7	31	48	23	3	14	16	49	31	23	30	24	12	
37	32	39	24	18	30	10	17	14	29	11	30	4	48	37	36	9	16	41	28	
On machine	30
35	13	22	1	31	39	31	42	23	44	45	46	28	41	2	17	3	2	38	13	
50	3	50	26	45	30	49	1	42	38	46	5	2	41	41	49	46	12	13	31	
44	22	24	6	8	17	31	26	40	35	38	24	4	20	33	16	38	11	1	47	
8	2	25	44	21	4	17	38	16	8	38	50	10	10	25	22	47	11	16	23	
50	17	43	26	24	12	10	26	37	43	13	47	9	49	50	35	38	39	13	26	
45	28	1	16	47	23	38	47	15	33	4	16	8	15	45	39	7	35	41	12	
29	11	7	24	40	48	33	36	8	48	31	24	47	28	49	44	39	25	46	50	
27	43	30	29	29	49	32	32	26	26	40	34	29	4	9	1	25	44	46	45	
12	17	38	18	50	33	18	47	22	21	38	37	18	7	15	6	8	23	6	32	
15	7	2	38	17	14	47	33	25	26	6	15	46	11	23	38	11	42	2	2	
28	19	1	14	34	1	37	9	18	46	17	16	11	39	6	5	46	50	23	50	
23	21	15	42	19	22	13	31	6	19	4	20	26	31	19	5	22	31	21	27	
44	28	36	28	34	14	14	27	39	47	42	9	31	33	37	40	40	14	36	45	
18	40	34	22	13	11	25	10	36	47	16	39	33	41	32	16	17	41	5	9	
37	33	48	20	15	46	46	33	22	10	29	36	21	17	45	47	18	45	32	15	
35	11	45	7	36	14	47	35	13	30	48	24	40	3	40	12	3	11	3	31	
41	27	26	20	32	9	35	22	13	30	18	20	46	8	23	42	48	21	50	49	
26	10	20	14	4	1	45	40	19	4	15	40	15	33	30	35	20	39	9	7	
25	35	11	6	49	26	13	31	7	48	12	33	30	39	44	46	21	36	45	18	
4	49	24	30	8	24	45	30	44	13	50	11	49	18	8	8	15	12	37	3	
On machine	31
16	39	34	22	11	10	33	10	35	49	50	34	4	43	19	27	24	25	14	14	
46	1	38	43	11	50	25	40	10	15	39	3	39	24	49	38	6	47	14	39	
5	14	5	3	14	16	27	50	26	24	43	24	45	38	19	4	6	1	44	13	
20	18	19	46	11	44	10	19	44	3	21	9	5	15	12	25	40	20	5	17	
47	25	47	33	31	18	11	33	45	16	14	35	8	2	23	9	7	35	2	38	
40	17	27	4	34	15	15	45	35	8	40	32	2	48	15	9	21	48	3	36	
11	12	44	17	29	1	1	15	7	16	39	7	11	34	6	27	19	8	45	6	
25	17	11	6	38	39	22	30	20	10	24	46	25	34	12	13	2	36	40	34	
23	2	18	46	48	1	42	14	7	14	35	34	13	45	43	34	22	5	6	38	
15	34	21	4	31	5	27	18	12	30	38	19	24	49	26	13	43	48	39	23	
10	16	21	49	34	27	31	40	41	9	18	4	8	27	14	43	24	1	3	24	
14	33	6	2	10	41	16	42	35	12	24	40	47	22	43	31	15	25	37	31	
40	41	49	35	47	20	29	19	26	9	17	32	21	45	17	31	32	36	4	8	
33	45	8	48	40	49	43	37	33	13	34	11	41	45	26	28	18	3	41	29	
45	41	47	9	24	41	42	28	21	31	41	29	5	49	18	6	39	5	16	6	
34	25	2	5	24	27	50	26	15	41	17	16	40	15	26	13	10	23	41	32	
42	25	9	6	34	47	28	3	37	28	24	12	39	11	47	39	36	39	14	22	
25	24	46	38	27	2	29	40	25	28	11	38	4	10	37	21	21	18	49	4	
10	41	38	29	50	35	36	33	39	48	7	9	29	17	6	11	18	31	5	41	
48	28	34	21	48	17	2	18	27	28	2	47	16	44	23	20	33	38	22	41	
On machine	32
20	14	47	12	40	26	41	22	29	43	49	33	7	26	42	33	3	8	34	9	
4	9	12	17	41	36	30	2	26	13	13	40	11	29	36	44	5	33	11	34	
1	27	36	25	16	20	33	16	17	28	46	49	36	28	9	49	38	11	2	9	
49	8	18	40	1	18	33	39	36	12	6	40	24	18	9	36	19	3	5	28	
22	50	41	23	20	39	31	21	25	8	30	50	24	31	13	27	33	33	39	9	
17	4	34	15	29	30	50	7	16	4	28	33	12	6	37	7	45	39	7	35	
39	17	26	14	23	48	36	41	18	13	28	45	26	14	5	27	21	12	43	33	
13	9	24	43	23	27	26	50	13	11	28	1	28	48	22	2	44	43	41	45	
15	5	24	43	49	28	20	2	49	46	2	12	11	3	21	28	14	10	6	38	
36	8	31	1	5	18	16	23	47	2	8	26	46	31	48	16	29	23	8	46	
22	7	21	4	47	42	44	17	7	30	7	50	23	16	19	35	42	40	24	49	
5	4	10	22	8	37	50	22	6	12	16	45	40	5	3	48	27	35	10	8	
46	39	9	9	16	44	16	50	19	12	48	49	5	1	1	23	17	41	28	34	
20	47	31	30	6	15	42	7	40	10	42	38	4	28	17	40	15	5	50	50	
46	14	42	38	13	13	40	27	35	43	18	44	22	18	46	44	14	35	3	10	
1	19	13	48	33	31	14	48	32	36	6	36	41	43	36	50	17	37	45	5	
49	29	39	4	28	47	9	46	13	36	38	11	38	27	34	44	35	4	2	5	
2	33	2	4	36	31	32	3	12	50	37	25	16	5	39	5	10	29	42	27	
16	20	1	15	12	48	42	32	6	29	23	22	15	6	4	2	24	29	35	8	
1	32	20	2	9	20	1	14	24	35	31	13	40	13	34	36	13	13	16	43	
On machine	33
40	14	1	12	34	37	8	19	20	50	30	33	37	2	5	4	20	13	11	37	
1	14	15	17	15	25	24	36	25	43	43	20	47	1	46	23	17	47	1	49	
1	20	14	40	45	36	11	42	29	30	5	36	14	7	36	4	49	34	35	30	
32	2	36	50	16	24	41	25	9	31	4	24	30	39	42	31	1	6	34	11	
38	34	15	16	13	13	39	30	50	4	10	40	11	11	47	14	12	7	41	42	
40	41	20	13	1	3	27	12	29	46	13	43	29	16	27	16	12	40	2	11	
38	18	8	16	48	26	42	19	30	33	18	1	8	7	8	4	30	38	13	16	
3	44	49	10	10	32	15	15	46	27	5	43	50	50	49	38	23	31	18	24	
39	50	23	11	31	5	45	12	1	41	11	5	50	14	38	10	20	28	32	48	
4	31	17	1	30	18	30	33	15	30	20	45	9	36	13	46	22	17	11	28	
41	46	9	12	43	10	10	32	33	26	39	7	38	41	46	7	22	6	19	33	
50	19	47	25	46	26	31	17	6	13	42	3	31	27	41	18	42	4	26	31	
42	19	38	11	3	12	43	43	24	40	5	45	35	34	31	2	20	37	41	41	
20	16	5	31	38	44	33	49	36	25	13	35	7	49	10	43	45	41	22	40	
48	47	43	28	6	15	18	3	28	36	9	39	36	35	37	32	27	27	17	20	
18	25	42	32	23	2	17	22	42	12	9	16	24	17	4	12	18	20	2	26	
38	33	8	4	19	48	6	3	27	46	9	43	4	20	11	42	15	5	32	26	
20	34	20	25	12	47	12	27	2	25	34	34	41	16	37	1	9	40	44	24	
17	38	42	31	40	47	9	28	35	20	29	44	20	4	10	17	1	37	20	50	
27	18	36	19	31	24	16	26	5	10	34	35	7	12	2	2	2	6	30	47	
On machine	34
50	7	38	40	43	20	15	41	30	47	13	1	36	5	46	16	34	27	10	42	
46	9	1	19	7	7	22	13	50	4	10	27	5	16	24	6	17	47	39	8	
22	9	9	8	25	17	48	30	8	19	16	31	11	45	21	5	8	12	49	32	
29	46	31	2	16	26	6	29	13	45	29	32	37	27	30	44	13	13	8	40	
27	9	9	43	6	28	22	27	4	26	9	3	9	40	31	7	19	1	45	32	
34	46	6	22	39	28	50	32	25	43	3	36	9	37	36	36	27	17	19	47	
25	23	32	11	49	35	13	6	34	45	36	23	50	50	39	16	8	39	50	50	
46	39	43	11	31	7	19	44	28	17	44	13	30	33	48	43	31	42	42	11	
21	44	48	20	25	11	33	20	5	9	7	33	43	43	47	28	41	44	29	50	
15	9	23	35	14	38	5	3	30	38	45	11	23	11	31	17	23	31	37	3	
37	45	4	15	24	19	23	47	41	35	31	33	45	28	35	27	34	43	46	21	
26	28	41	35	36	40	40	45	10	28	45	47	37	10	31	9	33	11	5	43	
49	29	11	49	46	27	8	12	16	50	17	12	45	14	3	27	38	15	42	20	
49	6	33	11	50	4	4	16	23	45	44	49	20	40	43	43	16	19	20	48	
46	36	35	42	33	5	20	41	28	28	49	21	15	6	38	10	45	33	24	41	
16	13	29	41	40	25	37	36	17	19	34	35	35	42	36	40	5	31	34	27	
6	37	17	12	21	33	12	3	9	47	48	19	28	27	10	42	15	21	38	26	
1	30	14	6	20	1	27	46	23	27	50	26	48	49	49	1	34	42	11	26	
25	45	22	20	46	1	42	37	7	38	33	16	25	27	4	48	37	3	3	6	
33	10	20	30	20	13	22	18	19	15	15	25	24	5	37	2	1	43	27	43	
On machine	35
8	6	40	25	46	7	20	27	47	29	9	47	34	33	24	40	20	35	34	26	
10	47	42	17	13	32	29	11	14	23	8	30	2	18	40	49	19	32	7	14	
15	26	13	14	36	44	37	36	30	26	30	8	3	40	47	17	32	47	37	8	
3	24	2	12	10	1	27	17	30	38	24	15	40	14	2	12	30	20	38	44	
2	36	6	43	40	48	38	35	10	43	42	45	48	29	46	13	6	29	8	12	
36	14	6	8	10	41	28	44	44	35	5	46	33	22	4	25	23	9	41	21	
35	49	19	29	4	11	27	16	46	21	41	25	26	28	50	50	32	2	40	33	
45	34	10	20	6	2	42	20	16	36	49	17	24	46	19	14	49	18	46	50	
45	21	16	35	18	31	1	39	1	47	33	37	30	44	45	29	33	18	30	13	
7	18	44	6	44	46	17	49	10	36	15	39	8	40	29	13	40	25	40	27	
7	1	42	13	10	30	7	48	5	10	39	45	32	4	40	18	49	23	13	26	
9	41	11	42	17	26	36	43	39	41	12	48	23	13	16	40	16	31	37	30	
42	28	10	26	16	11	28	33	33	20	14	50	40	49	14	3	27	1	37	50	
1	29	20	33	17	22	46	12	19	17	38	30	1	9	25	35	19	10	19	17	
8	39	34	37	43	24	12	37	30	18	23	36	24	49	19	9	25	20	41	21	
14	43	10	30	11	33	32	32	21	2	9	21	13	15	13	22	43	16	18	1	
13	24	31	2	37	18	21	29	7	42	27	40	33	3	32	21	17	42	36	1	
23	8	36	33	39	5	1	26	43	42	19	5	1	40	2	33	39	24	41	24	
17	18	3	16	8	9	40	9	28	26	12	46	13	36	14	14	39	11	9	8	
36	12	12	6	25	2	7	33	39	14	24	33	10	15	30	19	39	28	18	20	
On machine	36
4	3	31	39	34	21	10	5	21	40	20	44	48	4	39	14	24	19	27	9	
49	10	34	23	7	48	38	42	22	49	22	14	23	7	30	40	1	12	27	41	
13	15	14	20	18	24	22	48	4	15	17	36	11	11	41	8	39	20	42	13	
49	23	39	13	48	13	44	31	35	32	27	33	6	40	22	27	37	24	23	47	
42	45	26	42	33	18	35	24	33	7	17	39	41	10	6	22	12	26	29	35	
25	27	7	38	2	20	18	34	14	6	39	20	21	12	14	24	28	43	9	40	
6	23	33	41	40	8	27	10	38	43	50	25	13	20	36	5	13	5	42	13	
46	15	5	45	11	45	37	23	23	22	21	14	17	11	43	32	34	43	39	16	
13	2	26	39	26	18	20	25	1	49	46	12	9	41	15	4	43	27	7	50	
21	36	9	38	35	50	7	9	17	12	43	43	46	13	25	16	27	35	8	39	
7	17	22	9	32	22	1	10	5	31	2	41	44	11	38	31	4	49	42	33	
2	16	39	46	27	34	25	17	2	30	41	26	24	33	29	21	7	40	22	28	
13	29	2	45	8	11	29	50	26	40	48	18	40	21	16	33	34	48	3	32	
41	46	19	32	36	6	18	37	50	12	9	49	9	27	19	29	47	36	41	38	
36	15	37	23	24	2	29	1	5	33	41	33	10	42	32	28	20	2	17	38	
45	34	28	6	46	4	43	33	7	14	32	17	36	40	49	45	41	41	17	14	
6	24	44	18	1	5	18	3	45	47	50	30	45	47	2	15	14	10	40	30	
15	28	10	3	21	5	34	7	27	30	23	8	12	43	43	23	20	41	13	37	
20	2	37	30	10	36	13	40	43	34	9	47	10	37	8	8	44	26	26	42	
43	8	32	47	4	43	47	45	50	37	36	45	16	5	29	50	50	33	25	10	
On machine	37
7	33	31	2	30	50	4	9	24	3	20	43	47	32	4	8	31	3	2	31	
5	30	39	23	20	12	22	48	15	20	30	2	27	16	3	50	44	20	48	4	
17	10	23	47	42	48	18	36	33	38	49	21	31	43	28	22	44	5	20	4	
29	34	29	23	17	44	49	22	30	30	31	12	50	22	23	49	43	3	34	41	
28	30	5	20	23	7	50	33	22	47	11	42	16	41	49	22	25	19	18	31	
13	18	11	3	25	33	42	23	26	46	49	46	6	10	46	35	46	40	15	12	
40	12	34	8	28	41	39	5	12	7	9	48	21	46	30	2	25	39	19	47	
50	38	4	47	43	22	45	32	11	29	24	36	48	43	38	7	42	45	13	19	
30	21	23	23	12	21	18	29	14	7	30	45	11	14	33	49	33	34	24	8	
17	8	15	2	8	13	23	43	45	42	48	36	37	31	38	20	13	13	15	12	
15	2	15	35	5	20	40	8	23	35	1	42	36	23	2	10	34	15	36	37	
11	7	24	42	19	44	40	20	37	23	10	21	41	29	18	39	27	41	26	36	
26	32	4	27	9	21	28	8	21	2	47	28	46	48	27	38	35	47	19	43	
12	31	35	20	8	8	3	36	21	32	22	31	4	20	45	27	48	25	15	24	
34	10	9	24	32	21	42	36	24	48	35	2	41	2	38	39	9	13	46	1	
2	36	39	19	41	48	7	4	41	49	44	32	17	17	37	30	38	13	31	12	
13	43	8	42	19	8	44	26	25	14	1	9	18	3	8	46	27	44	26	38	
34	22	22	38	32	33	27	50	28	32	43	11	27	44	46	27	25	43	9	32	
18	40	5	29	10	47	10	16	5	38	19	48	22	1	30	47	4	21	17	10	
28	35	41	28	34	36	6	39	14	39	28	48	50	41	22	18	10	46	2	47	
On machine	38
44	5	12	2	20	41	19	21	31	41	28	20	33	18	28	27	14	41	6	7	
25	23	43	31	22	4	26	1	35	4	26	27	20	48	37	42	46	13	11	12	
36	3	39	32	25	1	29	39	5	19	22	50	31	26	44	45	3	47	15	38	
26	37	50	17	20	11	47	50	14	22	12	5	34	22	42	39	44	49	34	39	
6	47	28	35	16	12	4	3	21	7	1	47	28	32	23	37	36	35	42	33	
12	20	16	37	31	14	50	10	5	34	16	6	36	11	49	25	20	9	23	13	
10	50	48	27	43	18	1	43	46	46	32	29	28	5	2	21	41	35	8	42	
21	48	6	35	9	26	11	3	24	23	33	19	41	43	49	4	33	50	3	30	
37	33	40	3	25	18	49	6	23	41	45	25	9	19	20	12	29	11	39	16	
28	15	1	33	39	6	48	47	3	25	37	39	8	9	49	13	46	7	34	24	
35	36	20	36	50	1	24	3	22	7	13	19	15	35	36	7	29	27	37	19	
19	50	16	30	39	23	13	3	3	50	41	9	47	44	21	48	24	22	46	17	
31	36	43	10	16	49	7	40	19	22	37	39	28	31	10	45	45	47	10	27	
32	50	35	8	27	21	15	7	1	23	1	42	20	10	11	30	25	42	14	6	
7	6	8	22	28	39	10	38	12	5	45	38	22	22	23	29	8	23	33	38	
49	41	1	13	31	40	16	48	31	13	6	3	42	25	46	29	38	1	20	12	
31	2	49	15	4	46	10	19	13	16	20	48	12	47	28	49	45	13	44	28	
19	37	6	10	20	47	8	31	4	25	33	17	41	15	36	31	28	29	27	6	
8	32	17	10	4	33	12	25	39	24	34	44	45	34	24	16	5	35	42	12	
28	30	10	6	28	40	36	22	14	13	31	35	3	4	31	9	24	31	32	19	
On machine	39
29	26	29	44	12	14	24	5	1	39	19	15	48	17	16	20	36	27	28	6	
46	43	45	8	37	39	23	27	25	44	38	33	1	43	49	36	44	37	34	4	
35	50	28	36	34	30	33	36	26	48	46	32	28	11	17	26	3	34	36	7	
9	21	42	43	39	50	32	16	14	41	45	16	12	46	16	42	46	30	16	25	
27	19	23	20	42	22	26	7	30	12	10	34	17	27	38	8	33	25	5	40	
24	28	25	3	38	6	6	49	5	6	42	17	43	18	19	22	7	13	36	28	
16	35	24	6	11	31	32	14	4	16	10	37	35	24	36	5	23	14	13	32	
29	4	31	18	48	13	17	39	39	49	49	16	31	32	16	11	19	4	17	3	
24	25	16	34	35	35	4	38	20	29	5	46	38	5	3	35	8	46	48	48	
14	28	44	36	22	44	36	31	19	22	11	48	29	28	30	32	42	37	7	21	
9	46	24	16	21	26	50	11	3	13	37	16	30	4	29	6	10	44	42	26	
43	43	25	45	19	11	14	4	49	36	49	9	38	29	40	30	41	13	4	9	
5	11	46	13	45	1	31	13	46	46	35	41	21	49	2	23	14	18	49	25	
20	40	18	38	22	40	35	9	46	49	45	13	14	47	37	20	12	24	10	12	
38	33	10	1	18	26	4	23	11	9	46	29	27	32	44	2	22	12	18	38	
2	37	26	15	5	14	3	23	5	33	47	39	41	5	22	43	16	44	6	44	
36	27	32	23	33	26	5	38	10	5	37	25	33	50	7	17	8	26	20	50	
25	16	30	9	29	47	30	48	41	23	49	33	44	22	31	5	36	2	8	1	
42	50	16	10	35	4	44	5	45	44	1	30	9	2	12	37	43	28	21	26	
49	47	33	31	6	30	44	41	3	43	9	18	49	23	13	46	15	44	31	28	
On machine	40
42	19	30	49	6	26	42	48	49	36	45	23	3	3	9	27	34	33	41	4	
49	27	49	9	34	38	20	27	31	15	20	16	20	43	17	50	31	38	26	25	
2	9	48	24	41	4	17	11	16	23	50	16	36	2	16	48	28	1	50	27	
19	50	34	28	4	42	5	46	25	38	5	6	15	34	36	41	5	1	35	7	
12	28	45	21	35	42	15	23	6	45	50	1	32	28	15	16	46	10	47	5	
18	29	39	4	14	12	5	4	28	32	29	33	21	6	45	37	38	45	6	21	
11	28	5	23	1	16	5	10	42	35	16	36	4	47	44	22	37	44	3	18	
31	36	18	29	27	13	42	24	41	23	28	18	9	38	29	27	44	3	10	40	
47	49	21	21	12	41	17	21	26	12	3	4	20	17	10	46	26	8	3	44	
44	17	43	11	1	31	20	44	20	44	49	40	19	26	41	1	36	30	27	2	
34	38	32	14	48	45	7	25	41	12	27	46	38	39	19	7	10	2	50	19	
14	37	30	8	33	23	46	4	13	49	47	23	41	8	42	37	13	7	14	28	
20	38	12	39	4	12	33	32	31	5	16	16	36	30	36	43	36	40	47	12	
6	37	13	27	27	9	19	44	45	42	16	23	25	5	8	20	42	28	38	25	
7	15	15	28	37	24	11	35	9	38	38	8	17	44	23	20	14	42	24	4	
12	20	7	23	30	23	21	7	24	15	40	48	27	15	2	5	35	11	2	15	
19	18	21	13	35	3	9	11	31	15	36	30	15	20	27	44	40	5	25	12	
19	17	4	30	45	33	21	5	5	22	11	2	5	15	13	24	40	42	43	36	
29	3	26	2	43	13	20	47	35	25	45	19	36	35	5	35	14	13	2	4	
50	17	49	13	44	29	14	39	9	41	39	47	40	20	9	17	33	5	40	43	
On machine	41
27	32	48	41	16	24	47	16	5	5	26	31	39	30	13	27	50	1	19	5	
35	21	8	20	8	46	13	18	26	46	17	8	6	42	1	36	9	27	31	38	
49	13	44	14	20	10	39	49	23	5	38	31	46	44	40	6	43	35	29	41	
49	42	25	6	25	36	12	29	50	30	50	46	5	40	6	34	50	27	13	8	
34	20	29	25	33	4	6	27	8	14	14	22	18	4	35	9	42	12	3	2	
4	28	41	16	19	31	50	6	3	17	3	47	45	46	50	18	7	11	47	49	
32	31	39	14	41	33	3	41	15	8	34	16	11	43	23	44	48	32	16	1	
5	36	12	49	4	12	9	32	49	27	35	4	12	5	34	29	27	6	29	7	
46	5	10	13	15	10	1	3	12	10	40	5	16	21	6	13	12	37	2	48	
35	20	11	47	50	21	5	11	47	28	7	2	21	16	31	10	45	7	40	45	
22	21	10	7	13	12	50	14	2	28	23	16	35	15	38	5	1	40	13	32	
15	34	45	50	40	36	6	47	30	11	19	32	48	29	30	12	30	19	28	46	
33	34	32	35	1	50	50	48	45	9	44	22	43	11	50	39	47	11	50	40	
13	38	39	41	14	17	45	46	2	32	46	11	4	39	34	50	26	38	34	13	
1	9	46	13	36	29	23	48	42	49	12	19	12	37	19	9	49	5	35	33	
43	15	41	22	44	18	19	50	49	12	39	32	2	38	47	40	15	10	24	21	
18	30	7	22	36	42	23	34	31	41	9	43	18	47	3	20	31	7	10	17	
38	8	7	2	34	46	37	40	40	37	26	26	34	10	4	30	24	41	45	19	
19	4	20	29	21	16	34	13	41	35	33	22	25	27	23	8	13	19	17	4	
23	34	8	43	1	7	13	44	9	32	27	21	21	43	9	15	32	43	9	25	
On machine	42
25	16	30	25	23	17	2	21	10	15	41	19	18	7	11	7	43	25	10	44	
3	32	16	16	36	28	4	26	49	16	41	39	40	48	50	32	21	10	36	26	
38	34	19	2	28	13	38	20	1	40	48	48	31	50	38	36	42	11	40	38	
35	27	25	9	17	13	17	43	11	11	47	44	19	15	47	26	44	26	23	31	
11	6	35	34	9	46	38	14	45	5	29	13	22	34	13	31	2	49	24	39	
48	14	23	7	28	34	7	38	36	23	2	5	18	10	41	45	43	12	10	36	
37	44	29	21	30	20	44	27	25	23	43	16	33	41	47	26	45	34	8	6	
38	12	47	44	4	17	8	11	43	37	45	3	33	18	12	16	34	25	30	13	
38	17	41	43	22	24	30	18	29	21	40	41	41	3	11	50	19	38	12	48	
19	37	36	26	20	24	44	28	23	21	48	29	2	4	4	33	37	17	12	26	
41	34	44	33	6	30	7	27	48	43	20	38	8	43	17	34	43	7	3	26	
49	17	1	39	27	28	3	29	47	14	45	20	50	37	10	31	49	47	30	46	
8	11	17	18	29	34	25	44	21	34	46	6	44	30	2	9	18	29	48	12	
6	48	10	9	42	34	25	34	37	14	14	49	9	48	8	9	42	7	30	14	
18	30	16	49	27	37	19	32	14	38	20	44	10	48	13	3	13	28	23	14	
50	49	22	32	20	27	37	7	35	34	12	13	49	46	1	23	29	38	16	14	
36	12	6	23	29	43	3	16	8	6	8	30	44	3	28	3	50	13	29	14	
32	6	45	47	29	14	19	33	38	35	40	22	32	21	11	22	23	5	3	48	
15	46	30	48	6	45	42	38	39	42	48	31	14	19	25	46	49	48	49	12	
23	37	33	22	1	18	37	8	13	31	3	38	10	28	11	35	14	23	6	10	
On machine	43
28	28	15	8	45	16	9	5	18	8	35	50	15	24	48	13	42	30	49	27	
33	44	46	24	30	42	1	3	42	19	16	14	35	25	2	50	3	14	13	34	
31	4	30	22	22	15	8	17	27	24	49	19	18	42	47	30	27	12	13	21	
45	24	5	5	37	11	6	50	41	49	19	4	45	30	21	49	16	5	40	31	
21	29	9	21	35	5	13	47	17	35	35	1	41	17	44	48	9	7	42	36	
8	46	10	16	41	2	29	47	11	47	8	31	18	11	20	38	36	46	36	39	
12	4	50	44	35	3	29	42	30	17	20	9	39	20	46	14	19	40	28	13	
29	30	13	37	7	42	9	13	12	47	25	46	19	22	15	33	47	2	18	39	
31	25	12	33	18	11	39	6	3	23	47	37	12	35	44	18	27	42	27	12	
40	49	46	20	18	42	7	46	5	6	18	40	45	12	4	23	45	16	29	32	
31	39	29	10	43	48	16	29	42	14	13	4	48	50	28	7	46	9	48	12	
15	18	10	6	1	5	32	16	4	2	11	5	12	21	22	34	23	26	35	17	
28	30	43	21	23	9	4	28	20	1	44	6	27	21	22	4	40	11	6	15	
44	23	21	40	27	48	47	39	33	28	48	26	8	27	1	17	46	18	18	16	
50	48	43	36	17	46	6	3	11	28	28	35	16	18	18	49	40	30	22	24	
44	48	22	6	34	2	45	45	39	4	46	4	43	43	48	19	17	2	40	19	
50	38	40	50	40	5	19	8	33	14	37	30	22	2	26	36	42	31	13	10	
42	8	22	30	21	32	25	38	11	16	42	29	33	26	4	7	38	40	24	18	
3	41	20	50	5	4	16	27	27	50	35	16	9	36	17	31	8	4	47	36	
44	10	15	43	34	20	14	27	36	13	14	44	37	40	36	38	26	7	2	23	
On machine	44
46	12	30	37	16	11	38	39	43	40	31	37	31	27	10	46	39	43	5	20	
7	36	8	42	15	12	29	4	47	44	17	43	15	20	45	1	2	17	24	2	
40	32	43	43	24	11	42	19	21	31	50	18	14	4	3	44	7	48	30	17	
22	21	38	43	42	15	14	41	8	17	49	12	36	22	44	34	42	49	16	39	
29	2	50	14	28	41	22	32	34	21	17	42	15	6	49	40	15	7	29	8	
12	32	36	22	27	13	47	15	43	18	32	35	31	21	35	16	13	19	30	39	
30	48	37	18	36	40	1	2	32	27	8	39	32	18	41	46	19	33	33	14	
50	31	41	42	11	31	1	7	45	19	5	14	9	28	44	43	16	34	5	4	
24	26	32	23	26	16	12	24	4	13	48	48	44	44	21	46	28	16	30	11	
1	20	6	33	42	11	47	1	6	49	40	8	43	27	47	42	23	41	21	40	
29	2	21	11	35	34	35	28	47	14	45	42	22	38	29	7	49	18	30	6	
46	17	47	19	11	26	33	9	34	43	34	48	19	31	44	41	25	4	21	10	
20	8	26	14	50	18	49	15	2	32	18	49	20	44	11	31	8	42	3	35	
11	48	21	1	44	5	29	4	48	26	8	23	27	36	46	12	21	18	11	37	
47	38	13	26	31	23	2	17	12	16	25	34	48	46	7	50	31	31	33	11	
43	15	15	50	1	46	18	27	48	20	47	41	40	2	16	48	2	33	44	32	
43	25	31	42	22	42	19	39	15	19	15	47	49	32	44	26	7	35	33	32	
44	25	44	6	45	41	18	38	17	50	5	43	25	11	21	33	43	36	10	17	
38	24	17	45	15	49	4	7	47	15	47	38	6	21	35	44	29	35	10	27	
17	47	45	35	14	14	1	41	7	38	32	20	16	49	4	14	27	27	18	11	
On machine	45
32	23	38	24	42	41	26	16	49	29	37	17	13	46	35	22	11	15	29	21	
2	4	22	32	33	30	10	41	17	37	45	22	4	40	12	31	44	21	32	37	
47	19	29	44	33	2	7	3	41	5	45	39	37	35	14	35	16	25	15	13	
18	43	21	3	49	17	13	26	44	24	14	34	42	3	41	20	39	6	24	22	
38	45	45	11	6	50	26	43	5	25	45	14	17	3	14	6	26	35	34	45	
2	11	15	33	31	30	43	34	28	13	12	48	27	7	1	49	45	43	25	3	
35	23	13	23	47	26	11	46	46	15	31	23	15	19	19	30	23	34	14	3	
6	49	42	32	11	25	30	40	27	32	16	48	35	45	21	23	17	23	34	10	
31	40	27	22	39	7	42	12	20	45	47	18	7	20	34	48	9	26	35	23	
21	45	10	2	28	45	11	6	14	47	21	42	4	27	23	48	19	36	46	18	
26	16	6	42	14	15	7	15	33	47	13	7	20	17	36	42	31	30	19	47	
31	34	1	25	23	11	9	16	19	38	16	38	15	47	46	1	8	2	11	46	
42	31	33	43	13	7	8	46	37	18	45	21	30	43	34	8	24	41	13	31	
1	50	50	1	13	35	30	3	5	13	38	10	6	1	34	44	31	28	5	41	
5	50	3	33	49	35	28	31	3	9	9	13	14	31	39	33	21	41	36	2	
31	16	32	34	18	7	5	21	44	25	33	3	34	3	50	9	14	27	38	39	
12	28	21	1	36	28	16	42	4	43	15	1	3	32	27	25	2	31	32	45	
30	49	31	12	25	2	44	26	38	4	15	2	1	32	24	30	25	36	32	20	
9	39	44	23	25	4	42	6	18	37	48	36	9	33	7	23	49	38	26	20	
27	35	1	2	8	49	43	36	8	37	1	28	16	30	11	5	28	13	8	27	
On machine	46
9	9	21	7	6	12	27	46	22	5	21	41	14	35	27	5	3	7	43	26	
35	13	48	3	42	49	28	36	22	18	21	3	16	5	33	35	30	39	2	18	
19	38	22	50	21	9	39	32	42	50	25	15	10	33	20	29	20	38	31	8	
1	11	49	30	12	49	11	6	11	29	12	18	13	45	32	25	50	10	7	5	
15	4	1	8	25	48	38	27	49	16	21	20	4	37	32	5	40	4	27	32	
18	24	31	40	6	2	13	10	20	41	45	2	42	14	14	44	31	11	30	42	
41	37	36	31	24	10	6	26	32	8	10	41	38	18	23	9	42	14	19	17	
11	36	45	23	1	22	32	23	30	46	14	37	41	14	33	9	35	36	12	34	
11	27	14	43	28	6	31	22	21	47	10	3	37	18	5	42	41	49	23	37	
44	17	13	20	32	28	46	20	32	19	3	25	44	10	40	10	25	49	23	37	
44	44	23	13	43	36	6	34	34	15	1	6	33	15	26	37	46	44	30	22	
38	26	2	8	28	17	23	22	3	38	3	33	12	35	48	16	30	18	8	4	
14	14	43	16	4	36	19	43	22	25	26	47	23	1	44	33	21	31	6	30	
29	11	32	24	7	32	26	18	8	48	15	34	14	18	50	5	7	40	6	47	
18	25	47	14	41	14	18	33	47	6	3	1	47	17	7	8	29	19	46	12	
44	31	8	17	46	5	6	40	9	13	46	42	43	42	2	26	37	24	21	21	
17	42	3	4	36	20	37	41	12	10	35	32	18	29	24	37	48	19	49	24	
21	23	33	2	18	8	44	28	32	4	27	13	50	20	21	44	33	35	32	3	
14	34	30	24	37	32	13	25	26	14	11	31	10	4	33	14	19	39	40	9	
46	17	18	14	44	25	38	7	9	21	50	29	28	24	28	1	39	20	13	1	
On machine	47
11	14	36	15	21	21	11	14	29	42	50	46	44	31	3	25	17	23	25	8	
17	34	22	50	25	18	42	19	45	28	15	40	30	2	10	31	49	24	1	36	
41	34	10	19	31	40	12	5	50	3	47	48	17	11	3	16	26	25	9	34	
5	50	7	33	25	1	46	31	14	2	2	1	26	31	12	5	21	16	19	4	
4	40	35	14	45	26	21	18	40	50	46	37	20	26	48	48	2	7	12	15	
15	21	43	25	12	1	12	18	27	15	46	48	5	30	26	4	17	29	25	21	
19	40	10	17	41	11	34	15	5	11	26	11	48	29	29	39	38	32	24	24	
19	14	49	49	40	40	11	17	46	20	32	45	46	31	36	32	31	8	10	18	
44	5	12	36	22	9	45	40	23	9	36	28	49	15	43	13	27	29	4	15	
2	41	38	24	21	16	32	20	47	14	46	1	29	48	23	41	10	42	49	47	
31	46	6	19	17	32	3	20	21	3	18	48	25	24	13	25	17	23	40	23	
23	17	4	19	22	11	29	13	8	25	18	27	25	8	36	23	11	31	20	7	
44	21	24	10	5	49	6	10	31	25	2	3	4	24	23	12	38	33	30	42	
10	37	47	10	24	3	27	19	13	39	45	20	2	50	5	27	16	43	7	23	
1	25	44	4	26	15	20	9	39	2	24	47	13	20	48	32	21	30	12	46	
2	39	43	34	13	7	20	40	34	28	27	35	17	17	20	30	25	44	16	16	
48	24	20	8	7	41	22	2	8	8	25	9	38	40	18	14	43	3	24	16	
5	50	7	19	4	10	8	47	29	5	4	2	28	39	46	47	35	48	12	4	
19	4	30	22	45	9	8	5	26	32	39	42	50	41	26	23	5	19	5	18	
29	6	25	32	17	44	28	10	20	5	33	29	27	17	2	21	3	10	5	4	
On machine	48
9	35	26	21	20	29	45	11	29	10	26	3	39	46	35	8	1	18	39	31	
34	50	32	16	10	26	35	27	4	11	36	40	3	28	27	38	19	1	19	3	
10	12	48	25	49	17	22	21	25	14	44	18	34	14	7	37	34	8	31	3	
29	24	50	13	21	14	12	15	33	9	25	46	18	42	3	35	44	45	13	8	
11	7	26	13	25	32	42	22	26	31	49	11	8	34	50	22	5	24	21	10	
32	16	19	31	25	34	28	21	40	6	17	12	32	19	17	13	2	4	8	47	
23	13	15	26	12	43	37	8	18	40	14	35	17	25	35	33	46	6	37	40	
35	22	18	42	7	20	17	13	16	50	13	37	20	48	1	34	41	21	11	39	
20	10	31	24	43	47	35	38	22	20	47	14	26	33	21	5	50	19	1	24	
1	26	44	25	43	2	13	47	12	12	32	2	20	47	22	37	30	19	32	14	
9	12	5	9	42	34	6	32	47	46	12	47	13	6	39	9	19	41	25	30	
11	6	45	10	26	50	4	22	4	25	4	23	39	33	23	25	40	7	47	11	
3	42	22	30	34	11	4	41	26	20	8	44	25	47	18	38	2	6	45	10	
29	39	32	12	46	41	20	31	12	5	2	35	3	34	48	5	21	2	6	11	
30	16	1	46	11	15	45	25	12	5	46	2	3	20	33	39	36	32	28	50	
32	40	17	33	1	22	34	32	22	30	39	30	35	9	7	20	21	44	28	29	
43	36	48	18	4	44	4	12	20	6	50	32	23	46	48	35	31	26	28	23	
26	44	20	41	25	38	32	26	31	21	10	13	41	26	5	4	38	31	8	29	
27	7	10	47	18	12	9	31	22	39	3	40	37	31	37	37	41	9	32	45	
29	46	26	20	25	13	6	37	2	6	47	16	49	4	20	34	23	50	33	41	
On machine	49
15	42	5	12	10	46	25	29	2	40	38	9	45	18	10	48	46	22	29	17	
12	18	25	6	16	13	18	44	12	8	38	39	3	39	24	9	23	21	9	5	
43	15	36	41	42	15	26	33	13	35	35	23	38	4	3	7	34	20	36	8	
48	17	3	43	5	45	32	44	39	36	37	5	47	45	41	16	25	2	37	37	
41	40	20	23	11	19	36	18	26	1	1	33	23	37	31	21	37	48	10	6	
38	12	5	9	26	17	14	1	30	27	3	24	7	7	12	44	7	26	23	23	
31	36	28	23	16	3	43	10	2	43	6	23	11	27	7	38	47	8	8	2	
6	41	40	26	30	1	19	11	37	31	26	37	37	10	43	19	6	29	46	40	
13	3	21	32	24	25	11	50	47	39	36	5	16	11	24	24	12	4	2	49	
26	15	17	44	42	24	45	27	1	13	16	42	28	12	25	30	44	46	45	1	
13	46	37	44	17	43	2	3	33	33	15	3	41	50	36	44	25	13	37	27	
45	40	40	1	20	19	22	16	15	42	18	30	1	13	28	25	50	29	24	9	
7	7	39	38	18	13	7	12	24	16	47	49	47	19	41	43	41	12	32	29	
44	42	47	35	35	24	7	48	3	45	20	1	14	12	46	33	17	49	12	34	
15	29	26	22	23	43	29	7	3	36	35	20	3	37	10	1	6	6	20	16	
48	20	31	6	32	50	19	6	9	14	15	16	12	9	19	20	27	16	2	11	
42	24	23	24	22	25	10	7	45	47	32	12	1	16	17	1	13	37	43	43	
47	25	45	38	23	29	39	10	26	42	34	44	1	6	22	41	36	30	19	19	
7	22	44	18	32	8	50	23	35	31	18	41	38	24	45	23	12	31	2	3	
13	21	17	45	40	28	16	41	32	29	20	21	40	7	2	31	16	9	43	35	
On machine	50
40	10	41	26	16	5	23	5	35	50	21	11	26	6	20	50	47	31	9	13	
5	36	10	9	2	32	12	49	42	35	38	1	40	34	35	19	27	36	27	10	
16	14	41	40	1	41	1	4	26	28	45	2	47	47	27	7	30	49	37	13	
37	12	13	4	38	8	48	18	23	17	7	12	16	6	9	19	2	22	26	43	
46	49	4	6	48	34	24	11	44	15	2	26	24	4	35	2	43	29	28	12	
5	20	35	7	35	7	9	3	21	15	33	23	2	46	19	26	8	29	1	16	
50	40	22	39	39	3	23	9	36	2	31	25	11	38	33	28	19	19	25	40	
19	6	5	35	50	27	47	28	30	18	28	28	16	10	2	26	44	49	22	38	
24	24	14	46	7	17	21	20	48	3	43	24	4	13	19	38	25	46	43	38	
15	44	49	46	34	8	40	14	27	50	10	20	20	46	27	46	18	23	30	21	
26	44	48	25	48	21	43	6	21	44	41	47	17	2	22	8	28	36	22	25	
20	11	45	23	50	13	6	20	23	36	15	49	43	39	44	34	45	31	28	18	
32	24	45	17	14	12	7	49	44	21	25	34	21	2	43	46	12	46	46	34	
4	29	16	25	34	1	38	50	40	11	18	43	39	30	24	28	7	4	23	28	
9	8	1	24	26	40	23	26	36	15	3	50	8	14	32	25	27	8	48	26	
20	44	46	4	40	6	14	1	31	15	25	7	43	44	7	42	18	30	2	19	
16	8	2	7	29	21	14	10	38	26	41	36	27	32	19	48	44	8	7	15	
46	31	42	47	29	30	5	40	8	38	9	3	10	16	34	24	16	48	40	18	
15	43	13	17	1	36	31	9	28	13	5	12	50	1	29	5	30	15	50	48	
44	2	5	17	40	22	19	7	46	49	18	37	15	3	13	4	10	10	3	49	
On machine	51
19	12	18	18	32	14	6	27	40	30	39	17	31	21	41	23	9	24	5	25	
8	7	44	12	21	46	23	1	38	21	50	13	11	45	8	18	24	17	28	26	
46	16	44	2	45	45	44	5	37	22	7	32	8	45	44	7	24	43	13	1	
29	30	7	27	37	49	43	27	46	50	22	41	36	43	5	25	38	4	4	27	
37	9	4	33	49	37	18	38	14	10	28	8	46	2	46	11	40	49	20	11	
21	37	10	15	3	39	1	43	41	41	41	6	1	18	17	49	24	3	45	49	
12	36	1	38	20	10	45	14	2	23	39	17	38	22	10	20	40	30	45	8	
27	41	17	13	48	48	41	26	1	12	48	8	9	25	50	12	10	15	28	20	
38	32	25	41	47	42	20	23	44	7	4	13	4	17	17	15	8	43	49	32	
27	2	41	34	4	50	32	8	19	3	24	27	41	26	10	7	43	26	31	14	
33	5	23	38	32	38	50	1	36	21	32	41	31	2	30	37	11	4	29	42	
7	37	32	32	34	15	19	14	28	6	46	32	38	32	34	8	7	7	11	28	
44	50	4	42	13	43	29	17	19	43	43	19	30	19	27	24	49	21	3	9	
36	3	16	35	49	33	6	50	9	37	17	7	10	11	49	5	33	50	8	20	
48	47	11	50	12	4	25	22	3	20	7	6	46	32	45	9	38	24	43	24	
35	39	42	41	16	8	33	47	22	9	19	1	31	44	24	34	11	7	28	20	
35	45	24	13	32	40	6	48	49	48	37	2	37	20	6	47	43	2	31	27	
24	46	44	36	2	15	39	3	28	1	39	47	18	14	27	25	25	21	16	38	
50	6	44	13	45	1	35	3	16	30	29	13	32	21	17	25	45	22	37	4	
6	5	14	1	6	10	8	33	47	21	17	17	21	19	3	50	24	25	33	43	
On machine	52
30	36	40	9	30	15	47	20	14	16	24	44	11	42	49	19	31	38	41	17	
43	42	7	22	30	18	33	43	31	39	41	29	23	48	25	10	16	21	24	17	
47	49	6	22	35	16	19	48	22	46	35	49	43	44	37	16	21	31	22	26	
31	11	39	45	15	16	2	11	15	48	41	33	28	41	5	35	18	9	6	44	
15	14	9	43	34	7	15	5	17	24	3	19	22	3	8	35	2	49	3	13	
16	39	12	34	35	15	15	13	24	47	8	36	36	1	30	1	20	45	1	32	
25	39	33	15	26	11	12	32	28	4	38	9	4	37	28	26	35	36	7	6	
50	6	41	19	12	46	10	17	45	9	30	27	15	25	49	8	13	4	5	15	
39	48	19	44	28	21	47	29	30	36	19	41	1	47	48	44	13	50	26	46	
19	19	26	46	36	27	33	31	27	21	46	11	20	23	38	9	7	21	11	8	
45	16	49	34	5	20	35	4	12	31	4	26	25	38	18	14	27	10	9	20	
23	4	33	12	17	27	10	32	20	36	39	24	32	20	11	17	2	37	31	6	
38	50	21	32	36	38	32	5	15	39	23	23	21	2	33	7	28	1	22	11	
48	27	22	40	31	3	50	17	38	24	40	30	4	1	18	18	20	41	13	14	
18	3	12	41	7	47	26	22	24	37	42	10	4	35	19	12	43	50	31	36	
16	20	7	18	44	15	4	6	27	21	36	44	25	37	3	35	18	29	41	30	
8	12	32	8	20	9	47	33	25	49	43	39	7	38	17	3	12	1	44	42	
33	9	35	21	28	43	24	8	49	11	38	45	21	25	12	2	10	12	22	32	
24	36	31	22	47	26	25	45	14	17	10	44	50	14	20	31	29	32	40	3	
44	29	29	4	39	38	16	3	31	21	19	11	46	10	39	6	28	8	50	28	
On machine	53
25	14	5	24	22	11	31	21	47	21	45	43	34	5	13	48	36	13	8	22	
41	39	4	20	49	20	12	48	47	26	18	45	11	36	7	28	9	21	4	29	
43	28	39	31	3	21	36	14	38	36	4	25	12	34	6	5	37	35	18	16	
47	33	21	38	49	20	8	50	15	10	25	31	20	12	17	6	6	17	36	49	
26	43	30	24	9	15	44	16	31	32	13	12	24	43	47	41	31	50	18	50	
16	3	42	24	49	24	35	41	3	9	12	40	11	15	29	41	38	50	47	34	
7	4	40	33	9	10	32	36	39	2	3	44	37	13	2	33	48	7	7	4	
44	12	7	38	26	41	38	25	18	18	6	14	7	50	42	48	21	7	15	47	
35	26	42	47	18	41	22	11	30	47	18	1	39	7	44	31	1	29	41	26	
45	17	32	12	49	22	39	20	30	24	16	35	12	25	25	27	17	36	49	19	
4	28	16	4	28	10	25	9	1	41	18	19	44	7	48	38	9	34	46	11	
26	20	23	11	49	25	18	11	48	49	23	21	39	24	16	18	24	8	25	34	
29	21	39	12	1	34	1	9	30	4	43	3	44	40	20	21	11	12	16	13	
10	27	20	42	32	45	43	41	12	14	37	11	7	18	6	47	23	8	16	35	
29	1	23	1	46	2	5	44	2	3	49	39	18	47	43	36	41	38	24	42	
45	5	39	4	29	42	43	20	42	7	40	2	8	35	33	3	15	29	22	25	
40	37	11	18	48	23	32	1	49	34	4	34	28	47	47	47	11	48	23	38	
40	21	25	2	5	19	17	6	12	37	21	3	22	48	35	1	37	34	30	40	
42	17	26	43	44	14	12	46	17	20	13	43	37	32	1	35	15	13	9	20	
35	19	9	34	26	22	2	40	1	4	33	37	13	22	50	47	32	41	26	26	
On machine	54
31	41	2	16	9	20	40	7	22	9	10	49	49	40	50	50	42	8	23	18	
4	26	5	14	17	40	38	50	26	49	11	23	6	46	8	19	28	14	48	35	
45	31	39	27	44	8	27	25	16	26	3	33	5	31	12	40	6	38	48	5	
47	19	44	41	12	21	25	49	47	35	16	15	23	14	19	22	49	26	3	3	
36	34	49	7	34	47	8	20	41	38	24	31	16	46	12	43	22	25	26	21	
46	37	2	44	44	23	34	11	35	31	10	39	19	14	24	4	41	36	12	14	
26	50	45	23	36	4	39	19	31	10	23	48	40	47	1	18	47	3	41	26	
34	27	24	17	9	6	32	25	19	42	31	24	2	31	1	29	12	19	9	48	
6	17	37	46	36	31	34	48	8	42	39	15	32	47	3	2	6	10	12	48	
29	6	13	32	6	4	9	22	1	22	27	15	35	43	45	21	29	27	16	3	
4	5	47	19	36	42	36	49	33	47	28	49	1	12	8	5	31	24	3	28	
36	21	46	46	35	6	32	31	14	12	21	24	20	6	22	47	21	12	14	16	
1	25	5	16	22	9	19	21	41	11	35	37	30	22	12	23	2	41	21	42	
38	37	42	22	22	2	50	31	49	23	10	16	37	34	39	41	25	27	2	49	
10	1	40	39	20	46	42	13	50	27	14	4	46	18	21	21	31	6	37	2	
18	7	41	24	4	25	4	40	35	24	4	49	41	44	25	29	5	34	18	4	
8	26	43	29	41	24	25	2	25	25	2	23	10	14	11	22	44	9	14	46	
19	15	49	13	14	1	33	31	46	50	21	2	44	20	47	13	17	12	17	12	
30	6	19	1	33	47	1	3	43	49	1	32	25	12	12	6	15	48	39	46	
7	42	21	35	21	25	34	47	45	43	14	49	47	41	12	12	11	35	26	23	
On machine	55
10	36	5	12	29	33	41	35	20	45	5	6	8	1	10	49	26	46	15	20	
21	35	40	33	13	30	39	12	49	17	33	48	24	42	28	31	8	19	14	49	
22	34	20	36	12	50	3	50	16	7	12	27	32	23	27	39	38	38	28	6	
49	44	24	29	47	8	27	20	28	8	22	7	1	7	31	5	4	47	11	6	
46	28	20	20	12	21	29	44	41	38	34	5	30	34	24	39	42	8	41	11	
37	45	37	24	38	1	45	24	47	45	34	4	18	21	13	4	32	30	14	10	
21	10	25	47	25	17	14	32	37	46	29	47	42	43	1	16	1	47	50	28	
9	47	2	13	32	11	39	47	36	37	18	24	13	5	1	35	45	22	12	38	
22	29	12	4	21	40	25	3	46	30	37	5	14	1	41	17	32	38	17	46	
17	49	2	9	44	15	22	42	48	30	49	7	47	8	27	22	25	11	22	46	
8	5	1	27	43	18	12	27	22	4	15	24	42	30	26	14	20	42	42	19	
25	12	1	36	1	17	45	47	33	10	11	33	39	22	33	29	18	25	41	40	
42	46	7	48	37	50	44	49	47	31	37	24	12	22	13	43	34	17	16	10	
13	27	40	29	4	29	34	35	6	8	50	41	10	10	3	5	8	33	27	37	
42	46	19	4	19	28	11	6	11	42	45	50	13	25	6	11	15	45	42	33	
32	41	39	34	5	22	20	14	37	31	42	5	28	33	34	14	48	42	41	7	
44	15	46	42	15	40	10	35	2	5	22	50	33	14	11	30	15	35	30	37	
26	31	37	33	37	18	25	4	43	25	39	45	37	2	4	6	12	27	25	10	
34	50	34	48	47	9	39	48	14	19	47	34	49	15	31	28	22	30	38	21	
18	48	22	47	45	25	30	40	48	29	47	14	40	45	15	28	7	18	50	36	
On machine	56
8	5	45	37	27	44	6	49	26	34	8	23	6	31	42	30	31	42	23	43	
27	20	19	20	36	50	43	20	19	42	50	42	46	46	34	38	38	15	6	37	
4	29	18	40	32	4	47	39	7	43	31	45	41	15	35	28	36	35	1	11	
44	10	14	23	10	48	34	31	34	31	4	18	38	38	1	7	11	29	42	41	
49	46	37	13	6	1	38	22	41	48	3	31	12	48	2	20	38	49	30	38	
48	38	35	20	14	47	24	21	20	31	6	45	50	11	16	50	2	34	28	17	
40	25	23	39	1	45	46	22	39	4	17	43	1	32	27	37	36	42	6	31	
46	33	28	29	17	19	43	32	14	40	36	14	37	39	12	32	14	14	21	38	
1	31	45	22	43	35	16	12	14	36	45	13	25	15	27	6	40	50	12	29	
34	25	17	16	43	15	19	35	24	8	10	38	2	17	40	31	46	1	8	15	
12	23	28	12	20	25	33	35	2	8	27	2	36	9	21	49	6	33	47	34	
8	46	24	8	19	42	35	33	48	31	26	40	45	45	16	12	31	2	42	30	
41	10	16	31	37	44	4	45	15	32	27	48	39	16	37	42	42	24	36	13	
28	26	1	34	4	12	6	22	12	1	11	43	6	46	41	23	37	50	16	25	
11	47	5	2	9	16	5	40	40	6	15	43	39	28	11	6	48	43	7	6	
14	34	29	49	31	31	3	21	3	27	20	38	12	42	12	39	50	41	31	23	
35	16	15	40	28	13	26	15	17	22	47	1	13	40	42	39	36	2	37	5	
41	49	13	11	29	24	14	17	3	32	44	48	37	14	38	36	35	28	31	27	
28	23	24	11	6	30	23	43	42	37	43	32	16	7	5	32	28	48	45	9	
43	27	22	50	16	27	6	7	47	43	27	29	24	12	10	25	18	20	19	28	
On machine	57
48	28	33	18	29	9	14	28	26	25	5	16	41	42	9	42	43	34	36	3	
39	47	47	36	44	30	46	12	9	14	15	15	39	44	44	17	11	41	29	43	
16	19	8	46	32	37	38	34	16	42	33	18	48	44	20	17	4	40	15	24	
9	13	9	49	14	23	21	1	38	42	18	33	17	46	45	5	23	7	41	35	
49	39	15	9	26	24	34	33	49	23	46	8	42	32	34	43	11	45	45	35	
41	23	10	17	4	17	34	13	36	5	21	34	10	11	10	24	12	6	33	29	
4	50	29	34	24	10	17	45	40	36	1	50	10	15	29	4	19	29	6	27	
41	24	27	8	34	36	13	9	42	49	9	34	49	5	43	17	45	7	29	15	
33	45	26	47	42	1	2	28	12	37	47	12	13	45	20	45	25	17	45	10	
34	34	49	35	30	18	39	38	36	30	12	22	24	4	37	20	17	50	39	14	
5	22	6	39	40	15	24	31	43	32	3	37	40	5	39	36	47	10	43	30	
1	27	16	36	50	50	21	41	2	29	40	7	37	7	38	31	23	32	40	11	
3	4	26	28	34	19	36	24	44	30	26	48	9	31	28	17	18	28	17	16	
22	14	22	47	2	18	38	30	38	30	17	14	27	18	48	19	6	4	35	13	
45	9	44	3	27	3	7	32	43	39	18	16	5	10	48	50	34	25	3	33	
44	9	50	27	37	15	9	23	1	27	29	9	42	11	26	36	17	8	8	17	
7	7	47	20	30	31	2	30	9	49	41	9	28	32	38	38	48	41	12	12	
45	30	7	2	39	43	50	46	25	45	2	14	41	41	15	24	16	6	48	35	
41	20	34	32	1	41	11	32	28	2	22	39	10	11	37	25	10	23	7	11	
47	43	18	21	24	12	11	3	39	30	7	23	39	18	8	26	43	31	36	45	
On machine	58
21	50	8	8	15	23	49	10	8	26	30	30	30	29	44	33	24	16	44	19	
25	40	42	19	39	27	17	33	11	39	21	37	2	4	33	31	49	20	17	2	
44	27	4	33	28	22	30	23	18	27	3	15	6	45	24	22	16	14	7	18	
2	9	40	27	32	34	32	29	28	24	29	10	7	22	2	33	34	8	4	39	
4	21	15	50	16	38	11	25	28	14	49	13	43	17	23	21	36	36	27	12	
47	7	3	34	43	10	9	11	18	21	14	21	36	38	44	49	47	1	12	29	
26	16	31	14	40	6	15	32	17	43	26	2	33	18	14	2	35	11	43	20	
1	25	20	5	50	21	19	13	35	28	12	22	1	3	35	30	43	43	48	14	
45	24	3	6	4	27	50	16	32	37	38	38	25	17	36	37	2	7	42	20	
41	1	37	50	16	49	32	4	33	12	46	32	18	13	19	37	3	26	19	15	
45	17	20	9	37	25	16	46	32	35	12	33	35	24	19	12	3	36	29	8	
45	25	37	12	30	45	42	21	34	29	26	23	15	44	17	18	23	16	4	31	
36	5	40	49	18	26	15	24	34	39	2	28	3	21	31	3	5	37	24	30	
5	17	44	10	37	43	6	39	6	15	49	36	38	33	13	2	35	5	23	34	
48	36	23	44	6	26	19	5	28	24	34	48	40	2	49	13	42	23	33	42	
3	45	4	39	15	15	18	42	18	42	28	35	13	14	38	30	3	17	10	43	
41	21	24	25	25	43	34	40	9	40	8	17	23	13	45	50	32	2	10	49	
36	8	2	48	31	2	38	14	25	37	40	7	15	36	25	1	8	3	28	7	
16	50	49	35	35	42	35	13	28	21	6	35	21	39	38	21	31	12	47	15	
43	44	15	27	30	37	4	10	18	15	18	29	22	39	22	19	46	1	1	22	
On machine	59
43	39	21	48	12	40	32	46	34	15	31	23	30	14	16	6	45	22	39	34	
36	9	34	29	12	32	13	45	38	31	24	31	40	16	43	29	16	21	8	46	
24	17	13	19	21	18	11	14	14	39	19	5	9	14	41	16	15	40	39	40	
31	31	48	29	25	27	45	48	29	11	13	24	49	4	18	42	12	42	23	31	
18	1	4	41	1	21	24	41	7	12	35	11	46	17	41	29	11	28	20	17	
18	7	26	12	14	47	22	45	26	30	28	48	21	23	40	3	29	47	4	5	
36	24	35	48	6	7	17	22	26	28	42	25	19	7	16	27	17	8	33	40	
35	37	32	28	36	36	48	48	37	28	18	40	21	39	2	25	38	27	46	13	
12	4	42	4	33	1	6	39	7	40	48	49	21	26	22	14	3	22	8	11	
18	18	9	10	43	47	49	48	31	7	25	4	49	29	46	35	38	41	10	36	
46	34	11	38	18	30	5	48	34	1	40	15	34	33	46	42	25	15	9	1	
17	22	49	10	7	32	11	50	28	36	8	16	20	5	17	44	31	19	26	39	
14	43	44	17	45	35	4	17	1	22	17	21	44	29	17	5	26	44	33	34	
27	37	35	37	46	45	46	4	19	6	3	24	6	17	12	15	40	7	10	25	
33	50	34	42	20	25	49	18	35	17	24	23	28	41	29	27	27	3	31	50	
28	5	25	10	10	47	37	27	45	8	43	3	22	2	32	34	1	3	7	32	
34	44	18	43	38	36	3	42	43	24	4	32	39	45	37	47	21	9	31	32	
41	14	28	48	22	31	10	42	27	43	37	42	48	49	18	49	37	47	9	20	
13	6	40	33	10	22	30	15	36	20	20	23	23	36	22	44	21	4	42	33	
49	12	41	41	9	30	50	11	2	35	50	27	16	1	11	50	7	48	37	6	
On machine	60
49	48	14	43	25	11	42	18	49	12	30	7	43	7	46	19	38	38	39	1	
10	23	44	42	18	1	49	8	42	44	35	23	24	41	47	38	13	1	41	48	
9	24	8	34	45	27	45	44	46	13	47	24	26	29	16	37	14	48	38	35	
15	42	5	9	49	31	11	10	40	12	39	5	30	50	13	16	34	49	42	27	
13	43	8	25	10	44	41	50	16	33	46	36	16	14	19	43	47	44	31	27	
12	18	45	43	1	10	47	12	7	10	25	3	30	47	28	31	29	8	40	30	
32	4	15	50	31	41	22	37	6	4	38	29	41	5	36	35	11	47	21	5	
35	35	38	26	17	39	39	3	23	20	1	31	3	9	44	11	27	46	18	25	
28	43	20	13	37	34	11	41	6	19	33	49	34	2	50	12	22	34	5	27	
31	32	28	43	50	9	41	36	14	40	28	31	27	38	34	32	38	38	40	32	
36	18	43	23	43	11	1	11	7	2	36	4	50	19	8	12	46	8	34	44	
45	49	43	26	20	9	12	27	44	29	27	28	47	14	37	6	30	31	41	47	
37	45	44	41	20	40	5	17	12	50	31	6	46	25	21	6	44	6	7	39	
1	1	25	12	41	13	32	5	13	30	26	12	37	44	24	31	13	47	33	3	
23	5	20	44	14	47	33	6	36	30	7	1	10	15	13	6	9	41	9	27	
9	23	5	20	3	39	38	1	24	18	35	42	37	47	34	45	23	44	12	46	
22	24	27	42	35	29	22	41	42	25	49	50	26	50	16	44	11	42	15	34	
15	43	38	34	12	45	9	50	50	18	34	18	31	36	10	20	29	13	35	29	
37	36	35	46	9	23	38	8	35	29	37	40	43	19	29	6	15	30	2	36	
1	7	5	1	29	19	27	40	10	12	3	40	1	29	47	47	28	26	42	26	
On machine	61
18	41	48	32	22	42	17	32	3	30	10	16	9	46	17	23	12	8	14	15	
9	39	36	31	4	21	37	38	32	41	6	29	13	7	16	40	38	14	32	16	
44	41	36	23	30	39	38	13	27	49	5	3	19	18	33	23	20	19	25	42	
15	1	17	46	46	43	3	27	31	4	42	7	1	25	22	40	43	42	30	25	
25	23	43	1	11	41	21	32	17	43	12	43	47	3	49	34	27	49	40	11	
12	46	18	48	34	29	34	50	47	21	22	25	32	12	10	40	6	47	22	19	
10	42	21	9	10	20	39	37	23	6	32	10	44	2	6	28	3	38	14	4	
6	42	48	36	31	31	40	12	50	19	24	15	50	37	24	30	47	6	7	9	
11	36	25	7	27	31	2	22	41	14	5	27	49	22	38	37	9	24	28	42	
26	49	27	13	28	22	1	42	5	26	28	36	41	27	14	25	28	13	18	25	
1	20	33	24	14	38	48	44	8	1	8	29	28	43	29	4	35	7	40	9	
10	18	12	31	50	23	9	46	15	49	26	34	17	47	20	33	26	28	34	38	
27	10	2	13	35	45	49	25	35	24	1	44	35	10	25	43	19	37	4	49	
33	33	24	15	33	4	1	42	21	26	3	9	43	28	33	9	15	6	31	46	
4	18	27	16	5	24	14	2	11	35	29	25	3	11	2	22	23	1	12	16	
13	44	35	18	31	15	42	37	2	8	28	26	14	3	16	28	41	8	14	3	
31	39	4	31	20	1	8	39	28	17	40	43	30	7	12	14	44	8	33	16	
23	46	38	50	39	2	18	17	22	47	12	50	46	25	16	5	46	22	19	44	
44	19	38	47	1	50	44	7	33	42	2	2	49	20	41	13	18	26	5	42	
48	3	31	44	13	35	35	36	47	27	11	31	43	37	7	8	3	22	46	10	
On machine	62
31	21	17	21	34	20	15	22	21	12	6	46	1	11	30	47	30	42	3	36	
22	23	38	8	45	30	3	47	49	14	2	10	2	12	8	4	17	22	7	19	
39	38	8	26	5	16	16	9	44	28	29	12	43	39	4	17	5	5	40	3	
43	50	27	50	45	50	29	41	16	38	21	50	8	6	32	25	14	4	39	45	
26	14	6	45	37	33	42	27	27	2	13	41	30	5	9	50	20	19	14	34	
30	42	7	28	27	43	29	30	37	35	20	22	44	46	7	20	35	39	29	8	
8	4	30	46	37	27	46	10	18	49	9	4	42	10	42	47	17	45	34	1	
3	47	36	21	35	32	10	1	9	11	24	33	28	36	48	50	12	34	5	21	
13	14	32	8	9	49	33	26	49	10	15	24	42	11	44	22	25	45	15	50	
50	50	15	8	30	7	21	33	43	23	34	4	48	1	29	12	7	4	11	1	
41	38	15	14	21	35	8	34	38	8	30	4	8	25	24	13	49	47	41	33	
46	21	25	17	30	22	41	19	44	1	20	22	2	4	6	3	38	15	40	28	
18	35	13	7	23	36	34	44	43	28	23	31	47	28	9	3	14	24	6	17	
38	29	12	33	6	30	15	20	32	16	15	47	35	20	29	7	14	20	29	22	
40	28	3	12	8	11	16	48	32	21	16	16	42	42	23	10	21	37	21	50	
49	13	23	36	3	37	34	15	4	12	49	26	42	34	4	28	32	32	4	5	
19	10	20	50	5	13	14	11	33	31	37	23	48	30	23	2	23	33	39	30	
32	37	33	1	20	19	44	41	24	23	46	9	27	26	22	13	16	21	2	47	
30	35	37	3	9	7	16	17	9	23	45	3	16	17	16	3	39	28	26	38	
26	2	46	12	33	30	2	30	30	30	19	3	7	16	16	46	4	28	37	22	
On machine	63
13	41	38	23	40	34	21	33	40	22	16	17	32	16	11	40	6	1	21	7	
48	18	27	25	37	5	28	37	11	23	3	9	22	24	47	14	37	49	31	26	
8	9	7	25	32	25	4	43	34	41	4	44	18	9	8	31	5	25	7	41	
38	38	21	16	17	13	4	16	19	41	26	12	26	27	37	7	38	25	14	46	
43	48	9	39	50	11	8	37	32	13	34	40	4	31	10	42	5	50	14	18	
46	9	26	21	1	36	3	14	43	9	39	50	42	9	32	36	35	3	32	2	
12	13	43	50	44	19	3	14	18	44	14	2	48	37	6	46	33	19	1	45	
3	5	29	15	38	39	24	12	49	34	6	48	11	31	50	32	12	3	18	22	
34	7	8	13	37	4	22	9	35	10	8	40	21	28	4	6	15	46	6	23	
10	7	47	28	49	49	11	37	22	50	33	2	41	29	29	24	41	21	25	30	
13	38	30	3	18	26	40	46	3	19	24	39	5	25	10	11	5	17	49	41	
14	43	30	6	38	38	30	22	10	19	29	29	16	26	10	15	23	41	35	17	
21	47	24	10	40	23	30	32	13	42	34	26	20	25	46	46	31	6	37	30	
46	46	46	49	24	11	45	38	21	49	17	40	32	4	18	26	27	5	8	4	
43	3	38	29	12	26	29	19	45	45	42	1	46	4	48	25	39	29	5	33	
11	46	43	45	11	45	42	5	30	1	1	14	1	17	22	44	20	30	48	44	
23	3	12	18	20	44	23	48	9	2	50	9	4	37	21	14	43	31	12	45	
41	44	9	24	33	45	21	28	39	11	23	31	38	40	5	36	17	3	34	1	
40	33	44	27	1	22	20	29	49	7	33	10	40	45	44	3	38	20	44	38	
41	3	42	23	20	32	42	5	18	6	23	41	21	35	36	42	3	21	27	11	
On machine	64
12	29	43	37	38	11	44	4	22	22	23	4	43	3	41	30	20	26	17	29	
4	40	17	38	21	50	3	15	27	18	42	28	46	37	48	10	7	31	26	3	
35	50	27	35	44	20	14	3	13	47	39	8	3	45	50	50	21	12	14	9	
50	18	10	46	38	10	47	26	32	13	13	5	19	25	42	31	7	2	6	32	
44	36	40	34	26	8	35	3	24	16	41	1	23	13	31	29	16	28	31	48	
5	38	44	8	44	42	42	6	39	18	36	31	18	37	36	44	1	45	4	26	
30	27	36	25	10	47	24	33	22	49	41	7	39	41	9	8	47	35	10	49	
36	40	48	25	42	25	50	46	6	23	2	4	39	45	46	7	3	40	11	10	
8	26	24	2	6	18	20	49	37	9	7	19	27	6	9	15	17	21	19	20	
18	33	38	13	22	39	3	39	37	22	32	48	40	31	50	8	27	19	2	32	
25	49	2	45	44	38	24	7	6	42	40	14	25	7	32	14	7	20	10	20	
36	15	49	36	30	45	15	4	45	44	11	3	35	45	43	31	21	41	10	19	
6	5	18	8	31	20	33	32	8	12	32	45	47	47	41	12	19	17	11	46	
11	31	12	10	20	22	33	41	3	13	27	47	34	7	47	30	23	47	19	7	
28	28	12	47	16	44	34	39	15	16	20	1	20	28	16	48	44	34	42	5	
2	20	21	32	17	29	27	14	13	37	49	13	26	1	16	47	21	44	25	3	
24	13	28	33	43	34	28	19	2	46	20	6	50	1	14	50	30	38	39	47	
24	40	12	46	12	38	19	49	9	4	7	31	2	33	11	3	7	9	42	14	
10	46	28	7	43	35	15	44	21	47	31	39	34	24	28	46	43	1	13	5	
31	39	12	20	48	4	23	33	7	14	40	26	19	39	19	17	36	35	24	19	
On machine	65
21	13	33	12	19	13	32	45	14	40	3	50	50	8	21	39	21	35	19	27	
44	48	9	3	22	31	27	35	41	13	16	31	7	21	13	36	44	49	31	33	
49	48	13	1	46	31	45	33	5	40	34	1	48	29	11	9	4	32	17	15	
27	10	17	46	36	50	43	50	8	35	21	4	40	8	38	2	8	49	18	36	
50	34	29	21	23	19	12	37	23	11	47	5	38	7	49	30	31	17	24	47	
30	19	13	33	37	17	6	43	10	43	3	27	22	19	42	4	48	2	34	12	
36	7	19	38	15	19	37	31	6	44	44	38	25	36	10	41	40	8	7	27	
35	33	47	14	43	45	50	35	38	49	26	34	24	3	37	20	41	30	7	48	
17	34	13	32	2	47	2	33	1	13	37	38	12	22	27	13	20	27	33	40	
7	4	27	23	37	37	6	9	18	26	14	1	27	27	19	16	34	22	49	47	
1	48	37	41	20	30	5	4	3	32	13	6	18	42	40	28	38	3	22	33	
43	16	44	22	27	35	14	4	7	24	49	47	35	2	20	17	50	18	16	40	
47	47	45	2	41	10	39	1	11	40	26	46	39	45	39	21	11	22	44	42	
25	12	42	40	9	18	32	42	47	7	29	50	31	17	9	18	35	44	31	46	
26	24	24	49	30	21	13	28	47	1	31	35	5	12	50	26	29	28	19	39	
38	49	3	44	46	28	46	46	1	37	1	2	19	16	16	9	40	27	33	44	
17	2	5	35	2	11	7	43	4	50	32	45	30	3	21	42	14	41	38	17	
38	5	49	5	44	12	47	41	40	47	37	14	38	49	35	8	43	36	14	6	
21	1	29	11	8	22	26	14	30	34	43	8	40	44	12	13	27	3	25	4	
7	5	6	39	10	37	28	23	28	42	32	36	24	9	28	15	22	8	35	1	
On machine	66
5	12	12	46	2	19	30	28	25	36	40	38	9	22	36	50	22	39	17	32	
27	29	42	23	3	49	26	17	25	48	25	31	25	31	48	13	11	30	50	40	
9	16	1	19	36	48	45	50	41	32	31	25	42	30	37	38	37	8	26	44	
4	35	27	47	18	24	17	29	41	5	21	11	12	8	39	34	40	41	39	42	
9	42	32	8	1	12	20	17	44	21	28	13	3	33	12	4	26	33	39	1	
34	45	30	20	35	24	33	41	45	12	31	43	7	47	18	4	49	41	16	34	
8	39	50	17	14	25	8	7	12	49	19	8	41	28	26	28	40	38	28	11	
28	10	12	40	20	45	34	43	33	16	36	18	17	42	1	11	18	25	32	30	
4	6	6	38	15	1	12	37	6	27	26	38	11	38	47	40	36	23	4	17	
30	24	23	23	45	44	28	3	26	18	45	43	12	10	43	10	18	29	18	26	
30	39	1	3	30	27	6	31	49	39	28	26	41	16	9	44	6	2	3	16	
46	48	25	26	14	33	30	6	24	1	46	49	18	6	46	5	35	20	45	45	
27	8	43	11	22	40	40	39	46	33	7	32	10	15	30	19	20	25	30	37	
49	8	19	11	32	50	32	40	24	31	35	22	13	25	15	11	6	34	24	30	
47	48	29	30	10	13	3	38	20	25	43	27	11	39	21	14	43	35	38	27	
10	29	15	10	46	6	50	42	6	9	5	45	17	12	45	4	19	15	33	20	
32	16	40	13	4	22	23	2	41	25	21	39	7	44	9	22	20	18	45	38	
37	34	16	33	13	34	35	8	48	44	36	43	37	21	5	16	30	37	46	49	
40	36	6	36	23	45	9	43	28	21	25	10	25	50	2	27	40	17	10	14	
29	11	15	7	6	46	41	3	39	25	9	26	43	41	13	30	41	21	46	49	
On machine	67
21	6	25	13	44	36	44	26	15	22	25	23	35	17	24	1	6	39	7	47	
19	39	46	16	22	17	32	23	49	41	10	17	26	7	20	1	45	24	28	28	
16	33	33	38	7	31	9	50	47	46	20	36	29	3	8	31	26	28	47	1	
11	47	43	16	31	46	22	22	31	15	21	13	50	47	2	29	14	46	2	15	
33	6	32	29	24	50	9	18	31	33	43	23	48	14	18	4	31	25	3	18	
38	24	41	17	18	28	50	12	38	11	10	42	42	28	34	17	45	14	23	30	
21	7	40	37	7	11	19	22	45	22	11	35	37	10	43	44	18	39	10	3	
49	47	15	41	34	41	40	48	13	34	23	50	20	17	2	6	1	28	16	22	
43	14	12	32	11	6	23	5	47	47	9	44	3	37	8	8	28	5	41	25	
6	36	4	43	32	14	8	37	43	45	9	9	49	41	29	3	50	49	6	9	
33	4	10	3	41	12	14	22	36	44	7	47	4	50	50	42	9	29	48	30	
30	21	42	16	13	21	16	46	36	7	44	40	25	6	6	46	47	25	17	28	
26	31	28	21	29	19	44	18	38	37	12	49	37	37	29	29	25	17	42	21	
1	47	12	28	38	35	1	32	32	9	33	46	24	22	49	46	29	22	16	26	
40	21	21	13	15	22	13	12	18	24	30	44	6	39	10	20	28	36	8	13	
10	48	22	37	17	16	12	24	17	39	25	10	2	50	46	16	14	33	20	5	
5	27	37	2	39	5	47	30	25	41	13	46	18	6	31	24	41	5	21	24	
34	1	14	40	37	7	15	4	41	50	3	5	27	4	14	4	21	4	12	39	
37	9	37	24	12	8	16	40	13	43	35	50	9	23	8	24	16	32	1	9	
42	14	15	13	12	29	8	5	15	16	22	43	24	35	27	5	12	29	40	26	
On machine	68
45	48	36	10	37	40	49	49	4	50	45	37	46	4	4	25	8	6	25	19	
45	47	29	7	36	32	31	35	12	39	44	10	18	40	49	30	29	43	3	44	
30	33	22	39	14	39	36	15	49	31	26	3	47	14	29	1	40	39	23	32	
17	42	18	11	36	2	30	32	41	23	47	21	28	35	47	39	47	9	37	28	
11	40	41	6	39	1	30	35	7	35	25	4	36	8	41	26	49	14	22	21	
46	50	45	22	42	2	38	23	11	48	48	10	34	1	47	40	28	15	33	2	
16	20	22	33	42	23	9	12	33	42	15	11	28	34	28	4	18	23	13	40	
8	39	49	30	32	19	4	31	12	10	27	30	17	45	35	15	25	8	10	5	
48	10	34	5	48	21	3	21	24	35	39	32	50	32	31	37	24	7	25	40	
18	50	12	6	47	48	25	13	3	17	2	4	4	21	33	4	33	8	16	47	
5	40	5	37	47	48	45	1	15	9	27	15	6	27	37	11	50	31	6	23	
16	11	32	42	1	35	20	4	20	5	48	34	40	42	20	10	32	15	17	30	
42	42	42	33	37	6	6	17	29	40	35	23	32	34	50	20	27	34	24	33	
24	47	6	36	11	21	40	24	30	37	27	6	44	37	21	31	46	29	3	26	
33	6	12	20	44	8	5	13	28	47	23	14	19	48	49	38	23	43	4	17	
29	19	44	4	14	14	3	32	29	6	43	12	5	42	4	35	8	20	17	5	
21	40	34	48	15	45	40	5	25	31	22	12	17	30	4	48	7	5	12	35	
19	23	15	41	24	16	1	50	19	46	42	22	35	7	34	8	40	2	31	44	
44	15	35	7	17	2	36	30	34	42	27	27	9	15	50	46	9	47	37	40	
2	5	2	18	31	28	16	40	50	10	41	10	49	24	34	2	41	4	45	10	
On machine	69
42	37	43	47	5	34	18	48	8	43	21	10	7	37	50	44	42	41	47	24	
17	3	41	45	11	13	36	23	39	43	35	46	48	20	27	16	2	16	21	50	
50	13	9	21	12	2	5	5	16	22	8	17	34	48	5	24	14	17	13	27	
20	48	26	31	20	43	14	35	46	7	25	49	42	4	6	1	37	31	16	33	
20	50	44	20	7	30	18	28	39	30	7	42	13	19	40	14	1	37	47	38	
30	46	23	25	15	48	40	42	10	31	9	31	10	16	43	48	32	42	33	8	
2	32	5	47	33	42	17	46	8	4	4	25	40	21	45	16	6	30	43	11	
41	27	7	46	47	46	3	35	18	30	45	36	29	14	46	16	15	32	1	10	
6	41	35	24	15	48	10	13	17	37	38	32	31	12	49	11	37	18	30	4	
27	43	47	45	32	48	50	49	37	18	23	27	11	40	9	38	10	6	43	26	
18	24	35	2	17	47	43	45	47	21	48	8	28	32	14	18	20	23	23	16	
8	41	23	13	19	7	23	13	4	1	47	14	13	14	35	18	33	30	48	33	
29	44	15	8	26	37	1	26	19	49	26	42	13	46	41	44	36	43	23	45	
15	11	24	32	16	11	45	31	45	46	41	11	16	28	32	37	45	7	34	19	
27	39	47	37	7	3	37	48	39	13	42	23	15	1	45	12	41	46	45	12	
26	24	50	46	46	10	6	14	33	16	46	4	27	49	9	50	8	30	46	21	
39	27	31	16	43	11	29	45	12	42	32	33	12	38	29	27	14	29	14	37	
27	32	21	32	18	31	1	5	7	22	44	34	13	5	3	1	35	37	2	41	
36	39	21	22	39	45	23	37	49	11	12	37	6	3	43	45	13	17	26	20	
17	50	10	23	44	1	41	39	10	24	10	32	16	27	49	17	1	29	38	49	
On machine	70
49	16	32	40	10	15	9	35	2	33	39	39	32	16	45	20	44	27	27	24	
24	24	47	35	17	7	41	26	49	49	14	27	21	45	32	10	43	7	33	18	
12	12	38	7	31	18	21	38	41	28	27	29	16	11	37	23	21	25	25	14	
46	41	49	22	26	28	47	33	22	28	21	30	18	43	32	19	22	46	40	47	
39	35	12	19	16	31	14	15	50	38	26	15	40	4	24	36	40	8	32	14	
13	35	1	2	43	40	1	9	33	47	21	19	37	30	2	30	7	14	49	38	
27	3	18	38	27	12	17	28	45	49	38	47	34	6	50	21	26	7	46	28	
28	50	46	25	10	25	21	2	12	16	12	9	18	43	10	34	3	16	20	3	
23	14	36	36	6	31	40	4	41	38	19	36	19	6	30	28	46	31	48	39	
25	18	48	1	16	37	21	23	25	48	9	11	29	9	28	5	13	2	8	3	
5	49	15	6	39	44	48	50	47	48	35	47	30	13	27	28	38	6	16	30	
7	42	13	5	21	22	41	47	45	14	8	32	15	14	50	36	5	42	9	36	
38	10	16	38	17	36	21	24	33	21	48	41	42	34	35	35	33	15	11	19	
19	16	3	30	25	28	2	20	18	10	42	4	34	9	2	50	20	42	39	49	
47	44	41	3	15	28	6	39	17	39	38	3	20	9	14	8	12	25	7	1	
7	28	39	4	22	36	10	35	39	34	39	39	15	47	13	8	22	13	50	37	
32	34	50	5	14	41	27	4	26	18	2	41	8	27	30	48	39	24	24	32	
45	48	3	26	17	15	47	38	35	21	24	47	48	25	25	25	17	32	14	44	
46	13	17	34	10	18	38	41	43	25	9	15	38	39	42	48	34	21	38	45	
16	2	10	33	22	11	31	18	32	19	36	35	9	22	49	35	1	31	12	46	
Reldue
-1	1683	-1	-1
-1	1985	-1	-1
-1	1410	-1	-1
-1	2610	-1	-1
-1	2323	-1	-1
-1	1586	-1	-1
-1	1052	-1	-1
-1	1469	-1	-1
-1	2221	-1	-1
-1	2265	-1	-1
-1	1121	-1	-1
-1	906	-1	-1
-1	1850	-1	-1
-1	1553	-1	-1
-1	1609	-1	-1
-1	2699	-1	-1
-1	2538	-1	-1
-1	2342	-1	-1
-1	1923	-1	-1
-1	1202	-1	-1
