Families	40
Machines	10
MaxSetupTime	50

Number of Jobs in each Family
7	5	4	2	4	7	7	10	10	1	8	8	1	2	2	7	2	6	6	7	9	5	4	4	3	3	6	6	9	3	10	4	10	9	7	4	3	3	3	8	

Jobs in each Family
0	1	2	3	4	5	6	
7	8	9	10	11	
12	13	14	15	
16	17	
18	19	20	21	
22	23	24	25	26	27	28	
29	30	31	32	33	34	35	
36	37	38	39	40	41	42	43	44	45	
46	47	48	49	50	51	52	53	54	55	
56	
57	58	59	60	61	62	63	64	
65	66	67	68	69	70	71	72	
73	
74	75	
76	77	
78	79	80	81	82	83	84	
85	86	
87	88	89	90	91	92	
93	94	95	96	97	98	
99	100	101	102	103	104	105	
106	107	108	109	110	111	112	113	114	
115	116	117	118	119	
120	121	122	123	
124	125	126	127	
128	129	130	
131	132	133	
134	135	136	137	138	139	
140	141	142	143	144	145	
146	147	148	149	150	151	152	153	154	
155	156	157	
158	159	160	161	162	163	164	165	166	167	
168	169	170	171	
172	173	174	175	176	177	178	179	180	181	
182	183	184	185	186	187	188	189	190	
191	192	193	194	195	196	197	
198	199	200	201	
202	203	204	
205	206	207	
208	209	210	
211	212	213	214	215	216	217	218	

Total number of jobs
219

Processing times of jobs
9	10	3	8	8	8	3	10	1	1	
4	2	5	5	9	10	2	7	3	9	
1	3	2	3	4	9	10	2	6	5	
5	2	2	9	5	8	6	4	3	7	
1	8	4	5	5	6	3	10	2	9	
5	7	7	5	10	1	6	7	10	7	
10	2	4	1	6	7	4	2	6	1	
6	4	2	4	6	1	2	5	9	7	
9	5	1	3	2	2	9	7	9	8	
6	5	4	10	2	1	7	7	3	7	
9	8	2	6	9	9	5	9	9	10	
7	2	4	1	3	5	5	1	10	10	
3	7	1	1	10	3	1	6	3	3	
7	8	2	10	1	4	7	5	10	9	
5	4	9	2	6	2	9	10	8	5	
8	3	3	1	4	10	9	9	6	2	
6	6	7	5	4	4	7	10	2	2	
2	5	10	5	9	1	6	6	8	10	
9	3	7	8	8	9	9	8	1	2	
2	3	9	6	1	1	10	6	7	9	
8	4	8	8	4	5	2	5	3	7	
2	6	8	6	5	10	7	8	5	7	
1	6	7	10	2	4	7	9	8	10	
5	8	3	1	9	1	1	5	10	6	
1	9	6	1	6	7	4	8	6	4	
2	5	9	3	3	6	2	2	2	1	
7	10	8	1	3	9	8	3	3	8	
4	1	8	8	10	4	2	3	4	8	
5	1	10	3	8	3	6	8	4	8	
10	8	2	5	4	6	2	2	3	3	
6	1	5	3	9	2	2	2	3	8	
4	1	3	1	10	7	3	6	1	5	
3	1	8	6	4	10	6	1	9	7	
1	5	10	6	9	4	7	5	2	10	
7	8	3	9	1	2	8	7	1	6	
10	9	10	9	1	9	6	5	9	6	
5	8	9	7	2	7	1	7	1	6	
6	8	10	6	4	8	8	7	8	5	
6	8	4	2	7	2	8	8	10	7	
2	8	8	8	5	4	5	3	5	8	
10	2	6	7	4	3	6	1	9	2	
9	5	10	7	2	10	3	5	6	10	
10	9	8	5	6	4	7	1	6	2	
5	5	7	2	10	10	3	4	4	8	
10	5	10	4	6	8	7	6	7	9	
8	4	1	6	6	4	10	6	6	10	
2	9	7	9	10	8	8	7	4	4	
5	1	1	1	10	7	9	8	1	8	
9	5	3	10	5	4	3	9	2	10	
6	5	4	10	3	1	10	5	1	3	
8	10	4	9	4	2	4	1	4	8	
10	5	7	6	2	1	9	2	1	1	
5	2	4	4	1	5	2	6	3	4	
5	8	8	3	3	4	2	6	9	8	
7	6	9	9	2	10	4	3	4	2	
4	6	4	5	3	2	10	6	3	4	
5	3	9	10	1	8	2	4	10	9	
10	4	6	9	5	7	7	8	1	4	
8	10	6	6	10	10	3	6	5	8	
8	7	9	9	5	1	1	4	7	9	
8	3	10	3	3	10	2	4	4	1	
4	9	4	9	9	3	8	2	9	7	
1	6	5	2	6	10	2	2	5	8	
7	8	5	7	1	5	9	6	5	7	
8	3	9	3	7	6	9	3	2	3	
10	4	2	6	1	1	10	8	9	1	
6	4	5	1	7	1	3	1	4	6	
10	9	9	3	1	6	5	1	3	8	
3	1	10	5	7	10	4	1	7	6	
4	5	5	2	6	6	3	5	3	1	
9	4	7	6	1	2	4	9	9	9	
2	1	3	4	1	1	8	1	7	3	
7	10	6	9	4	2	5	5	8	1	
5	2	4	7	8	2	10	2	6	9	
8	2	3	1	2	1	10	10	3	10	
9	3	7	4	1	8	9	4	1	2	
2	3	7	9	4	4	6	9	3	9	
3	9	1	8	8	5	8	10	10	7	
5	8	2	10	5	6	5	9	1	1	
5	2	8	3	8	3	2	6	1	7	
10	3	5	2	5	4	1	3	5	4	
2	5	7	6	5	9	7	2	2	1	
3	8	10	5	5	2	8	8	4	1	
10	7	9	3	6	3	10	5	7	1	
3	10	8	1	9	3	3	8	4	7	
7	1	7	5	2	6	2	8	4	3	
6	9	9	4	2	5	2	2	5	3	
3	9	7	6	7	7	5	10	3	4	
2	7	8	9	2	3	8	5	2	8	
6	2	2	1	4	10	9	5	10	4	
3	2	2	4	10	9	7	5	8	7	
4	3	6	5	10	4	8	2	8	10	
7	6	10	7	5	1	6	1	1	4	
8	2	1	1	9	5	9	1	7	3	
7	2	3	2	3	4	5	8	7	4	
8	8	9	4	4	1	6	8	5	6	
9	3	10	1	8	5	7	5	2	1	
3	4	3	6	5	3	1	10	8	1	
9	6	7	7	5	1	9	2	4	9	
3	2	8	2	6	7	4	10	10	3	
5	4	7	5	7	9	8	6	1	2	
10	2	4	7	2	10	4	4	2	1	
6	6	4	8	10	7	7	9	1	5	
8	7	5	3	8	2	3	5	8	2	
8	6	5	10	9	2	7	9	9	10	
10	4	4	7	8	10	2	8	3	6	
10	4	9	9	4	8	3	9	4	3	
7	2	2	7	1	5	10	5	8	5	
9	1	5	8	10	10	8	10	3	8	
10	6	7	8	3	7	6	4	10	3	
5	10	6	9	2	10	10	4	6	1	
3	7	10	8	6	2	2	6	10	3	
4	9	1	9	3	6	7	1	7	3	
8	9	10	4	8	1	7	10	4	8	
4	3	3	1	10	5	8	3	6	3	
8	3	10	1	8	9	5	4	2	1	
9	9	3	3	7	3	9	7	5	2	
8	4	7	10	8	6	8	4	7	6	
7	9	4	6	7	10	4	4	7	4	
8	2	5	3	9	2	6	5	2	9	
9	8	10	2	9	8	8	3	2	8	
9	10	3	4	5	10	6	8	9	9	
9	1	10	2	5	10	5	10	9	2	
2	6	3	10	7	9	7	8	9	2	
10	5	6	10	5	3	8	5	4	5	
2	3	4	10	6	4	6	4	7	1	
7	2	2	8	1	3	5	2	9	5	
5	7	1	2	2	10	1	1	6	9	
10	2	9	8	7	1	1	9	1	8	
8	6	7	7	5	5	10	6	7	5	
7	5	2	2	4	6	8	8	7	3	
6	5	6	9	3	10	4	8	9	10	
4	8	1	9	5	8	5	4	1	2	
8	9	8	9	2	1	7	10	6	5	
5	2	5	9	3	7	7	2	7	7	
7	1	1	7	3	2	6	6	2	4	
8	9	10	9	7	9	7	7	10	1	
9	5	10	5	1	4	4	10	9	10	
3	3	3	7	6	10	6	8	10	1	
7	9	8	7	9	5	4	6	6	10	
4	8	10	2	6	1	3	2	10	10	
8	4	2	9	5	9	2	4	6	4	
2	5	8	5	1	5	7	4	10	10	
6	2	3	10	5	5	9	5	10	1	
1	7	6	1	10	2	6	4	1	4	
5	3	6	9	3	3	6	10	1	9	
4	4	6	4	5	7	2	7	4	4	
10	3	10	6	1	3	7	7	6	6	
10	2	10	10	8	4	3	7	7	5	
3	8	7	1	5	4	8	6	7	3	
2	8	10	7	10	1	8	6	8	2	
4	9	9	9	3	9	6	9	4	8	
6	6	4	4	4	4	10	4	10	5	
2	3	9	2	5	3	2	6	4	4	
6	7	9	7	3	3	2	3	10	8	
1	4	2	1	10	6	8	10	6	2	
5	4	2	2	8	10	5	9	9	1	
9	1	10	2	7	2	8	5	1	6	
8	2	6	7	2	9	5	3	2	3	
9	4	9	3	10	4	9	1	7	5	
1	8	9	9	4	6	7	9	10	6	
2	3	1	8	10	7	1	9	3	4	
7	7	8	1	1	10	6	10	9	1	
4	1	4	4	2	5	6	1	7	5	
6	8	3	10	8	5	10	1	5	1	
1	10	7	2	7	6	10	10	5	6	
1	8	1	1	5	1	2	6	6	3	
3	9	8	8	4	7	8	4	9	1	
8	8	6	3	5	8	5	3	6	9	
1	8	1	6	6	1	5	6	4	3	
6	1	4	10	8	3	6	8	4	7	
7	1	3	5	1	8	5	6	8	2	
6	1	5	4	6	10	8	3	2	1	
4	4	2	10	2	6	7	4	1	2	
10	1	2	5	3	8	10	6	1	7	
7	10	4	9	1	9	1	7	4	6	
1	5	3	1	10	3	4	8	1	1	
10	4	6	6	5	9	4	8	7	7	
3	4	5	5	3	3	2	8	10	8	
10	3	2	7	1	5	6	1	5	2	
1	1	10	8	1	3	7	3	5	8	
7	4	5	4	7	7	7	8	10	9	
6	3	4	2	6	8	10	3	9	6	
1	4	3	3	8	7	9	1	9	1	
4	4	4	2	7	1	4	7	6	3	
9	1	2	8	7	7	6	6	6	8	
6	9	3	1	2	7	10	6	6	4	
7	7	4	3	10	3	9	4	2	3	
3	9	6	7	7	4	2	4	8	4	
8	10	6	8	4	4	4	3	5	7	
10	10	9	10	1	7	2	8	7	10	
3	2	5	5	1	10	1	1	5	8	
8	4	7	4	2	6	5	4	7	3	
6	9	7	7	9	3	6	7	7	7	
1	8	8	6	6	10	1	10	9	6	
10	9	2	6	5	6	3	7	1	8	
4	8	10	2	2	2	7	7	4	7	
8	6	5	5	9	1	4	10	7	6	
3	6	9	4	2	4	9	9	10	3	
9	10	10	3	5	5	3	2	6	9	
3	9	3	7	6	8	1	4	8	1	
5	5	8	1	10	2	4	4	3	9	
4	9	6	4	2	1	4	2	2	6	
6	1	1	4	9	2	9	6	10	2	
4	3	2	5	5	9	9	1	6	9	
4	6	5	3	5	10	8	5	8	2	
6	5	4	7	2	7	10	4	9	10	
4	10	7	5	8	4	8	5	3	4	
7	10	2	3	3	8	3	5	9	8	
7	9	1	8	4	4	8	7	9	2	
3	2	3	8	7	7	3	3	5	9	
2	3	10	9	10	7	4	3	7	3	
9	9	4	2	2	1	2	4	2	2	
6	2	4	5	6	4	2	2	8	5	
9	6	4	5	5	3	6	2	5	5	
2	5	4	6	5	2	7	9	1	5	
10	9	6	2	7	4	3	2	4	2	
8	1	10	7	7	1	10	4	2	4	
7	5	4	10	2	8	10	8	7	2	

Stepup times between family, where [f][f] represents initial setup time
On machine	1
44	35	50	45	13	15	17	4	32	18	30	22	22	45	24	4	47	11	20	23	7	15	43	19	1	26	41	3	15	6	27	50	14	49	34	36	29	7	29	14	
17	42	40	3	6	26	47	50	44	22	29	11	47	39	23	11	46	47	42	17	4	1	25	9	29	13	30	16	4	4	36	35	5	47	22	5	18	6	43	37	
31	43	4	21	42	35	45	18	23	48	14	11	29	7	9	16	21	7	36	47	27	33	38	16	42	24	41	10	21	28	10	17	31	49	9	18	2	35	42	26	
16	49	1	32	11	28	6	31	47	23	11	11	26	30	48	22	43	43	46	2	40	35	8	15	11	2	18	47	40	27	47	20	18	22	21	11	18	40	50	29	
14	46	29	43	44	33	43	4	39	45	32	40	13	43	7	12	8	39	6	14	18	27	21	17	20	1	31	19	35	8	19	14	45	2	22	5	24	50	23	21	
8	40	30	29	44	44	33	42	26	44	26	30	22	48	4	15	21	38	7	2	25	15	13	39	33	35	49	22	2	36	40	19	49	25	27	13	44	37	4	1	
35	6	1	6	19	15	42	24	5	22	32	5	28	36	28	10	20	49	40	37	24	8	48	9	32	41	9	23	35	9	9	14	36	27	40	46	49	34	46	22	
5	15	7	12	47	18	38	19	8	28	26	18	19	18	10	42	41	13	40	38	41	8	8	40	39	25	16	19	45	19	41	37	32	20	45	28	16	49	46	32	
1	23	2	18	21	10	7	9	23	31	7	15	40	40	43	40	8	23	15	46	41	36	26	12	50	16	25	15	19	13	28	1	4	45	28	33	44	5	12	33	
22	11	16	33	18	40	16	46	15	31	34	28	10	41	22	19	31	8	38	11	5	26	17	25	18	26	26	22	6	28	43	8	21	18	46	6	2	12	22	42	
11	34	41	3	18	43	4	32	1	18	16	25	40	22	30	10	11	1	35	23	4	22	48	25	47	42	22	5	17	37	11	6	42	23	18	24	20	13	39	4	
34	29	8	33	44	17	50	7	12	22	50	10	6	28	8	6	15	8	32	17	37	13	32	31	39	43	9	7	3	26	33	24	41	25	39	28	39	3	6	25	
40	1	49	20	25	44	23	19	38	44	26	42	44	38	32	17	12	41	41	14	48	50	2	41	35	22	28	42	31	24	10	41	42	32	42	12	48	19	25	42	
11	8	1	38	26	1	29	31	49	31	14	26	46	41	31	33	33	26	8	36	34	37	4	13	3	43	34	43	27	3	42	14	34	32	27	27	14	1	38	20	
2	26	16	4	41	35	47	18	20	37	44	7	15	46	10	43	19	36	29	24	9	17	33	43	41	41	47	11	3	6	43	39	5	19	34	39	40	24	24	24	
36	31	25	5	1	45	17	46	48	2	15	26	30	8	7	15	16	8	20	31	5	30	23	47	15	21	20	11	4	4	32	28	41	32	13	34	41	45	23	39	
4	32	15	34	45	42	49	49	45	18	41	44	40	45	13	48	11	42	32	20	22	35	2	24	22	5	2	11	11	12	3	41	35	38	20	47	37	31	12	49	
7	41	28	11	13	50	11	2	29	30	27	6	47	11	4	27	8	43	40	15	29	25	48	17	36	38	10	42	33	9	40	27	31	47	11	9	46	4	19	40	
15	38	47	50	28	32	21	6	11	29	18	27	4	45	29	3	29	4	7	9	23	36	35	29	32	18	34	28	3	41	18	11	32	37	34	36	37	24	43	18	
32	6	37	7	11	34	45	36	22	38	29	11	3	18	17	29	46	11	11	11	11	8	3	5	4	37	36	28	20	24	22	3	50	30	14	43	18	10	33	47	
4	31	15	28	27	49	37	24	44	48	50	11	46	4	40	32	17	8	28	37	1	29	35	23	29	26	37	8	42	12	19	28	39	22	2	14	44	24	19	7	
26	24	47	11	26	31	34	46	13	12	30	8	7	36	34	21	2	7	12	46	28	36	8	14	4	46	38	41	35	43	31	41	27	21	5	10	32	50	47	8	
15	10	22	43	22	13	44	2	15	6	28	26	5	3	22	36	6	3	7	24	8	49	16	2	7	6	1	14	39	18	42	33	41	31	45	22	19	30	17	43	
5	22	31	19	50	31	16	25	17	31	46	17	47	42	38	46	39	41	32	11	27	18	5	45	12	19	3	5	22	11	26	47	49	31	34	14	9	50	49	26	
3	24	21	15	27	39	19	19	26	1	49	47	10	8	7	16	46	4	21	47	28	37	18	12	48	25	17	36	21	12	28	49	27	24	49	29	32	49	6	41	
6	14	15	26	14	42	31	17	45	15	18	39	5	29	49	32	27	15	33	26	39	40	23	15	38	36	38	6	26	19	44	49	44	41	39	36	38	4	49	20	
37	23	17	37	7	36	26	18	31	22	48	28	16	33	43	50	15	36	24	42	6	24	8	28	18	49	15	13	30	30	38	49	5	42	29	36	2	17	38	23	
1	42	27	12	45	11	48	28	26	46	1	45	25	38	4	32	42	19	40	9	4	2	2	31	23	50	13	45	31	44	15	4	23	7	18	28	38	49	30	19	
49	38	38	44	10	21	27	10	49	17	6	21	35	40	34	19	39	30	19	41	34	10	4	43	30	2	1	47	11	20	50	6	45	45	40	3	25	24	45	35	
42	45	4	33	43	49	31	4	4	21	26	30	30	7	20	8	1	7	25	21	35	45	2	10	37	43	24	41	44	37	50	35	20	24	4	12	10	29	50	24	
10	36	43	3	34	44	15	17	48	29	16	40	14	15	38	43	45	8	2	34	37	33	43	17	19	45	37	41	29	41	12	3	9	26	18	18	31	39	23	30	
22	22	42	12	44	35	22	44	25	26	8	2	48	3	39	45	3	42	43	15	8	36	19	3	45	26	5	8	30	24	21	1	44	48	49	25	40	47	11	24	
45	23	47	50	49	27	27	8	39	46	41	26	34	7	48	16	37	14	4	50	17	14	43	40	13	32	23	24	36	34	2	28	9	26	3	42	28	23	40	17	
20	24	22	35	9	1	46	13	2	44	2	41	7	48	6	45	35	44	11	16	43	35	40	39	3	1	12	17	43	1	45	32	25	32	19	28	42	47	50	10	
47	15	5	13	29	1	40	12	33	27	28	36	2	46	14	12	43	29	5	8	38	10	9	3	34	13	24	30	29	38	46	1	46	6	43	43	33	49	33	5	
21	15	44	47	38	39	10	38	3	6	31	9	25	13	44	30	43	41	1	12	36	37	36	45	30	42	40	47	29	23	11	26	7	25	49	45	13	9	46	29	
8	35	35	34	2	10	6	21	24	50	47	44	44	45	4	5	42	26	11	47	1	40	42	1	29	5	37	47	50	23	32	43	41	33	14	5	44	5	19	3	
34	48	19	30	29	40	34	46	17	14	29	50	27	1	14	44	12	7	41	29	26	13	27	28	37	17	15	43	21	17	6	9	40	29	43	39	8	2	24	5	
29	16	36	9	13	39	34	21	16	27	43	43	48	5	47	26	4	2	39	49	37	40	44	34	12	18	19	9	2	43	40	25	8	35	31	47	24	6	47	7	
30	46	22	33	15	29	24	29	18	35	45	50	42	44	42	28	37	10	46	30	18	18	3	26	46	31	43	36	29	34	13	22	3	50	30	16	2	16	41	36	
On machine	2
22	4	41	37	7	26	46	36	25	9	29	43	47	2	43	18	47	32	2	29	27	42	20	36	34	45	28	26	27	30	12	33	36	31	35	48	45	30	33	11	
47	44	4	8	33	5	2	43	14	21	23	10	46	26	47	16	24	30	13	45	1	13	17	39	8	22	42	13	43	17	20	22	13	50	49	7	7	39	31	5	
48	4	25	7	4	33	38	4	22	28	47	23	37	48	30	40	36	42	2	46	4	37	12	32	10	37	2	4	25	2	7	27	22	18	15	46	28	13	14	20	
50	19	28	25	21	45	38	42	4	21	14	49	28	15	20	47	8	11	15	36	33	47	15	23	18	37	26	3	22	5	39	4	5	12	4	3	40	22	43	23	
44	32	24	48	27	4	46	42	26	39	13	50	26	11	50	25	19	9	2	17	45	27	36	46	28	43	41	26	12	41	30	44	14	11	22	3	50	35	49	50	
19	49	17	40	39	31	2	48	26	24	35	21	19	17	3	3	20	4	17	44	30	44	44	39	12	18	39	11	33	24	43	13	38	30	40	1	38	2	15	38	
9	46	39	20	13	8	15	29	11	12	3	42	7	32	2	40	38	43	33	43	33	20	50	48	17	31	25	48	41	35	49	24	16	32	27	31	31	11	48	15	
22	22	14	37	45	34	32	2	12	35	35	13	17	32	24	36	48	39	44	33	43	9	23	5	38	43	5	8	39	3	46	2	30	2	15	23	29	38	36	20	
33	34	7	10	39	9	27	25	24	36	14	10	36	27	47	1	33	16	7	45	34	18	19	50	32	6	24	18	1	35	26	36	3	32	50	28	8	22	25	36	
43	30	34	45	22	4	29	1	15	48	15	8	26	45	30	41	40	8	22	13	49	6	9	2	38	33	9	9	12	15	6	42	13	36	16	27	17	26	7	44	
29	39	22	7	2	35	42	35	24	22	21	21	46	39	40	3	47	40	43	4	6	48	12	24	9	48	49	5	16	20	8	36	15	45	22	4	23	4	23	41	
43	20	24	7	29	46	41	18	44	41	23	20	10	17	23	44	30	20	15	15	29	21	5	6	6	36	46	26	44	20	43	25	40	4	50	43	5	34	5	45	
36	33	34	10	15	31	26	11	17	37	3	22	14	12	27	9	47	8	39	5	44	48	50	16	33	44	16	29	46	48	43	7	4	9	20	18	18	32	11	4	
2	11	9	25	44	21	37	17	12	20	24	30	25	44	46	18	46	27	37	36	24	33	39	45	11	1	13	45	42	16	10	17	36	31	3	41	12	34	2	13	
27	40	10	44	40	26	41	14	46	38	7	5	12	3	30	21	46	50	45	47	15	42	45	14	40	6	4	4	26	7	30	32	32	43	1	42	12	14	23	14	
9	21	25	26	22	48	9	28	40	32	20	42	22	26	12	5	17	26	12	10	36	32	36	32	39	20	16	10	7	49	37	38	22	34	49	41	49	21	47	12	
6	21	41	21	6	33	38	37	22	41	19	8	4	18	28	39	47	31	17	27	48	15	8	11	29	34	47	4	15	31	50	44	37	2	4	29	46	33	31	15	
23	4	13	16	14	47	30	21	39	18	41	44	14	2	24	14	12	7	4	49	18	30	4	27	1	44	49	20	23	11	41	26	15	42	28	44	26	40	6	49	
25	37	34	40	18	23	49	44	4	5	43	29	49	5	1	40	46	6	1	47	35	47	47	17	2	25	47	23	19	31	28	14	35	37	3	25	31	33	23	9	
34	28	26	23	40	23	8	28	29	13	41	37	35	24	18	47	13	47	39	32	21	50	32	15	50	10	2	6	4	17	13	13	20	48	5	36	18	14	36	35	
28	34	22	19	17	43	39	21	38	1	23	26	33	35	5	16	38	13	22	20	16	27	31	1	42	7	19	49	24	38	45	16	21	12	44	2	20	12	8	30	
7	13	22	16	41	30	42	7	23	35	20	27	29	44	9	38	33	29	44	39	22	46	48	12	18	16	39	12	20	22	11	1	22	17	39	23	19	44	45	47	
6	31	36	2	16	24	48	9	46	15	48	32	16	24	33	17	22	24	33	23	16	7	31	26	32	15	3	15	36	7	1	26	44	9	42	9	38	35	22	45	
4	34	10	23	39	28	40	11	17	36	37	1	4	45	15	12	34	40	34	28	3	49	20	41	32	20	50	22	15	30	33	15	9	28	39	17	38	5	47	43	
44	11	37	48	32	33	26	14	25	47	50	3	3	19	35	4	16	20	40	10	17	47	40	23	29	19	49	46	22	11	35	22	9	23	47	39	47	32	38	44	
13	14	9	2	10	4	38	39	14	45	8	45	38	23	1	30	3	35	23	36	41	27	49	3	18	4	28	10	33	29	30	23	25	16	21	10	21	4	6	14	
43	10	12	48	24	28	6	21	23	30	1	46	11	9	4	8	14	45	43	13	6	48	39	27	21	18	23	6	50	23	26	48	29	39	3	46	43	9	50	5	
40	6	11	16	42	31	20	12	50	29	24	44	8	22	30	47	8	2	43	34	32	47	34	44	2	50	47	29	24	14	14	47	22	43	26	7	35	40	45	20	
34	10	16	14	50	49	44	14	20	17	33	39	3	44	5	46	32	16	48	13	4	45	17	47	27	16	5	1	4	20	39	3	36	10	27	22	37	22	31	28	
5	40	48	41	41	10	37	47	7	31	1	38	34	9	48	48	42	45	19	32	6	27	5	44	36	5	24	8	18	46	19	8	25	28	24	41	9	21	9	27	
44	28	15	30	21	49	47	26	3	29	48	43	41	39	50	19	44	48	10	18	27	43	19	12	42	29	9	45	44	2	6	14	37	44	42	43	42	49	43	46	
26	8	1	20	10	15	36	1	46	29	12	8	8	32	13	35	38	24	38	5	37	47	8	22	34	27	50	30	24	5	30	16	7	5	14	9	25	20	2	21	
44	49	48	29	41	22	16	23	17	12	45	48	34	36	6	26	35	8	1	20	45	35	43	3	20	44	41	41	4	37	6	35	35	37	1	31	45	36	24	23	
26	12	40	9	14	21	27	24	42	23	35	34	1	37	47	2	9	17	15	28	3	25	50	17	29	6	22	47	21	10	41	43	24	45	30	32	18	33	18	40	
49	48	1	8	21	48	47	10	33	5	33	27	21	14	43	10	20	41	8	28	49	16	31	4	12	7	12	21	4	9	45	8	15	50	49	38	8	50	16	16	
49	8	32	7	30	21	45	1	9	37	31	47	28	22	50	50	6	5	38	13	24	39	35	24	5	8	36	38	20	26	11	34	43	7	18	33	9	8	24	17	
23	43	1	10	38	22	36	44	33	33	22	28	31	37	21	41	38	38	45	34	40	12	42	39	42	19	4	10	33	39	49	30	1	26	35	33	31	25	1	26	
5	6	35	17	43	19	19	45	19	25	16	50	26	26	38	36	36	26	19	49	43	34	8	37	49	8	32	22	14	29	26	4	21	42	49	15	14	42	26	47	
46	36	36	49	41	16	43	9	40	37	23	5	10	22	49	25	49	27	44	28	14	36	32	40	19	27	43	27	12	38	37	25	28	3	36	44	9	36	50	49	
32	19	45	39	3	15	32	13	41	28	7	1	2	13	26	1	13	10	16	16	26	46	29	3	39	43	20	20	44	50	46	8	10	39	29	28	50	50	46	39	
On machine	3
5	11	13	50	6	11	20	11	48	36	24	46	42	28	15	25	18	8	39	12	44	35	10	50	41	30	33	3	31	13	2	35	18	17	50	11	1	28	30	17	
8	24	50	25	9	25	39	22	18	9	34	4	23	19	14	36	8	32	35	3	25	8	23	47	33	8	39	42	10	36	14	4	16	1	33	17	50	41	20	32	
50	47	15	32	5	48	41	13	47	30	36	18	18	29	12	6	33	14	5	33	16	42	28	34	48	14	41	39	45	19	42	20	25	32	26	14	20	1	46	44	
27	33	46	15	49	46	26	48	3	8	17	2	4	12	27	31	5	22	37	36	36	33	50	7	43	29	15	29	48	6	46	47	24	11	16	38	44	7	36	25	
37	11	30	31	8	11	17	28	34	39	15	32	12	22	9	50	1	49	48	3	1	31	15	37	16	24	45	32	37	18	22	36	7	22	39	34	47	9	18	4	
10	7	30	20	38	22	23	1	29	12	37	36	14	46	5	4	34	7	9	37	26	18	46	41	47	47	44	38	20	19	4	16	4	42	23	10	11	1	30	26	
30	16	22	27	48	13	13	41	22	47	11	28	12	47	30	14	10	5	13	4	5	27	8	45	35	19	30	16	35	3	23	30	25	9	49	9	16	45	26	22	
28	20	10	20	27	3	28	15	42	24	48	18	26	19	40	46	3	37	30	46	28	42	13	22	11	40	5	22	2	37	30	18	24	16	49	15	43	21	5	38	
35	36	4	44	47	28	49	30	38	2	24	33	20	12	30	48	14	49	38	48	38	12	37	26	40	47	50	26	13	12	45	36	15	17	9	11	2	42	34	23	
19	50	50	42	19	34	11	11	24	4	40	13	41	43	21	2	33	4	16	5	48	43	9	48	20	11	32	13	26	30	18	2	49	18	46	26	2	30	21	28	
8	34	15	22	46	31	4	50	6	47	26	42	36	24	6	22	14	27	37	45	27	10	29	49	49	32	26	8	20	33	25	35	12	3	35	16	45	31	16	34	
37	25	27	5	30	36	1	3	23	11	25	27	42	7	13	10	29	22	28	45	32	34	20	8	49	44	19	25	36	16	35	28	11	23	12	19	6	36	7	3	
16	44	11	18	19	7	6	1	10	34	26	38	33	2	36	33	48	35	28	47	29	18	31	6	33	40	50	5	12	16	20	41	12	11	18	44	39	29	48	48	
32	24	16	35	29	19	26	27	14	48	23	30	22	41	27	34	10	42	43	44	43	30	35	26	30	44	14	6	27	24	16	31	43	33	38	47	34	20	38	33	
45	11	26	48	36	10	20	41	49	50	18	48	26	13	28	43	45	17	50	49	26	10	26	45	43	48	23	24	39	49	9	19	18	39	4	41	45	38	19	8	
37	31	36	32	21	35	22	24	15	43	34	13	3	8	11	13	42	1	50	19	39	17	24	48	30	15	41	8	4	33	45	17	33	49	29	8	48	47	3	7	
18	40	25	37	1	21	29	1	4	11	11	28	35	6	49	11	39	22	48	13	47	32	41	14	29	49	33	7	8	6	26	23	22	37	11	5	48	36	40	13	
1	36	20	8	43	26	18	10	28	21	3	16	35	6	45	23	15	37	45	27	49	27	37	7	9	4	26	28	18	19	30	21	10	3	31	6	6	26	36	44	
37	42	10	1	39	7	36	12	24	7	39	40	39	39	36	5	11	2	6	27	11	4	15	41	50	44	49	24	34	4	37	24	38	22	3	45	25	27	23	47	
49	17	12	41	14	8	26	8	9	22	29	49	5	46	48	33	33	9	28	35	2	37	17	11	29	30	12	32	32	26	27	43	50	22	11	28	18	27	44	31	
49	46	24	23	24	14	8	50	48	9	27	22	1	25	15	30	24	47	18	6	40	27	35	19	40	44	47	44	37	40	47	14	38	49	26	42	6	42	22	22	
26	5	19	8	23	2	45	35	28	22	3	1	19	10	26	24	19	17	34	11	11	30	22	38	42	41	5	34	27	26	43	15	5	17	19	45	38	24	7	10	
29	32	4	10	8	1	33	13	36	8	13	9	5	41	16	49	10	13	11	11	36	11	20	30	12	9	12	35	39	27	26	27	9	16	50	35	18	49	14	15	
7	38	25	5	22	32	47	22	44	22	42	11	43	31	11	47	12	40	5	38	2	24	43	12	13	5	35	3	38	7	4	6	20	13	36	43	9	21	16	18	
21	3	46	2	9	23	6	9	15	13	31	47	33	3	4	22	9	44	15	17	36	31	37	42	23	22	25	44	16	24	6	6	17	34	6	15	17	22	25	10	
3	38	38	38	46	50	43	48	40	45	9	36	16	14	40	10	41	19	22	25	22	9	34	36	11	17	15	49	12	29	28	44	33	3	20	22	37	41	49	4	
17	23	46	13	7	49	8	1	10	20	1	28	44	29	40	18	22	5	43	43	28	27	50	48	34	32	20	41	32	10	2	22	46	8	27	3	28	19	17	17	
23	39	41	38	32	49	48	6	3	27	23	24	6	34	27	15	29	3	25	36	5	28	25	9	16	29	23	34	3	14	26	14	12	34	20	2	46	29	25	10	
7	25	18	7	47	4	6	31	48	29	43	2	18	27	42	4	49	11	13	12	28	31	10	4	37	47	34	22	46	22	16	22	30	14	18	11	33	48	3	18	
8	6	36	32	34	31	43	44	25	15	20	49	16	13	39	42	38	44	29	25	14	45	22	30	16	27	24	30	40	25	39	42	17	13	1	27	12	10	18	29	
20	10	13	26	42	7	29	12	29	41	44	21	36	25	31	4	22	22	50	11	25	17	13	2	11	12	4	49	3	10	38	19	35	29	50	48	29	2	41	40	
18	41	48	14	23	6	26	7	45	29	31	10	44	13	37	29	21	49	27	11	14	10	40	2	40	49	19	39	9	19	38	44	28	16	24	31	43	38	48	49	
41	25	36	29	1	6	22	13	47	7	45	25	10	24	37	49	49	1	13	3	50	37	7	30	11	18	7	30	6	46	33	32	9	28	19	12	17	44	42	15	
33	10	37	5	25	33	44	31	16	21	38	39	20	19	21	41	10	32	43	2	17	11	6	6	23	5	32	14	42	30	6	26	4	32	6	50	30	32	7	41	
33	30	8	49	10	43	38	26	4	1	1	18	1	34	3	41	42	4	38	27	2	25	10	21	24	25	49	22	37	11	23	42	42	1	21	27	4	17	23	15	
18	13	30	33	31	21	37	46	44	11	22	9	9	5	3	10	19	45	5	6	50	40	1	31	23	43	50	9	47	40	39	50	29	27	26	20	37	42	24	10	
9	7	41	9	39	3	27	44	26	38	46	30	33	13	12	26	43	37	9	38	15	26	40	26	24	16	27	17	3	9	39	50	20	44	42	12	18	22	37	4	
1	24	10	7	39	22	33	23	43	35	21	33	29	32	50	11	5	8	41	20	34	32	43	13	39	4	20	19	27	33	32	25	49	24	48	43	13	34	24	20	
34	11	3	21	11	27	21	29	35	31	48	37	27	35	4	47	4	42	33	37	24	3	17	37	9	46	44	25	7	9	7	37	27	13	45	37	33	3	40	16	
10	44	33	50	10	6	2	36	47	7	33	2	34	21	47	26	21	1	23	25	45	36	26	48	30	36	45	42	37	17	26	19	33	50	21	31	8	33	3	46	
On machine	4
4	21	49	10	20	45	17	1	39	30	32	40	30	19	45	10	10	18	31	7	22	20	15	50	49	48	47	50	41	8	16	20	9	22	46	1	15	42	11	18	
26	12	11	25	17	12	27	30	39	16	40	9	49	21	37	28	20	11	48	31	15	35	19	49	15	47	4	1	49	38	33	12	23	5	38	30	18	50	31	41	
42	8	38	10	48	3	28	49	6	11	37	22	6	3	30	18	36	49	4	44	15	42	11	43	6	40	9	8	43	10	7	33	4	23	43	16	34	13	9	22	
41	20	50	35	33	29	12	1	8	39	27	7	3	25	15	26	50	28	21	1	25	20	48	13	47	18	44	34	4	24	17	22	49	26	29	8	4	5	48	25	
35	4	35	31	9	40	8	40	15	43	38	41	8	13	39	4	2	11	16	7	18	20	37	46	36	46	37	42	41	35	48	2	42	49	19	12	44	42	5	23	
2	21	41	11	35	5	24	7	18	20	47	43	24	48	25	9	34	16	40	21	9	1	28	21	39	45	18	26	1	7	13	16	29	32	27	25	10	14	10	9	
25	24	45	21	46	30	15	14	12	10	21	49	16	17	40	1	25	12	29	47	3	36	17	19	39	36	36	17	27	41	30	44	29	11	2	30	39	35	43	47	
45	16	45	26	10	9	16	1	33	39	26	42	28	38	47	27	18	32	6	14	43	26	10	9	30	26	47	38	19	32	42	36	39	40	12	17	15	18	1	7	
43	43	27	12	5	13	35	18	25	35	41	19	14	36	38	41	5	34	4	10	35	44	2	41	33	14	44	12	38	2	23	48	25	31	16	48	30	2	12	29	
8	33	38	27	21	31	50	30	14	6	35	3	25	43	45	20	19	20	26	2	27	37	20	5	37	20	46	13	34	18	42	19	14	22	20	8	27	38	30	24	
1	31	45	10	3	3	38	8	5	3	4	24	24	6	7	38	37	18	23	37	49	15	39	32	13	45	31	46	40	47	27	36	7	12	25	24	19	39	37	17	
14	23	45	39	26	41	37	43	21	24	32	11	42	32	45	38	11	20	40	36	42	39	37	34	49	8	22	35	7	45	45	4	45	33	14	1	11	7	36	35	
46	46	31	21	37	8	22	31	12	26	50	11	3	17	41	44	23	39	27	11	22	35	8	20	29	28	10	33	35	25	44	5	14	18	6	3	26	44	50	44	
44	4	47	18	49	23	46	50	4	49	50	41	38	46	18	12	12	2	9	41	3	38	40	8	11	42	30	42	7	47	50	23	31	48	1	49	40	25	14	10	
16	20	32	6	2	19	33	11	30	27	13	14	15	46	45	8	20	41	15	2	25	9	29	18	26	34	8	11	11	20	9	42	50	31	26	38	49	9	14	42	
10	25	17	47	3	48	14	17	25	4	48	32	45	49	3	30	47	20	14	46	46	31	37	17	47	5	6	29	4	4	42	39	39	37	29	37	42	42	4	12	
38	36	4	23	14	1	10	31	24	3	3	4	42	43	12	41	22	25	45	10	46	41	17	42	27	8	40	46	46	22	31	38	18	26	17	25	46	48	16	26	
4	15	17	33	4	33	38	50	18	26	29	43	41	32	19	39	49	20	10	45	13	13	31	22	25	48	8	2	14	44	29	2	7	44	23	13	45	17	28	43	
50	23	11	38	32	34	18	38	16	10	13	40	48	46	3	23	44	16	1	13	47	19	28	1	3	40	12	23	33	21	37	28	9	30	28	41	3	5	23	37	
3	17	3	43	39	33	15	25	17	30	50	21	48	35	26	31	31	44	44	39	44	7	28	23	12	46	24	18	1	10	15	39	2	44	9	27	26	42	11	14	
2	24	17	39	1	50	38	34	30	5	18	1	43	42	24	47	21	43	31	3	43	45	27	35	7	17	43	12	34	29	14	11	2	49	40	15	8	26	4	8	
15	50	9	11	9	30	9	35	46	2	26	50	20	2	30	8	32	21	39	30	5	50	31	48	23	3	13	40	27	42	10	4	47	24	12	40	22	28	46	42	
6	5	16	21	24	27	3	48	4	22	19	13	32	11	3	17	32	4	36	1	41	37	31	23	25	3	25	45	32	47	34	26	23	24	2	46	21	25	42	37	
42	40	19	28	22	39	30	28	19	9	40	28	32	6	7	10	43	28	28	48	1	28	12	14	30	50	30	28	15	10	5	16	33	8	18	41	36	27	50	49	
24	26	26	26	41	7	34	6	28	40	18	8	37	3	35	3	41	46	36	23	34	17	11	45	4	22	12	8	44	35	34	23	4	45	20	42	15	10	45	26	
10	32	14	34	21	7	14	30	28	4	6	39	3	14	25	36	23	30	40	6	2	42	24	21	26	8	35	34	2	17	8	27	40	11	21	40	13	16	21	12	
36	48	28	28	29	1	17	21	4	41	22	46	25	37	36	13	17	9	19	10	30	47	32	38	36	29	19	29	14	21	41	43	3	26	35	4	16	15	12	31	
39	27	14	48	21	38	31	47	19	26	44	11	24	1	31	39	26	36	16	22	11	9	3	23	3	1	5	29	8	33	31	23	40	25	25	25	39	35	24	2	
33	27	36	15	28	3	5	30	7	19	50	7	42	8	8	1	1	19	23	27	18	22	15	10	16	7	46	4	34	24	16	44	28	48	30	50	37	34	4	22	
13	40	30	32	5	39	42	12	31	17	25	14	43	24	6	36	32	9	41	28	2	41	42	2	43	41	25	2	34	50	25	5	16	18	39	27	46	30	40	37	
3	38	37	19	30	1	9	17	8	30	11	42	8	17	19	39	50	40	4	49	4	26	41	27	41	50	5	32	26	17	39	35	5	42	27	10	22	29	29	14	
36	42	33	45	32	6	36	32	30	12	44	27	9	42	12	6	15	47	12	42	16	47	22	17	7	43	28	31	5	5	47	28	41	16	23	48	48	46	2	7	
45	50	15	30	30	21	47	8	7	38	34	10	41	47	16	49	2	39	5	6	7	19	13	20	32	23	12	9	29	5	2	49	20	23	27	30	37	10	36	25	
43	40	4	36	15	28	44	42	22	50	47	8	13	4	23	32	5	4	38	34	33	31	12	14	26	41	21	31	1	39	38	8	45	1	16	18	7	5	19	4	
3	30	45	7	7	21	29	35	13	16	19	21	34	29	11	15	16	13	40	43	30	5	32	10	32	22	35	25	43	34	37	37	5	43	48	15	8	23	42	13	
35	9	15	11	10	42	15	16	18	37	31	5	40	4	23	6	1	29	20	44	11	32	3	13	8	29	34	26	37	1	46	1	6	2	49	12	35	15	29	32	
33	30	17	41	23	22	50	7	49	24	39	49	34	16	40	26	43	16	3	40	3	11	9	10	4	4	20	2	16	34	21	32	21	16	5	47	35	47	27	47	
44	46	2	17	28	29	29	32	43	25	46	28	30	31	25	31	38	25	15	42	36	26	25	33	26	4	3	13	11	41	29	38	49	36	5	49	3	1	14	45	
31	17	36	37	32	23	12	35	35	3	43	29	2	11	31	27	16	29	38	25	45	5	43	14	37	2	48	17	45	23	9	18	10	13	41	38	46	47	10	35	
45	23	11	13	25	16	12	12	34	38	36	31	45	50	20	21	18	31	6	41	1	43	4	13	47	6	49	13	2	29	48	31	6	31	39	37	28	21	36	28	
On machine	5
37	38	45	34	33	21	35	8	43	24	36	37	3	10	26	20	39	41	33	37	19	25	47	41	42	15	20	31	30	44	35	25	13	4	19	26	27	6	49	3	
30	7	14	45	32	27	8	1	31	12	44	36	3	38	42	18	19	48	28	24	18	49	32	5	44	3	13	47	33	22	20	16	37	16	34	47	50	8	18	34	
1	40	28	48	7	4	5	18	28	34	29	39	32	12	3	46	16	24	50	26	42	8	43	44	18	4	37	48	39	1	50	45	19	37	47	9	43	28	48	16	
6	9	37	24	14	13	50	43	22	31	5	11	12	45	37	24	21	45	7	18	29	2	46	7	25	17	15	45	49	40	44	29	42	22	36	20	15	41	29	25	
35	30	18	16	40	4	50	48	24	2	12	45	14	17	8	29	48	32	24	20	32	10	49	41	1	6	18	2	4	9	1	42	27	2	7	43	27	17	44	29	
47	19	20	49	38	41	17	24	10	41	15	33	42	46	19	31	20	24	40	21	14	36	39	7	39	2	30	6	12	24	28	10	17	49	37	29	12	21	3	40	
24	45	3	44	36	3	49	50	14	1	34	8	50	23	33	28	45	50	40	14	30	4	31	31	1	33	19	18	12	6	10	6	11	11	2	8	43	32	25	49	
7	49	7	32	18	39	5	5	11	28	21	29	11	16	27	4	50	33	17	39	50	47	29	39	50	23	17	23	26	3	36	14	4	12	35	8	21	22	20	37	
9	30	25	15	9	20	36	25	15	22	39	48	13	25	31	20	19	38	33	11	34	31	43	4	27	4	22	43	31	6	17	31	16	8	28	24	45	17	43	31	
48	31	34	16	9	31	8	34	34	36	28	4	42	1	23	45	41	4	27	31	27	27	31	17	32	35	2	50	43	44	33	4	14	35	42	20	19	5	26	11	
21	10	21	45	32	23	17	1	43	46	28	11	45	40	7	37	31	5	42	30	22	28	47	40	18	43	3	50	36	39	39	22	43	13	18	38	44	15	4	30	
28	11	14	21	44	14	29	2	22	46	46	11	14	48	24	31	35	34	14	36	28	12	31	12	1	19	3	22	30	41	11	43	31	9	23	46	16	41	7	19	
41	6	39	17	24	9	42	13	26	35	50	26	43	48	44	19	13	45	41	32	34	45	37	1	42	6	21	38	49	10	46	45	1	22	46	8	40	34	26	14	
27	20	48	22	15	49	50	46	19	2	20	49	50	24	44	36	43	13	30	11	1	30	20	8	41	42	49	21	4	35	38	16	1	41	30	24	45	17	35	35	
32	22	26	45	1	9	24	27	50	2	45	13	31	27	23	27	17	25	41	22	45	43	1	10	20	32	40	29	32	17	20	2	13	21	28	22	18	33	43	50	
35	4	21	28	36	46	8	18	32	39	5	48	48	46	35	5	5	1	2	18	50	34	1	4	38	16	19	20	37	14	10	18	26	28	15	15	11	32	26	49	
32	4	42	39	6	23	19	48	39	24	48	39	33	1	47	14	42	25	24	28	38	48	14	29	24	18	31	1	1	12	16	42	44	2	14	42	17	15	40	16	
2	21	35	33	37	22	46	26	3	7	9	11	42	33	18	18	27	32	48	34	48	35	18	20	19	22	18	26	7	26	42	23	9	3	12	13	16	15	50	22	
23	43	1	49	50	2	34	26	36	25	49	44	11	49	28	47	30	3	37	2	39	29	39	15	48	21	25	16	29	12	38	24	7	44	44	49	17	16	25	30	
50	11	41	40	27	39	10	48	50	7	9	2	25	42	24	22	20	40	1	25	26	22	15	22	9	26	7	25	21	39	13	37	3	27	11	4	17	12	41	2	
5	10	23	17	27	10	2	48	30	28	21	16	11	2	26	30	36	17	14	26	17	11	15	45	36	25	12	25	10	30	24	11	19	2	6	43	44	8	4	35	
32	34	39	1	9	14	26	34	39	28	49	25	34	45	19	41	4	29	4	41	1	44	33	45	8	49	21	10	13	40	36	25	39	11	19	28	22	33	13	43	
22	25	31	22	50	47	19	39	43	2	6	44	28	1	21	41	11	11	4	27	37	44	30	6	27	9	36	5	37	48	4	31	24	40	38	5	39	33	32	8	
27	20	35	39	28	12	6	16	40	12	25	8	39	22	49	24	21	11	28	17	37	2	1	9	14	8	22	28	26	35	30	19	11	2	25	32	43	23	17	18	
7	31	17	46	6	19	34	1	35	50	5	3	20	29	23	29	21	34	30	9	45	18	25	7	35	17	48	6	23	11	15	6	35	4	5	47	13	18	30	24	
24	37	50	42	33	29	18	49	25	5	34	15	3	12	45	25	25	32	45	45	45	48	49	2	36	2	36	13	22	18	48	15	50	36	43	39	15	9	43	41	
20	46	47	13	32	23	35	9	21	5	45	33	19	28	34	1	9	27	27	16	46	12	29	28	49	16	32	34	50	39	28	28	49	9	24	35	39	2	43	37	
2	31	15	36	48	50	30	7	3	42	20	13	9	2	3	9	44	15	3	12	49	44	44	4	42	42	10	37	42	31	6	18	12	9	8	22	12	50	34	9	
47	19	43	35	4	3	24	37	9	30	15	40	47	29	47	50	21	25	46	3	2	35	28	40	12	43	1	19	31	31	41	22	17	39	33	13	10	28	41	15	
11	20	4	45	27	3	21	34	4	48	42	50	25	43	18	24	33	39	10	2	36	4	27	5	24	44	4	4	42	6	7	44	9	42	19	27	44	27	33	24	
39	11	16	41	17	10	20	14	28	47	30	23	39	2	12	19	30	28	32	30	5	16	9	44	22	23	44	38	34	8	6	30	24	44	3	44	3	18	45	24	
36	15	43	3	1	3	27	7	33	5	13	24	29	11	39	46	48	21	25	16	4	13	36	16	44	10	30	20	38	12	15	47	11	7	16	42	30	6	11	46	
41	2	34	13	18	43	3	15	21	37	18	50	32	10	43	15	5	40	45	23	4	45	39	16	28	32	23	45	21	16	3	9	19	9	45	22	10	44	20	6	
2	38	5	32	46	44	15	49	44	19	10	20	21	7	40	5	15	17	50	23	33	30	3	50	23	41	8	7	9	11	2	6	43	34	42	27	19	25	46	41	
37	42	11	12	19	24	22	36	37	29	47	9	22	10	10	35	28	11	15	7	17	27	17	29	33	39	25	15	14	8	14	27	27	5	11	33	42	50	28	3	
12	16	44	21	40	27	25	35	1	18	1	39	34	33	21	9	39	5	37	49	33	21	12	44	43	21	28	5	8	29	20	3	15	38	32	35	49	33	26	44	
28	28	2	1	50	6	14	18	10	30	8	48	13	18	41	36	26	38	36	37	34	46	42	41	24	30	17	27	40	1	35	28	40	10	10	42	25	25	42	49	
33	46	5	21	23	30	41	11	22	48	25	7	48	12	42	45	18	42	26	10	50	32	21	20	12	23	14	17	47	32	36	32	45	39	14	36	36	28	13	30	
43	22	31	9	44	36	46	25	43	48	44	5	9	22	47	49	4	13	1	6	23	4	21	48	19	7	43	44	32	19	37	13	13	19	10	42	13	48	18	28	
23	46	50	49	23	31	41	35	34	46	1	1	10	8	2	42	15	30	10	5	8	41	26	9	3	15	2	32	5	42	34	28	46	21	30	24	24	24	5	14	
On machine	6
8	35	36	31	19	17	20	33	9	15	32	10	32	44	20	12	24	44	49	24	21	18	39	17	16	22	32	33	44	33	26	35	32	24	34	50	3	2	49	8	
12	48	16	17	11	13	23	20	45	8	10	17	6	27	35	41	4	11	34	42	41	14	37	33	17	12	7	31	8	39	8	31	3	14	22	1	36	6	43	34	
48	28	7	14	37	19	37	3	19	49	36	29	12	7	11	31	46	37	6	38	3	49	48	14	4	45	30	20	7	21	29	47	42	5	37	5	25	22	45	28	
43	46	41	30	38	13	7	14	13	23	18	49	23	46	20	32	30	21	43	34	8	44	22	4	41	43	19	31	12	21	7	7	37	43	6	4	48	46	29	34	
49	6	40	29	43	29	35	29	5	2	19	32	17	24	39	49	22	27	40	37	31	47	19	49	2	21	3	34	47	40	31	22	2	14	25	14	10	49	4	34	
8	23	20	11	17	27	28	39	6	1	43	36	31	11	21	11	24	19	39	9	5	30	38	14	47	19	20	16	27	34	12	26	31	39	23	2	37	43	11	38	
45	7	23	32	40	46	26	3	36	40	18	23	46	3	48	1	7	34	34	39	31	40	8	28	23	5	34	9	24	43	2	30	16	1	39	45	34	35	19	3	
37	7	3	17	15	35	23	25	21	19	25	6	15	14	19	21	39	22	22	13	16	37	21	7	29	13	21	46	46	5	16	7	26	6	26	30	1	14	19	3	
47	33	7	18	50	48	24	33	32	41	21	2	3	44	12	18	2	49	19	44	39	32	31	40	25	14	20	3	30	31	33	9	7	41	42	47	33	40	35	2	
26	18	40	49	42	9	6	39	46	49	44	14	12	17	21	46	43	6	15	6	47	11	6	24	10	35	10	29	21	17	24	16	16	46	25	16	45	10	26	4	
24	24	26	17	34	30	43	46	27	46	47	46	48	24	23	35	19	9	12	27	4	6	24	10	9	39	30	15	25	32	42	18	24	3	36	14	21	50	21	16	
39	13	31	34	13	20	10	24	5	21	19	18	12	42	23	31	43	15	37	41	49	10	31	11	13	3	49	41	49	49	48	49	23	25	36	26	5	17	44	33	
4	47	20	40	27	22	15	20	27	34	40	37	49	44	18	12	35	48	34	8	34	20	33	16	17	30	43	32	50	13	50	28	10	20	4	8	38	42	2	26	
37	37	1	48	9	15	23	23	4	28	37	35	13	29	40	17	4	42	26	4	23	34	2	6	15	27	47	1	34	10	37	40	22	14	32	2	33	35	1	36	
35	9	44	11	4	43	31	8	9	43	38	8	44	30	37	39	48	7	40	5	22	38	40	20	44	16	10	44	3	4	4	2	12	5	25	28	49	32	40	38	
48	41	40	34	5	34	14	29	26	5	15	43	24	33	30	40	26	30	10	32	26	2	37	30	50	33	22	7	19	30	44	23	24	20	6	32	36	17	20	31	
33	6	39	28	13	12	33	4	24	2	10	14	11	41	25	43	13	29	41	26	47	14	24	16	23	9	42	34	26	2	42	11	9	7	18	27	13	20	13	40	
24	44	35	25	35	40	11	47	19	31	43	19	42	38	12	14	4	48	40	4	35	36	40	47	33	10	17	20	12	33	38	48	30	8	47	11	37	45	14	36	
34	1	50	29	38	30	20	10	4	2	29	4	49	35	3	24	45	49	17	34	50	19	9	11	22	12	21	28	28	2	50	13	41	32	7	32	46	30	35	2	
2	22	16	11	19	33	2	22	8	14	12	18	23	6	50	11	45	13	42	30	22	6	46	12	1	16	28	32	15	33	9	24	14	7	22	9	12	4	14	47	
29	22	27	34	44	9	46	39	16	17	48	23	1	13	49	12	46	9	49	38	7	11	14	33	28	14	48	4	1	36	23	9	25	13	20	20	23	40	12	8	
28	28	45	26	24	42	17	36	50	10	13	23	7	33	24	37	45	4	43	20	9	20	38	41	38	48	2	23	21	5	3	34	41	39	27	31	16	31	39	7	
24	2	9	32	28	50	4	42	15	26	45	21	20	12	18	31	10	35	31	31	21	3	26	47	42	49	30	27	6	6	49	3	45	50	23	28	33	41	28	23	
7	18	36	47	17	50	39	22	10	17	17	38	12	36	9	30	20	14	1	8	38	31	22	31	20	14	7	31	10	20	44	1	11	23	9	10	13	15	7	41	
22	38	45	39	17	24	3	22	48	35	22	18	41	14	39	49	2	35	33	9	43	6	21	16	38	37	31	12	49	5	41	6	14	42	16	41	22	9	8	40	
46	44	23	42	7	8	29	7	24	14	23	26	12	3	24	2	17	1	14	37	14	41	41	8	35	33	44	35	15	8	35	21	7	30	4	4	3	17	31	32	
1	50	38	45	13	40	23	7	16	26	25	50	22	39	25	10	44	2	16	45	48	43	43	50	50	2	22	28	48	20	50	2	29	29	36	44	13	24	2	46	
1	5	43	30	22	38	29	9	37	21	20	17	10	21	34	29	25	22	23	2	46	41	25	45	2	30	44	7	44	16	26	11	26	50	34	21	23	31	16	4	
41	34	31	21	50	26	29	25	17	36	6	43	33	39	33	18	16	47	8	24	30	34	50	40	5	28	22	48	11	6	47	5	2	33	17	46	25	3	40	7	
44	23	28	45	50	34	41	26	17	28	17	44	43	6	12	1	36	22	13	27	14	27	33	11	35	23	43	21	47	33	42	26	24	3	17	40	44	31	17	48	
19	43	46	47	1	41	41	24	6	1	15	8	38	36	50	2	11	32	5	9	46	6	27	32	39	44	19	26	29	24	13	22	38	15	6	7	44	44	5	48	
43	7	1	27	6	48	40	5	33	7	49	11	37	40	28	41	38	16	6	38	23	4	13	37	26	38	24	12	27	36	19	23	41	36	49	19	44	26	14	50	
24	1	33	30	22	40	22	29	2	18	20	41	46	40	48	10	29	2	35	41	46	35	39	14	15	5	22	11	14	13	15	26	21	20	33	46	10	15	26	28	
31	47	29	32	2	44	11	44	16	36	38	15	48	1	24	22	42	8	29	38	24	45	49	37	32	43	3	5	22	3	15	8	30	4	9	2	2	29	29	47	
6	41	44	41	3	9	38	14	16	33	50	19	34	40	39	25	50	19	4	26	6	1	11	41	2	12	18	50	11	27	29	7	37	17	27	11	15	7	34	36	
48	28	45	43	2	2	9	20	17	41	14	47	34	50	28	50	4	34	31	22	41	26	36	39	18	40	34	18	39	4	50	25	9	25	43	11	38	42	13	23	
6	30	3	10	29	8	16	50	1	31	47	21	50	1	10	40	14	39	34	7	18	17	14	24	16	2	23	45	30	16	27	24	16	29	29	15	22	18	30	41	
22	45	42	39	22	26	25	9	5	16	18	26	14	23	14	13	18	4	10	29	46	1	20	30	36	40	6	50	16	19	28	31	1	18	44	17	30	7	17	34	
30	43	30	37	10	50	43	4	32	30	31	13	3	40	24	18	7	47	38	19	50	31	9	28	5	5	16	1	45	42	45	42	45	30	43	29	33	6	10	35	
44	25	20	1	30	28	29	42	13	31	19	5	33	38	41	44	23	43	23	26	5	50	17	27	22	43	48	43	24	7	29	7	15	42	9	11	23	21	50	11	
On machine	7
22	7	45	41	49	27	24	6	42	13	22	34	27	11	32	15	23	10	21	25	48	19	2	3	9	33	32	8	36	22	39	14	25	41	33	46	18	2	2	8	
45	22	48	40	45	43	45	37	45	14	3	25	2	3	3	9	16	34	13	24	33	33	10	23	1	13	3	50	48	45	33	17	40	20	37	3	34	16	23	22	
10	20	33	20	35	21	46	18	35	28	43	33	13	26	23	39	35	39	39	3	6	7	23	29	2	43	4	25	1	44	43	2	32	11	10	26	42	35	11	14	
47	25	6	38	35	1	9	47	4	2	43	43	20	7	1	4	13	3	27	7	20	3	33	12	1	12	25	39	23	25	44	44	41	19	47	21	40	15	42	42	
36	25	41	40	13	23	7	17	12	22	2	49	22	27	49	29	3	21	40	46	25	1	42	15	24	48	3	32	42	19	35	3	12	47	25	22	25	34	8	12	
23	44	21	1	46	42	2	50	45	18	43	38	30	46	16	19	7	27	44	38	46	5	3	38	5	33	24	27	15	13	47	38	15	19	13	43	33	3	27	41	
2	38	36	13	7	25	45	25	38	14	44	48	20	38	29	35	8	38	12	45	31	24	2	40	2	18	42	45	9	10	4	35	26	35	46	23	43	21	20	41	
35	40	26	12	26	2	14	48	31	17	41	38	47	44	34	30	8	9	37	8	5	27	4	39	29	5	47	44	19	44	8	19	23	3	25	18	16	17	48	33	
30	19	40	40	34	29	23	16	33	23	23	27	34	45	15	44	11	20	44	14	40	40	47	7	7	29	40	38	29	27	41	20	35	45	39	23	38	4	50	34	
9	34	34	15	35	8	35	21	3	13	13	46	50	11	42	9	45	49	35	42	46	30	5	17	25	24	38	19	20	11	40	19	19	5	18	3	46	43	13	23	
43	5	1	25	34	24	50	39	7	40	16	44	32	16	31	11	29	49	43	28	29	40	19	31	36	19	19	38	15	22	17	47	45	28	4	36	46	46	19	32	
20	34	42	27	14	41	46	16	49	22	31	36	47	12	7	32	28	26	48	30	47	3	25	40	12	40	42	21	1	8	3	26	29	49	36	9	32	32	2	32	
4	30	6	8	26	31	43	21	47	2	44	46	27	23	37	23	6	31	46	3	26	31	8	24	18	20	8	21	41	34	42	27	33	7	26	16	28	22	34	8	
28	10	27	20	8	1	40	16	33	28	7	48	17	40	23	27	42	34	21	5	26	23	29	16	49	16	45	33	50	3	5	4	10	49	25	5	17	30	40	15	
7	9	18	34	44	44	31	11	18	22	17	46	28	47	22	9	26	26	2	3	12	19	31	23	5	28	8	45	47	39	2	37	40	36	18	28	26	32	11	43	
29	14	25	9	5	15	25	40	39	42	25	44	33	9	2	10	47	29	21	29	44	16	19	40	17	33	27	29	2	10	33	18	18	27	46	29	17	41	22	22	
29	13	46	49	50	35	2	15	21	43	30	22	49	23	42	27	23	7	8	34	19	18	27	7	49	28	42	22	45	9	25	33	12	14	35	32	16	8	3	41	
39	45	26	13	12	50	14	22	41	29	45	30	44	36	22	20	40	29	25	35	30	21	45	25	21	6	15	35	43	39	9	40	11	36	27	37	17	5	22	25	
42	5	17	32	26	13	9	47	39	46	37	23	37	19	22	17	35	42	24	33	42	22	10	1	32	42	16	36	39	3	40	9	7	33	36	49	22	45	13	17	
40	12	47	1	18	20	31	35	30	49	47	16	42	18	9	20	37	42	17	37	11	36	44	49	7	25	5	19	1	2	39	6	28	3	21	4	17	13	35	12	
24	46	26	21	45	37	22	28	12	49	25	44	35	12	1	26	24	49	24	2	16	28	18	50	21	36	28	40	21	48	15	25	44	41	22	2	1	18	19	2	
28	26	46	36	28	26	12	4	9	25	40	26	1	20	22	14	43	19	28	41	35	48	14	36	31	28	31	38	40	9	4	46	2	24	31	6	10	30	31	48	
12	38	41	24	3	37	37	27	35	25	3	40	30	44	30	4	12	35	4	12	2	4	3	39	9	48	7	22	17	9	35	26	47	8	35	16	39	31	10	43	
4	28	50	50	31	44	21	50	25	20	41	23	38	14	36	24	3	38	31	31	25	8	19	15	17	10	41	37	22	35	42	1	1	22	32	11	23	3	29	23	
8	25	21	43	48	8	3	27	22	15	13	44	6	19	22	45	35	3	40	14	8	17	39	26	37	24	7	9	24	27	15	16	47	43	34	42	44	25	28	19	
7	38	43	20	20	7	6	10	36	19	23	36	48	48	38	14	49	44	15	47	26	48	13	27	45	47	34	6	47	28	11	40	44	31	40	5	30	43	39	36	
34	5	1	19	38	29	25	49	24	35	21	4	5	24	50	11	29	8	34	41	24	15	29	40	18	30	23	29	20	2	5	38	48	4	37	16	27	32	13	40	
41	28	42	1	17	23	39	24	8	46	32	25	44	49	9	50	12	19	45	22	4	35	37	38	26	25	49	40	49	1	1	15	22	36	47	22	21	7	39	25	
8	7	8	21	31	34	11	19	43	35	35	16	34	38	31	4	42	34	25	29	38	26	16	28	43	16	20	42	9	11	31	31	4	24	48	12	36	5	38	48	
37	43	4	35	17	44	16	6	34	33	18	38	45	4	6	15	21	34	32	21	11	10	26	26	35	1	47	27	14	10	13	50	44	37	14	48	17	5	50	46	
46	34	7	42	37	43	21	4	20	45	17	49	48	17	48	49	31	14	41	12	10	36	46	10	8	48	13	3	23	36	38	23	48	25	28	41	13	28	9	28	
2	26	47	28	47	32	21	19	43	18	2	40	1	14	30	4	19	38	35	24	4	41	9	47	19	8	43	30	43	45	23	17	36	10	20	28	29	26	9	26	
35	25	34	17	11	17	38	7	43	35	33	28	34	16	5	46	11	35	9	9	24	20	48	18	37	40	39	20	21	31	34	14	12	25	20	7	15	31	21	23	
48	13	29	12	24	14	39	22	48	40	8	21	9	48	22	14	22	20	10	49	21	37	31	19	45	10	14	38	39	13	15	32	2	20	29	14	23	43	36	4	
38	4	6	47	37	50	4	32	25	9	30	32	31	46	12	7	13	11	3	39	13	5	12	1	32	28	38	48	9	39	23	6	25	25	16	46	5	37	44	2	
27	28	35	25	49	50	2	9	3	14	32	24	45	42	44	42	11	2	39	50	44	24	22	41	46	30	16	1	37	49	26	31	5	43	40	1	25	22	8	16	
5	39	16	9	20	4	33	16	43	5	4	31	45	49	46	36	8	8	23	16	12	27	40	29	6	38	13	32	7	24	34	29	35	4	45	15	25	49	21	21	
16	42	24	39	35	31	49	13	12	6	12	26	39	31	12	33	32	16	6	38	11	19	4	7	29	45	12	42	9	31	10	50	49	29	28	41	30	40	1	43	
1	40	30	10	16	32	21	11	9	3	17	23	39	26	31	26	7	3	10	14	20	24	29	28	6	49	25	49	9	15	38	50	6	2	39	46	5	1	33	26	
41	4	10	39	44	21	15	17	1	26	40	9	2	15	31	47	1	24	17	21	32	22	9	49	7	9	18	47	17	6	12	29	33	28	28	31	47	4	31	8	
On machine	8
50	16	30	41	9	24	39	41	25	17	21	7	39	3	38	22	13	35	3	9	41	47	19	47	37	48	23	15	44	44	24	3	2	7	6	1	27	4	8	20	
39	37	21	22	25	47	38	14	48	20	41	1	15	44	20	34	35	32	19	15	28	24	18	27	1	43	26	37	22	38	45	38	26	36	2	50	39	38	10	21	
20	47	20	35	16	45	50	29	15	15	3	8	27	33	50	8	43	38	3	1	8	2	47	28	39	40	1	12	28	2	33	30	32	44	8	40	42	39	32	16	
8	42	11	8	13	44	38	2	18	9	24	4	17	21	43	5	38	44	12	41	16	16	2	8	39	7	26	4	48	42	30	35	3	10	1	29	31	38	41	6	
4	7	38	7	12	31	32	5	25	9	18	8	16	27	42	15	12	26	20	23	27	13	2	28	29	48	33	19	36	16	12	41	48	10	43	26	34	14	32	20	
13	21	28	21	21	22	15	41	7	24	29	48	47	42	36	27	23	41	39	49	36	46	30	34	18	29	15	16	4	31	37	32	5	17	18	28	41	45	21	2	
40	31	8	19	50	49	40	11	9	21	48	7	36	29	9	3	34	4	13	3	34	13	23	10	21	18	5	20	49	35	19	17	13	48	45	23	14	32	5	40	
40	12	15	8	49	24	26	25	3	14	25	2	43	22	32	34	20	46	26	39	35	24	8	32	16	6	44	46	6	44	39	38	7	25	10	3	35	38	6	28	
3	44	37	15	46	10	16	28	6	35	45	11	17	23	17	6	10	33	16	11	18	26	16	41	26	37	25	49	39	18	44	42	45	47	38	12	36	24	13	37	
49	17	49	47	18	26	34	21	2	8	6	41	32	39	19	46	43	24	6	48	26	28	10	28	13	23	28	13	30	39	21	4	32	34	27	44	46	17	37	15	
37	35	35	33	20	49	5	5	11	49	29	8	36	1	37	45	41	47	8	49	9	50	50	28	3	12	49	2	16	40	34	47	42	42	35	15	3	33	38	23	
24	29	48	43	22	31	37	43	47	19	2	48	10	21	8	23	9	18	42	39	36	15	33	3	36	43	13	12	10	46	45	18	40	27	18	33	16	50	5	21	
42	31	48	26	4	4	13	25	35	38	17	4	18	34	20	11	49	50	6	49	32	43	19	19	18	44	38	12	22	12	22	25	6	49	34	10	32	30	11	25	
18	36	47	3	7	17	28	36	3	49	14	13	30	31	12	39	49	42	18	14	32	1	19	34	47	23	17	17	4	13	23	22	49	10	13	15	8	31	16	23	
40	29	12	11	28	50	30	46	4	26	47	28	4	50	3	49	38	3	3	11	31	30	6	20	26	20	50	38	2	46	28	41	41	23	9	30	37	12	36	46	
50	28	9	12	19	12	8	48	25	16	44	45	8	35	33	44	14	9	33	4	47	49	22	44	48	39	45	9	21	17	25	40	50	6	3	27	29	46	9	20	
31	17	33	35	14	11	30	23	45	36	2	34	19	23	38	46	37	38	48	22	34	48	45	32	22	3	16	3	37	6	27	13	10	32	31	32	21	50	20	35	
8	14	16	18	44	28	48	4	6	9	24	9	14	25	47	4	26	46	35	17	14	37	18	5	8	41	19	22	10	34	26	45	1	8	36	17	4	42	7	27	
48	4	19	4	4	25	47	15	50	7	18	13	47	7	9	9	12	4	6	29	10	39	1	32	23	32	14	13	34	45	5	38	12	27	3	29	7	4	42	14	
6	2	34	43	18	43	13	30	43	35	35	28	4	48	42	46	7	5	40	8	6	16	1	47	4	46	18	2	3	24	18	39	36	3	23	36	26	6	27	9	
14	32	29	30	13	7	29	19	50	8	47	19	13	15	46	49	12	42	16	17	28	28	8	3	22	4	5	44	45	41	37	42	49	49	30	33	41	47	21	9	
34	20	47	10	9	25	35	10	19	15	33	13	25	31	41	26	44	27	9	25	4	6	27	26	10	27	47	38	47	32	22	6	12	41	7	13	44	29	5	42	
7	34	11	31	18	32	43	47	4	45	36	41	39	32	31	6	25	7	15	13	37	33	44	35	1	25	2	24	25	31	27	10	4	26	25	11	16	14	8	48	
14	3	43	37	36	7	33	3	38	47	22	23	23	18	22	12	48	50	32	47	20	10	34	10	20	22	10	28	10	26	35	30	45	16	17	7	14	25	29	14	
18	21	30	7	35	9	27	3	25	34	30	47	1	30	20	24	47	46	29	32	2	35	32	42	1	25	36	22	33	49	40	42	39	38	39	41	30	6	39	28	
38	8	44	9	13	41	25	14	17	31	36	24	21	38	8	32	25	15	43	47	12	2	19	11	13	4	34	43	37	19	19	23	25	31	30	23	43	23	15	14	
31	13	44	17	36	50	40	35	26	18	31	47	16	2	27	39	16	46	23	33	37	26	12	1	23	25	45	41	45	23	45	13	42	5	2	36	4	20	31	32	
16	18	28	39	20	33	33	14	22	7	2	13	9	26	1	5	7	28	33	17	15	8	4	48	49	50	7	49	6	44	47	39	42	44	24	45	46	32	27	23	
19	42	8	31	17	28	4	43	7	46	34	5	26	29	35	28	46	4	31	3	27	8	3	22	21	4	45	2	49	42	34	28	14	46	11	9	6	41	45	44	
33	6	25	38	19	35	27	4	34	49	10	47	43	18	3	17	1	24	42	38	50	2	19	16	34	48	50	8	34	34	37	13	35	26	47	46	18	4	34	22	
42	49	5	41	4	20	17	10	20	34	23	35	42	36	22	21	37	2	24	28	48	24	4	28	43	40	47	9	20	29	17	41	24	33	40	30	21	31	42	8	
30	1	33	24	38	49	17	29	20	17	43	9	24	28	9	47	50	48	47	10	3	43	40	43	5	38	6	31	30	18	30	6	3	11	7	46	48	1	4	27	
10	18	29	10	14	32	21	47	34	40	32	30	44	19	8	38	8	4	45	37	50	27	19	21	26	41	39	30	43	14	49	1	26	12	26	30	38	9	22	22	
43	21	24	26	50	40	32	7	11	28	25	13	49	49	42	45	32	15	23	32	9	8	23	46	5	14	39	4	1	29	41	26	7	20	7	43	10	3	2	27	
25	9	34	6	12	46	44	43	47	12	33	15	40	30	17	8	3	1	16	36	10	48	19	47	47	20	45	41	43	22	28	40	31	3	38	4	18	50	5	37	
18	39	17	38	27	32	8	36	24	4	16	33	43	31	7	1	43	16	32	25	32	5	48	11	40	7	4	31	13	12	11	6	16	7	12	26	6	25	26	15	
47	34	24	11	1	10	16	2	16	34	45	17	12	50	47	31	40	9	20	42	19	7	26	37	49	10	41	20	45	31	43	22	44	5	36	48	45	14	29	29	
10	27	27	11	15	3	43	28	4	9	1	16	10	48	10	30	42	7	31	11	26	5	4	33	35	21	11	2	30	36	5	41	3	49	25	46	9	27	16	9	
6	13	22	39	35	39	10	7	49	2	27	38	4	28	49	17	15	19	21	24	26	16	1	2	40	20	18	8	33	23	8	26	5	24	13	20	26	22	2	11	
8	48	19	1	32	13	26	2	36	15	43	48	48	11	33	45	25	40	21	44	3	33	24	44	5	34	32	50	49	18	22	3	25	22	28	9	29	41	32	21	
On machine	9
34	45	30	26	18	13	10	28	31	7	40	45	18	3	9	16	49	40	29	45	35	26	8	35	30	13	42	39	18	46	32	44	47	25	46	21	41	46	36	22	
30	16	42	26	29	31	44	4	31	47	37	39	41	15	4	36	26	30	23	8	22	45	41	17	46	45	50	28	43	18	37	24	38	48	31	39	36	13	46	47	
38	21	4	21	26	50	39	34	8	23	1	49	8	3	22	22	26	44	26	26	7	7	43	4	32	40	4	25	8	17	42	43	24	29	12	12	26	21	46	32	
13	37	33	34	13	29	7	42	50	3	11	13	2	38	27	31	6	50	21	17	27	26	15	27	39	38	8	41	7	19	46	29	34	37	7	19	6	38	37	26	
3	25	24	16	37	15	14	50	35	39	3	38	30	32	4	24	27	38	17	33	47	12	29	15	25	9	36	37	9	18	47	41	41	32	1	21	34	19	16	17	
10	45	33	7	8	20	9	15	25	21	20	43	30	3	39	30	21	24	34	34	23	29	11	23	23	17	50	35	13	29	48	50	4	5	18	7	5	34	11	4	
27	13	32	4	11	40	36	39	13	9	9	32	33	33	15	25	46	34	12	37	6	27	6	7	48	28	21	8	13	31	6	11	5	23	37	45	27	16	28	27	
19	41	49	10	5	32	39	17	17	8	36	4	1	3	10	18	28	22	11	40	27	19	30	7	26	23	12	27	48	19	48	45	13	43	43	29	36	28	33	22	
14	32	2	21	9	9	31	12	17	50	19	26	26	26	21	17	32	45	22	41	7	3	6	14	35	39	49	31	34	47	25	46	3	9	21	4	33	13	9	44	
43	36	11	49	6	14	44	16	8	1	25	6	47	37	50	28	22	34	22	26	44	23	31	9	49	15	39	13	44	35	33	46	42	22	23	43	22	36	49	48	
22	44	40	24	23	30	32	28	29	27	1	18	37	33	44	7	34	30	35	19	16	18	36	37	43	19	33	11	15	17	21	1	22	18	5	31	19	12	31	50	
14	12	16	38	43	33	1	41	34	21	39	24	45	48	25	43	1	19	39	45	4	12	31	18	1	3	7	9	17	43	26	15	2	43	18	39	42	5	12	27	
39	42	50	30	11	5	22	4	39	50	24	12	12	12	18	39	12	37	44	3	45	9	15	50	40	4	15	25	8	15	40	47	1	45	8	47	36	23	18	14	
6	45	1	40	14	35	43	18	3	27	4	37	3	47	6	39	24	32	48	6	13	40	41	32	18	16	38	17	35	31	2	27	46	2	36	47	44	2	41	3	
5	7	25	46	46	40	35	1	32	24	50	15	8	7	46	18	38	9	13	48	42	33	19	40	26	22	22	19	6	12	42	24	48	27	12	25	6	28	6	11	
42	22	20	48	19	45	13	16	39	48	3	25	30	40	16	32	33	3	48	23	37	12	48	2	34	50	48	2	29	3	47	44	23	18	3	19	36	24	39	43	
19	24	18	33	2	46	6	45	49	40	23	35	15	1	43	46	8	1	33	17	14	31	33	7	9	21	37	42	12	1	35	9	25	38	26	15	37	23	31	36	
16	16	13	21	47	14	37	14	35	50	14	15	18	11	28	8	50	39	34	3	4	25	10	19	40	38	42	43	14	21	33	41	7	45	14	24	10	20	39	46	
41	16	25	26	24	14	23	49	27	27	31	32	41	39	41	10	14	27	28	49	18	1	28	23	29	9	26	27	27	36	47	48	12	26	23	30	29	49	25	18	
23	8	3	43	18	3	36	35	43	4	16	2	41	22	9	33	47	19	20	47	33	2	2	10	31	31	46	47	4	26	14	19	41	47	35	25	30	7	31	33	
37	20	35	36	14	16	22	36	13	9	43	27	21	28	1	40	17	18	49	21	28	34	30	29	29	41	20	13	2	28	45	49	28	40	14	5	10	42	27	14	
22	30	3	23	43	34	22	13	26	16	24	49	35	25	6	11	8	10	18	3	15	11	6	46	29	32	13	15	6	6	11	50	8	2	23	44	25	49	29	4	
18	29	33	5	4	5	7	45	6	12	25	3	16	25	45	35	4	7	29	36	33	1	12	29	6	45	27	13	30	21	34	45	44	41	20	29	8	47	20	38	
33	46	3	11	30	15	46	28	13	41	7	47	29	25	40	15	39	30	21	6	3	4	14	43	5	49	46	48	14	10	8	14	49	28	46	6	7	36	33	36	
3	25	25	32	47	48	12	43	18	50	23	11	32	5	7	26	20	12	35	39	32	34	35	11	41	43	41	44	8	14	10	33	36	19	4	5	48	48	1	36	
39	20	12	32	46	25	2	16	2	17	31	4	44	14	23	13	8	22	15	39	41	35	17	16	24	48	33	11	10	24	35	23	10	48	15	42	30	22	22	13	
43	6	9	38	7	44	4	17	14	8	21	48	48	28	25	22	23	13	7	9	47	26	26	31	50	18	16	20	30	43	45	38	22	31	19	18	47	31	40	9	
2	44	16	2	4	40	40	38	22	12	2	30	13	38	35	26	35	32	42	2	38	27	5	27	9	44	39	46	38	32	24	33	13	43	37	39	39	12	6	14	
27	48	18	12	47	14	26	31	46	15	12	33	20	27	5	33	44	16	33	33	4	19	16	28	25	41	24	45	46	28	29	41	38	29	13	41	37	14	27	11	
6	17	25	19	34	42	33	13	49	27	48	30	6	49	38	21	38	15	9	15	33	13	50	29	29	36	46	27	7	37	11	16	23	28	30	42	5	7	34	47	
33	43	50	23	35	9	45	10	35	48	43	1	14	43	25	35	25	19	44	14	35	5	49	2	41	8	35	47	43	37	47	14	8	42	46	33	41	26	37	36	
35	14	34	48	37	34	1	20	47	4	10	38	16	19	4	22	50	24	25	46	22	13	39	50	19	38	1	41	49	30	17	8	18	3	50	8	26	42	41	9	
2	23	4	47	32	45	3	35	37	29	47	39	45	46	16	18	11	39	28	35	27	17	18	50	35	4	3	5	10	12	50	13	39	24	2	36	38	12	8	4	
9	8	2	5	47	32	23	29	4	37	30	44	14	4	1	23	38	48	34	19	22	36	16	8	40	32	15	10	45	16	41	1	36	19	37	12	30	20	35	44	
3	12	12	34	34	46	44	45	3	27	38	41	8	29	29	36	47	15	29	29	12	13	37	36	31	36	44	20	3	34	22	18	35	45	12	25	50	46	39	8	
33	38	13	34	16	20	7	49	45	15	19	45	7	27	16	15	15	44	3	26	26	41	48	29	33	6	6	27	50	36	22	10	40	18	27	18	45	46	37	11	
5	31	20	21	36	25	39	46	1	15	22	30	32	45	32	4	49	11	10	3	6	17	4	26	27	24	23	14	38	25	38	38	13	32	38	23	14	50	14	19	
41	29	50	7	20	21	9	32	11	7	34	29	48	17	5	25	48	34	4	11	38	2	47	38	29	24	40	24	35	23	14	18	43	4	31	34	7	41	6	15	
40	1	31	46	8	25	13	28	38	1	46	23	13	30	28	6	35	49	23	30	1	27	11	12	16	20	47	20	42	1	40	3	11	40	35	21	3	19	25	39	
34	17	31	49	10	41	21	6	10	27	6	32	50	23	40	2	29	34	1	4	50	50	45	45	33	19	36	36	48	22	11	32	13	13	29	47	26	9	50	40	
On machine	10
24	22	50	32	16	45	30	33	31	40	31	23	15	48	27	13	50	5	7	42	41	34	18	15	7	46	10	44	38	20	10	22	13	30	33	37	41	24	1	1	
30	16	50	49	33	4	9	37	38	20	43	29	21	44	14	16	10	2	23	34	14	47	46	32	1	17	38	14	8	25	17	41	7	11	26	23	15	16	34	15	
44	18	11	30	13	41	15	30	42	46	10	39	44	14	35	47	15	18	30	4	31	33	50	9	25	14	23	41	6	26	22	41	21	44	22	23	9	22	16	27	
29	47	2	36	2	48	33	40	49	19	41	5	37	15	46	44	26	3	45	38	44	48	30	5	27	38	25	19	23	18	8	18	10	29	21	20	13	35	50	20	
35	26	25	11	25	13	20	39	42	26	21	42	46	32	4	33	36	15	7	40	3	3	26	40	2	25	19	31	47	43	33	36	18	14	32	47	41	21	44	36	
34	25	3	34	46	1	39	36	4	17	14	15	30	7	22	14	40	27	5	31	8	16	3	34	39	4	25	44	47	6	23	25	47	42	2	32	19	4	41	35	
48	43	27	14	44	42	8	17	44	31	35	5	35	29	34	34	40	35	38	11	13	43	41	17	22	46	29	45	42	46	45	14	32	32	13	37	30	46	6	3	
14	29	19	35	37	20	12	48	45	31	49	46	10	41	40	2	6	17	45	36	28	32	48	47	11	19	47	40	4	39	49	1	41	29	8	3	18	12	1	49	
18	15	37	7	30	39	11	38	6	50	49	46	16	16	28	8	2	26	48	39	34	11	30	42	3	11	38	38	20	5	22	34	2	43	43	33	1	35	33	2	
20	26	16	46	30	30	41	12	4	46	33	37	14	42	17	32	35	9	9	10	24	14	42	26	45	11	15	50	24	20	22	36	40	2	38	26	14	22	11	45	
44	20	43	39	5	28	17	41	20	8	28	17	33	49	10	15	18	7	35	41	41	3	2	11	2	20	22	44	12	19	29	24	33	18	2	5	17	30	11	21	
29	39	25	25	39	16	7	23	9	9	10	12	8	1	37	7	18	24	22	32	49	47	3	17	7	4	46	11	44	5	32	19	36	19	45	28	3	47	8	34	
19	21	47	43	29	18	35	19	50	9	16	33	22	25	43	46	25	35	48	41	18	18	29	16	19	24	28	39	29	29	23	40	24	43	9	40	25	14	37	25	
28	45	11	32	1	17	49	13	41	29	30	34	40	23	49	48	44	10	17	14	9	49	9	7	20	6	50	32	35	26	21	18	12	27	35	27	31	6	33	23	
27	5	5	37	32	5	17	37	38	14	1	16	8	29	24	28	4	28	4	15	8	49	32	22	37	17	28	5	14	37	44	31	45	8	32	19	15	15	20	17	
12	20	32	30	18	40	46	2	16	46	18	13	39	31	3	47	45	34	42	45	10	40	41	50	10	25	49	48	27	22	41	20	15	27	40	5	5	16	46	24	
46	48	5	5	19	34	28	41	20	38	1	22	12	13	3	20	18	15	23	35	40	40	2	30	6	15	24	48	2	26	49	10	22	26	44	30	23	12	21	27	
3	30	23	39	40	17	48	47	47	40	19	33	48	25	27	4	6	14	46	42	37	32	41	25	49	17	9	33	35	23	32	33	38	26	19	9	42	49	21	22	
28	3	40	25	11	10	30	28	28	23	20	17	21	33	9	3	28	16	42	2	21	23	2	2	40	49	40	29	27	15	35	30	2	12	42	44	44	21	10	4	
27	48	42	19	31	5	43	4	41	2	28	2	13	18	16	2	36	21	24	45	20	32	29	17	24	19	18	46	16	23	3	30	21	9	49	33	3	7	7	33	
48	49	45	36	41	50	22	35	8	2	9	35	5	16	20	38	47	39	50	41	16	39	30	47	38	30	13	36	27	42	17	2	4	14	39	20	33	39	14	38	
18	26	11	28	42	26	47	2	37	50	24	20	12	4	3	33	34	6	37	3	21	23	37	1	26	20	12	2	3	29	25	41	42	10	38	50	6	48	21	11	
8	25	37	41	9	36	6	15	28	32	45	2	47	7	38	22	13	15	3	24	19	16	19	9	6	14	26	29	44	43	47	1	18	34	7	10	40	50	18	22	
26	31	13	20	31	29	25	24	37	6	24	30	27	23	30	43	31	28	45	5	19	41	36	23	14	40	34	21	3	20	25	30	31	37	1	47	41	50	50	33	
43	32	16	23	38	40	38	46	11	18	7	4	4	50	2	45	20	25	36	20	26	41	36	4	2	29	28	44	48	40	3	31	6	14	3	39	46	20	28	22	
32	50	38	17	26	26	17	23	31	41	34	24	3	24	41	12	32	8	10	25	4	4	40	34	28	45	48	41	27	50	15	5	49	24	30	17	47	49	10	30	
48	27	4	42	33	20	12	31	34	40	41	23	24	7	46	2	14	43	7	45	47	13	9	12	44	45	34	48	42	18	17	41	13	43	24	30	3	7	9	15	
44	2	31	9	28	41	19	44	24	41	33	31	42	44	22	30	6	38	29	28	4	49	42	9	2	37	17	47	17	46	4	35	36	39	6	21	8	37	46	26	
48	28	21	1	20	11	26	35	21	23	9	10	23	37	8	30	44	34	35	24	23	43	28	16	33	6	42	5	47	34	17	11	43	32	26	11	2	3	41	26	
44	48	41	19	29	31	43	1	11	1	46	19	33	36	40	22	1	18	18	31	12	1	30	42	47	1	38	42	5	24	43	8	22	32	15	26	17	29	12	5	
27	37	47	24	5	42	48	26	35	29	15	18	23	12	5	1	41	48	5	18	43	1	5	8	31	11	38	4	17	49	28	47	7	18	12	3	28	50	35	9	
34	1	44	5	36	35	25	5	32	11	49	37	20	31	45	21	10	17	29	41	47	47	1	26	11	6	26	49	43	5	31	11	1	16	28	11	41	19	50	6	
35	17	15	12	2	31	50	6	33	19	14	13	41	41	1	39	2	27	40	35	6	1	18	14	48	24	18	37	21	6	36	15	7	17	36	37	42	43	33	16	
41	23	21	6	36	39	26	34	36	35	31	17	42	3	3	21	3	20	37	29	8	20	30	19	6	35	21	37	6	1	44	14	24	36	50	3	40	11	14	25	
2	4	36	15	37	29	24	33	2	34	23	6	48	39	24	7	45	9	25	46	14	14	12	50	49	46	16	11	34	33	3	45	42	48	33	36	36	25	1	38	
27	11	48	35	42	24	15	25	46	27	29	45	21	34	8	6	21	4	7	21	32	24	16	5	31	17	3	31	7	2	26	31	3	28	22	50	1	29	9	42	
48	48	38	4	8	32	5	39	33	40	49	40	10	39	45	22	18	15	47	23	34	37	28	4	30	24	14	31	43	20	6	11	34	34	48	30	7	21	15	20	
11	25	21	4	4	42	7	22	50	15	22	17	14	11	49	12	11	5	37	11	7	36	27	20	31	22	31	35	47	43	30	13	30	29	3	9	10	9	47	30	
7	15	1	13	45	8	4	6	15	49	5	32	16	37	5	32	37	39	6	42	2	36	39	6	48	30	34	41	14	7	27	3	41	36	32	4	6	29	49	17	
13	6	35	1	38	31	36	47	7	2	33	42	15	7	49	8	33	38	28	17	21	23	18	2	39	44	47	49	23	17	44	24	33	38	42	31	22	45	21	7	
Reldue
-1	1205	-1	-1
-1	2273	-1	-1
-1	1053	-1	-1
-1	1443	-1	-1
-1	1085	-1	-1
-1	2116	-1	-1
-1	1748	-1	-1
-1	1818	-1	-1
-1	971	-1	-1
-1	2469	-1	-1
-1	1446	-1	-1
-1	1419	-1	-1
-1	1024	-1	-1
-1	2822	-1	-1
-1	1623	-1	-1
-1	2701	-1	-1
-1	2505	-1	-1
-1	2655	-1	-1
-1	1865	-1	-1
-1	1682	-1	-1
-1	1001	-1	-1
-1	2635	-1	-1
-1	1586	-1	-1
-1	1671	-1	-1
-1	2608	-1	-1
-1	1734	-1	-1
-1	2825	-1	-1
-1	1073	-1	-1
-1	1177	-1	-1
-1	2254	-1	-1
-1	1654	-1	-1
-1	1130	-1	-1
-1	1613	-1	-1
-1	2713	-1	-1
-1	1573	-1	-1
-1	2493	-1	-1
-1	1496	-1	-1
-1	1110	-1	-1
-1	1759	-1	-1
-1	1219	-1	-1
