Families	20
Machines	20
MaxSetupTime	100

Number of Jobs in each Family
5	9	1	6	6	5	9	9	1	9	2	7	4	5	10	9	8	5	9	10	

Jobs in each Family
0	1	2	3	4	
5	6	7	8	9	10	11	12	13	
14	
15	16	17	18	19	20	
21	22	23	24	25	26	
27	28	29	30	31	
32	33	34	35	36	37	38	39	40	
41	42	43	44	45	46	47	48	49	
50	
51	52	53	54	55	56	57	58	59	
60	61	
62	63	64	65	66	67	68	
69	70	71	72	
73	74	75	76	77	
78	79	80	81	82	83	84	85	86	87	
88	89	90	91	92	93	94	95	96	
97	98	99	100	101	102	103	104	
105	106	107	108	109	
110	111	112	113	114	115	116	117	118	
119	120	121	122	123	124	125	126	127	128	

Total number of jobs
129

Processing times of jobs
9	6	2	8	8	7	1	9	2	3	4	4	10	5	2	1	9	5	8	2	
4	2	6	10	2	1	1	8	6	2	4	4	9	10	8	8	5	3	10	5	
5	8	7	5	8	3	9	6	10	10	10	6	1	3	7	7	10	6	2	7	
8	5	7	1	10	5	2	6	8	9	8	9	1	4	8	4	3	8	3	8	
9	9	10	6	9	10	4	1	5	3	2	3	3	4	2	8	7	9	6	8	
6	1	7	2	7	5	10	3	10	8	10	5	10	9	1	6	7	8	6	7	
2	6	3	4	8	2	5	1	2	5	3	7	10	5	4	2	1	7	7	9	
9	3	2	6	6	1	10	4	6	4	9	2	5	4	3	4	2	1	9	2	
7	10	2	7	8	10	7	7	6	10	8	3	6	3	3	10	10	9	9	8	
1	6	5	8	8	6	3	8	3	1	8	4	4	8	9	2	9	6	5	9	
3	9	9	2	3	4	5	4	3	4	8	8	7	3	9	8	4	9	8	2	
2	1	4	5	10	9	6	6	1	1	5	8	4	10	2	8	5	6	2	10	
3	4	7	1	9	2	7	1	7	9	1	4	3	3	6	7	5	6	5	7	
10	10	7	8	6	3	8	10	1	10	6	3	5	10	9	2	10	8	4	3	
5	2	5	2	5	3	3	3	10	10	5	8	10	7	3	5	9	2	8	4	
5	6	4	3	3	1	8	9	1	9	2	7	1	10	2	7	9	3	7	7	
8	2	2	4	8	5	10	4	7	2	10	5	9	6	3	3	4	3	6	3	
6	8	9	10	8	1	1	7	10	1	2	3	10	9	10	10	1	3	7	4	
10	2	10	8	10	8	4	4	4	10	7	9	8	2	1	2	8	3	1	10	
1	8	8	4	3	4	8	2	2	5	2	5	3	7	10	9	10	10	7	9	
6	4	6	7	6	9	9	8	7	10	2	3	6	10	3	3	8	9	2	3	
4	2	5	9	2	9	2	7	1	4	1	3	10	1	3	8	3	1	4	6	
6	7	3	8	6	2	2	9	4	9	9	5	2	9	7	7	9	2	5	8	
9	9	8	5	2	3	9	2	8	6	5	10	2	8	4	10	4	8	2	6	
5	1	3	7	6	1	6	8	7	4	2	6	2	10	1	3	5	5	10	2	
9	1	3	2	5	7	1	5	9	2	3	9	3	3	4	3	2	3	2	7	
3	6	9	4	5	4	2	8	4	9	2	7	4	10	4	10	2	4	2	3	
5	9	4	7	4	8	3	5	3	4	6	10	7	7	3	1	1	4	1	9	
4	5	10	1	9	6	7	2	8	4	2	5	1	10	4	8	6	2	9	5	
2	10	10	2	8	9	8	9	2	10	10	1	4	10	7	6	10	8	2	6	
10	9	4	9	6	8	9	5	1	5	6	4	9	1	8	9	9	1	1	8	
4	2	3	4	9	3	1	2	1	2	5	5	1	4	6	5	2	1	4	4	
3	6	5	7	3	1	6	8	4	1	4	8	10	3	1	10	10	6	10	1	
7	4	4	9	4	4	9	5	2	8	2	5	7	8	5	1	4	6	9	5	
9	7	3	3	7	2	9	6	8	7	7	9	4	1	9	2	9	2	9	2	
6	7	10	9	9	5	9	2	7	2	9	8	10	2	5	5	5	4	10	10	
3	8	8	1	6	1	1	2	10	6	6	10	8	6	3	6	3	1	10	5	
2	1	3	4	10	9	3	3	2	5	7	2	2	6	5	1	3	2	6	6	
5	8	2	2	9	4	8	5	5	4	6	3	4	2	6	3	9	6	8	7	
2	10	3	9	2	4	7	9	2	10	4	5	9	3	10	1	7	5	7	5	
5	3	3	10	6	7	8	8	9	10	7	9	5	3	4	3	6	7	4	4	
10	6	4	10	4	10	1	5	3	1	7	2	7	1	5	4	7	10	4	1	
9	4	5	6	3	7	5	5	2	3	2	8	9	3	1	1	9	4	9	2	
7	6	7	9	9	9	5	2	10	9	3	1	7	6	9	1	5	2	5	2	
7	6	1	8	6	5	7	7	2	9	9	2	9	7	8	7	6	4	9	4	
8	1	10	6	10	3	10	3	8	4	6	5	10	3	5	7	8	8	5	4	
7	2	1	2	9	5	10	3	8	2	7	7	4	7	1	1	5	2	2	6	
6	3	6	7	7	7	2	1	7	8	7	10	4	5	9	1	9	7	4	9	
5	10	9	7	4	3	8	5	6	4	8	6	5	10	8	5	5	2	5	3	
7	1	8	9	3	3	8	5	1	6	5	1	6	4	7	1	8	4	3	5	
7	6	9	3	5	6	3	5	5	8	9	7	4	3	2	6	7	3	4	8	
10	3	7	3	3	5	3	9	9	10	6	5	6	5	6	1	1	6	10	2	
7	4	9	9	5	1	7	8	1	3	8	8	5	8	3	7	4	1	4	1	
1	9	8	8	5	6	10	9	4	10	7	7	9	6	3	5	4	9	1	1	
2	2	3	8	7	5	2	4	1	9	7	4	5	4	7	7	7	6	5	9	
10	9	3	3	5	3	7	3	2	9	3	9	8	8	2	5	10	1	9	8	
9	4	5	1	8	8	1	9	6	2	5	9	4	3	1	3	4	10	9	1	
7	8	3	7	5	5	2	7	10	9	3	8	10	2	6	1	5	10	9	3	
5	3	8	4	5	7	4	2	8	5	7	9	4	8	3	6	6	8	7	3	
1	4	1	9	5	2	8	3	1	6	8	10	4	5	5	1	10	6	4	7	
10	4	2	1	2	9	4	3	9	7	8	1	4	5	1	10	1	7	2	5	
9	1	6	8	6	9	8	2	8	6	3	2	4	2	5	5	6	1	10	5	
10	9	2	2	1	10	4	6	5	4	6	2	2	4	3	6	4	2	2	8	
6	2	1	5	1	4	2	2	9	6	2	9	7	10	4	8	1	1	7	7	
10	3	7	5	10	3	3	2	10	5	8	6	10	4	3	9	1	4	5	4	
10	1	3	5	8	6	10	1	7	10	8	10	7	8	9	5	7	7	9	10	
10	7	8	2	7	4	1	10	2	9	3	10	9	8	5	4	5	1	7	10	
9	3	8	3	8	8	10	10	1	6	6	9	7	3	4	2	7	10	8	4	
3	10	2	8	10	4	3	6	2	4	9	6	8	9	8	8	1	3	7	1	
10	8	4	7	8	4	10	9	3	8	6	6	5	7	7	6	10	10	1	6	
6	6	8	9	7	4	3	5	7	2	8	9	7	4	9	10	1	4	6	10	
2	8	6	3	10	1	2	6	6	8	5	4	1	8	3	9	5	7	1	6	
4	7	9	8	1	10	1	7	7	4	5	6	2	6	4	6	5	10	4	7	
9	6	9	5	8	3	9	3	10	3	10	10	2	10	3	4	8	10	6	5	
3	5	5	9	9	1	10	8	7	2	7	7	6	3	5	8	4	3	7	6	
1	6	3	1	7	10	1	5	4	6	5	1	9	8	7	10	1	10	2	2	
2	9	9	2	9	8	9	1	4	8	1	6	4	7	2	10	4	7	4	6	
9	6	6	1	10	10	5	5	8	1	8	7	9	4	10	9	1	3	3	1	
7	2	1	3	9	3	6	8	9	9	8	1	5	10	10	2	6	1	5	5	
7	4	8	3	8	1	9	6	1	3	1	2	10	4	3	9	5	9	4	8	
8	1	8	5	8	10	9	6	9	9	9	2	7	4	4	2	1	4	5	1	
6	2	4	9	8	7	9	8	2	7	7	6	3	1	2	6	7	3	7	3	
2	9	4	2	10	5	4	8	6	1	1	5	10	5	6	3	10	9	6	1	
4	8	8	3	6	5	8	9	10	2	4	1	1	6	9	8	8	6	1	8	
2	10	1	1	4	10	9	4	10	10	8	3	2	8	10	3	8	5	4	6	
2	6	5	10	7	4	10	9	1	7	7	1	8	1	5	6	10	9	1	4	
5	1	10	8	5	10	3	3	5	7	2	1	10	1	4	8	8	1	10	5	
10	2	7	9	9	10	7	2	10	2	10	2	1	10	4	1	3	3	10	2	
5	4	8	9	3	2	6	9	4	6	5	9	2	4	7	9	5	5	10	5	
10	3	3	7	9	10	5	6	4	4	1	2	7	2	3	9	7	5	3	10	
6	2	10	5	7	1	1	5	1	5	3	10	4	1	8	1	10	7	1	6	
1	7	8	6	4	4	4	2	9	2	4	8	3	1	6	3	3	8	7	10	
7	8	5	2	9	4	2	8	7	6	5	10	6	9	1	4	5	7	4	4	
3	4	8	9	6	10	1	1	1	4	8	8	3	6	7	7	5	5	9	1	
1	10	9	1	5	9	4	4	2	7	4	3	10	8	1	5	9	4	3	8	
9	4	10	3	6	9	3	2	5	5	6	6	6	2	3	5	7	9	4	7	
8	2	1	5	5	3	2	8	4	6	5	6	9	8	5	9	2	2	2	10	
1	6	4	3	7	8	6	10	4	8	10	9	10	4	8	2	4	3	7	8	
6	3	4	1	3	5	2	4	7	2	6	4	10	1	5	1	5	6	3	5	
3	1	7	5	3	3	2	3	10	10	9	1	4	7	6	10	2	2	1	9	
5	8	2	2	8	10	4	9	10	5	10	6	3	4	5	7	7	9	2	10	
9	8	9	2	2	3	3	10	5	3	7	6	3	2	4	5	8	3	5	10	
7	2	8	5	7	10	3	10	6	7	7	4	7	6	9	6	2	10	1	5	
9	9	1	4	2	4	6	3	10	3	3	7	7	10	10	4	1	9	8	2	
7	3	3	3	8	6	7	2	4	10	3	1	1	2	9	9	10	8	2	4	
7	10	8	4	1	9	8	9	9	9	1	6	7	8	5	10	6	9	6	2	
5	1	5	6	10	7	1	1	1	1	3	9	5	9	10	10	1	9	8	2	
8	10	5	6	5	7	3	4	8	4	6	10	10	7	10	10	9	9	4	10	
1	8	7	1	8	2	3	8	4	8	5	8	2	1	9	10	4	3	1	5	
10	9	8	7	7	9	8	4	3	8	9	3	2	9	7	1	2	2	10	10	
8	2	3	9	1	3	8	3	5	2	4	1	5	8	7	4	8	2	7	9	
5	2	10	7	9	4	8	7	9	3	7	9	9	8	8	8	2	8	2	10	
4	3	2	9	4	3	7	5	6	3	10	7	2	9	7	1	7	8	10	3	
1	4	1	1	2	3	9	10	6	10	1	3	7	1	8	3	7	9	3	2	
9	3	3	10	5	5	6	9	1	10	5	6	4	6	3	3	4	9	2	4	
3	1	4	5	8	7	5	3	3	1	4	5	8	4	2	2	5	10	9	10	
10	8	4	2	1	2	6	4	3	3	10	7	4	5	7	9	3	9	9	6	
5	7	8	5	3	7	8	7	10	7	6	7	7	6	9	1	7	4	8	10	
2	8	3	1	8	9	10	9	5	5	4	6	6	9	10	9	10	9	3	9	
1	3	7	10	6	6	4	1	7	10	5	2	10	6	10	5	6	8	8	9	
9	6	5	7	10	6	9	6	4	10	8	7	10	6	10	4	2	7	5	10	
5	9	1	3	6	1	6	5	6	10	5	9	3	9	9	1	5	2	3	9	
5	10	3	8	7	2	6	5	3	10	1	5	2	2	1	7	6	2	2	1	
8	10	6	6	5	7	3	10	10	7	10	1	1	1	2	2	1	10	6	10	
1	3	10	3	6	7	6	2	2	4	7	1	7	5	6	10	3	1	6	3	
1	3	8	2	7	6	7	9	7	10	5	8	5	6	4	5	5	10	8	10	
1	9	1	7	7	8	6	7	10	9	7	8	4	4	10	7	3	5	3	10	
6	2	7	6	6	5	7	9	6	2	7	8	9	5	8	2	5	8	9	6	
5	2	7	9	1	3	5	9	7	4	5	4	1	5	1	5	1	4	8	2	

Stepup times between family, where [f][f] represents initial setup time
On machine	1
77	40	12	21	83	84	58	67	26	100	5	38	91	5	73	81	13	47	53	40	
9	31	64	84	35	66	58	57	8	35	45	84	24	51	25	46	31	48	65	67	
73	17	14	19	84	30	51	12	67	25	8	59	24	62	6	47	55	13	20	53	
29	50	9	100	40	2	30	86	84	97	21	62	76	86	5	54	8	38	6	1	
91	82	28	56	91	74	2	27	60	1	23	36	12	47	11	47	69	67	88	5	
33	50	44	54	14	50	42	71	76	61	14	34	57	98	26	85	97	86	15	6	
96	95	17	33	2	82	98	35	80	27	55	100	46	49	13	96	57	60	36	90	
62	18	50	19	44	9	84	11	17	67	9	71	15	84	70	98	66	65	82	68	
88	11	85	55	29	77	2	45	65	88	57	25	87	81	12	90	50	33	26	86	
11	79	78	15	70	59	48	64	4	41	11	24	5	78	100	70	41	89	94	8	
51	45	80	73	76	25	94	79	83	5	36	61	90	18	41	63	44	36	19	67	
76	35	10	56	49	65	43	41	54	97	75	11	19	42	56	83	19	33	44	29	
85	98	9	58	33	77	92	84	1	100	65	7	32	23	50	44	91	88	44	59	
63	35	41	89	26	15	42	74	73	61	97	12	2	84	8	94	82	16	25	23	
72	33	92	100	85	19	21	21	62	52	30	27	87	17	77	16	18	21	85	10	
40	69	67	75	30	47	67	99	82	90	72	97	15	21	42	77	5	30	33	100	
56	47	33	49	17	39	54	14	9	31	86	20	99	44	75	57	14	44	35	42	
58	3	40	69	34	61	99	32	87	89	5	63	57	62	93	6	9	88	13	56	
71	38	73	76	72	46	9	58	7	57	36	1	16	34	85	49	46	46	4	67	
10	64	28	39	94	61	37	33	50	99	42	33	39	20	100	77	37	25	63	37	
On machine	2
7	64	17	18	20	44	95	34	93	20	62	34	95	64	80	31	26	21	7	6	
27	42	39	12	2	38	72	58	79	76	100	15	89	50	36	56	82	15	12	77	
75	49	66	68	51	49	93	90	43	45	80	40	82	43	34	35	19	22	73	99	
19	57	13	86	87	33	17	54	65	99	87	60	29	52	44	97	71	34	59	97	
29	28	87	27	38	32	50	1	70	92	21	86	78	66	33	61	3	69	77	87	
83	13	28	14	91	78	88	21	74	83	3	55	58	70	89	99	43	92	71	75	
79	40	90	55	33	74	23	51	18	59	33	73	34	65	13	81	10	43	88	87	
28	13	2	55	87	98	79	8	38	63	3	76	99	14	12	21	74	37	31	39	
86	70	65	42	16	22	2	45	50	62	1	69	88	93	47	19	52	25	48	70	
38	77	22	10	88	72	42	76	21	75	4	5	21	51	3	40	4	60	71	69	
88	96	39	11	45	78	24	92	49	48	19	56	22	18	23	99	30	87	3	91	
89	80	59	53	98	63	92	34	88	94	70	43	10	27	22	26	77	10	63	54	
44	85	64	15	19	94	29	99	49	12	22	58	96	65	77	52	61	93	19	95	
13	98	100	48	14	95	28	33	20	38	93	19	70	25	94	5	16	83	95	94	
23	44	61	47	76	78	34	59	46	28	5	77	51	46	44	20	69	24	23	50	
11	86	93	77	67	42	2	66	34	99	61	12	75	48	91	53	59	40	46	94	
62	99	24	86	31	17	30	14	26	13	59	30	37	79	87	76	57	87	40	36	
70	46	95	82	36	13	37	91	69	23	83	21	96	96	60	1	69	24	27	86	
7	40	84	24	95	59	48	10	27	72	96	48	18	69	76	79	98	56	59	23	
76	70	83	36	46	24	57	16	42	62	18	80	8	60	34	56	47	70	100	15	
On machine	3
42	91	87	99	7	14	26	83	47	57	51	59	96	11	46	85	45	62	6	12	
39	8	29	88	29	66	32	55	62	27	13	22	10	71	84	96	96	9	55	50	
26	28	34	93	82	1	79	7	75	24	91	65	66	88	9	55	23	32	11	24	
3	93	87	43	77	65	37	11	64	75	30	29	63	93	18	42	40	11	4	72	
80	31	80	50	30	92	18	7	4	74	96	76	18	32	40	14	43	90	73	19	
5	70	55	43	58	47	19	26	25	81	25	38	18	95	23	63	100	30	55	47	
32	1	64	28	62	10	53	20	37	88	62	77	54	4	52	63	22	48	76	96	
11	92	89	81	80	60	7	68	1	55	40	89	39	39	12	7	16	61	86	57	
96	54	45	51	87	54	48	96	87	79	96	38	54	63	34	90	15	40	67	11	
50	35	74	97	96	6	66	82	78	6	63	60	83	62	17	47	84	96	52	31	
17	94	85	93	76	16	48	12	3	1	95	90	88	88	79	60	20	60	54	83	
53	45	53	28	77	67	55	48	63	23	21	17	32	49	83	81	57	73	44	10	
31	18	95	38	87	4	97	58	54	77	58	44	57	79	35	49	30	6	36	95	
45	22	21	100	36	96	64	70	75	29	25	31	16	49	89	66	50	23	40	55	
42	83	89	57	26	95	64	97	30	40	81	36	27	72	6	29	55	90	98	66	
89	95	49	40	59	52	79	48	80	46	87	15	60	91	19	34	22	31	16	74	
69	58	54	38	2	42	79	57	34	36	51	48	49	33	39	57	92	57	89	31	
93	6	72	81	16	72	2	16	47	84	87	7	25	36	43	7	2	57	17	84	
28	93	18	63	45	5	92	59	14	58	4	36	8	43	98	39	13	29	9	10	
24	4	23	53	35	65	95	20	57	94	20	68	78	10	85	41	97	42	54	71	
On machine	4
34	18	94	4	75	50	44	93	54	39	89	88	46	64	67	99	39	41	95	37	
3	85	42	33	79	29	82	39	5	77	78	58	45	50	33	37	8	60	73	34	
44	38	28	6	64	7	72	13	13	57	99	81	35	36	59	65	84	43	23	50	
87	54	87	66	82	29	24	2	85	5	29	71	71	65	58	56	36	54	4	34	
35	13	38	61	76	47	56	21	28	62	31	12	15	46	81	57	76	87	67	2	
19	48	34	5	82	65	53	73	75	14	9	10	90	86	74	57	66	43	85	11	
3	40	47	23	97	85	48	74	90	97	83	33	51	98	80	60	20	65	33	17	
54	36	4	100	21	41	28	14	69	36	34	65	42	15	90	17	30	12	84	63	
52	81	70	97	98	35	100	85	32	68	12	69	87	42	73	94	96	95	38	83	
32	2	62	49	39	25	44	17	24	85	7	71	35	42	17	14	84	7	63	14	
90	49	42	45	34	46	97	21	78	67	20	2	11	56	49	29	44	78	4	63	
53	47	39	74	96	53	88	16	83	61	9	56	74	24	13	42	65	37	14	61	
23	57	8	79	51	15	6	96	72	24	65	10	6	65	49	47	79	86	79	59	
64	73	43	85	69	48	68	61	14	93	51	41	33	65	55	72	85	60	59	80	
93	81	3	73	58	18	11	79	50	10	100	74	6	27	47	62	60	71	7	31	
91	17	20	32	70	16	20	88	24	73	83	56	91	94	88	29	76	35	33	22	
63	73	45	2	51	34	22	98	18	2	17	25	56	1	93	52	95	42	67	37	
23	4	64	76	32	26	72	6	47	97	50	97	82	50	53	28	87	10	93	61	
77	74	44	43	83	18	95	52	87	70	25	68	92	78	2	93	3	10	48	61	
91	88	92	70	27	61	78	74	70	33	29	11	44	52	38	71	83	55	29	84	
On machine	5
61	38	32	48	76	83	49	67	86	12	70	56	93	99	57	73	98	21	31	78	
11	39	28	39	24	65	83	73	16	32	56	4	23	50	9	80	95	2	45	58	
86	68	8	70	80	71	69	56	49	89	63	46	57	55	6	77	99	78	71	68	
65	77	42	85	31	14	93	9	49	45	55	65	90	55	90	62	97	9	49	22	
77	65	54	21	86	98	34	63	54	69	5	6	96	64	46	6	95	90	49	27	
27	70	79	8	62	27	10	42	71	12	2	39	56	24	1	72	13	57	38	83	
10	97	42	38	43	75	30	86	29	59	100	81	86	96	93	11	61	12	92	87	
31	79	30	68	47	66	72	66	57	74	38	36	68	19	51	96	90	91	28	65	
47	40	40	47	25	4	34	34	3	72	33	73	47	76	67	90	90	3	26	6	
70	21	74	66	69	67	54	58	49	63	43	34	71	13	20	85	34	67	22	25	
22	64	65	75	85	35	69	60	70	88	9	100	8	83	40	91	47	42	45	69	
68	95	7	8	68	21	11	69	27	45	43	71	84	16	24	68	7	87	94	30	
96	91	30	65	35	52	17	93	2	31	97	14	91	52	9	64	4	54	34	72	
97	89	8	16	18	67	58	25	62	69	27	46	84	7	96	46	93	41	79	12	
13	98	92	65	73	57	28	73	67	39	69	28	26	63	40	65	42	38	74	85	
48	62	2	3	53	40	24	33	9	49	33	98	45	54	83	70	41	39	57	95	
74	88	59	52	63	4	52	20	19	99	78	17	95	55	60	46	98	54	56	40	
75	43	44	48	7	10	43	29	57	76	77	42	31	93	66	39	85	14	75	8	
56	92	96	2	37	67	1	78	51	27	89	8	76	4	61	75	89	12	5	66	
15	1	51	56	66	12	23	12	18	88	80	67	81	96	8	40	84	53	33	30	
On machine	6
89	84	62	67	88	26	39	73	31	26	15	86	39	32	11	34	19	94	95	90	
47	69	14	74	22	51	69	18	67	52	42	12	89	69	84	55	8	33	3	16	
38	25	23	47	22	77	87	2	35	63	49	94	97	5	54	60	92	76	64	23	
54	82	70	49	51	38	87	90	59	20	82	29	5	54	35	67	9	53	83	10	
64	33	18	81	22	67	69	15	10	51	61	91	51	100	2	80	42	64	79	46	
60	2	85	44	13	52	39	4	51	1	37	47	14	15	26	96	59	13	39	71	
83	5	35	10	25	56	15	73	68	71	47	60	42	82	33	67	75	97	55	4	
68	83	16	99	85	12	74	50	72	42	57	76	51	28	73	90	84	5	38	87	
16	19	50	30	54	17	57	96	98	77	1	61	26	36	56	69	82	11	25	83	
85	61	54	98	99	16	86	34	48	11	62	99	23	18	5	45	17	62	85	56	
50	98	3	32	67	64	83	97	75	59	88	77	76	94	9	37	39	12	60	56	
32	69	58	25	19	10	50	93	80	45	47	28	33	80	21	76	49	49	73	27	
19	1	12	4	63	25	83	40	51	62	24	84	72	48	4	90	56	50	41	87	
61	48	49	38	26	54	8	42	17	33	67	50	49	22	1	97	84	10	10	70	
47	76	79	99	61	42	32	36	94	98	12	16	72	16	80	70	6	57	65	17	
99	35	2	75	18	32	13	20	83	52	55	42	78	65	11	31	18	66	33	51	
87	99	39	64	84	37	28	18	74	21	7	51	17	47	43	36	42	48	10	55	
31	19	24	33	56	72	20	75	80	8	55	95	89	16	93	26	77	11	79	48	
24	72	96	16	8	91	5	84	42	65	83	100	77	61	59	89	21	62	38	23	
83	1	3	54	53	68	38	87	66	54	1	36	21	30	92	32	84	29	27	41	
On machine	7
47	84	37	42	60	74	41	31	5	73	5	84	68	40	6	11	55	37	47	15	
9	21	95	49	22	7	70	79	33	71	91	61	29	20	100	35	98	22	60	31	
80	89	2	83	43	13	24	98	74	22	17	38	34	4	54	29	48	45	85	49	
60	52	87	9	31	74	63	35	51	17	56	78	41	36	52	90	90	30	18	20	
4	27	53	31	39	14	76	53	34	79	86	3	7	29	46	15	9	2	1	67	
99	42	60	81	83	82	11	20	67	68	77	10	17	60	89	50	97	81	4	93	
77	59	75	96	68	6	73	28	52	75	55	84	12	6	58	91	89	57	86	14	
98	55	13	7	85	60	77	35	90	45	85	19	8	44	12	89	3	98	89	48	
58	29	34	31	97	17	62	16	56	56	92	61	75	91	14	86	28	62	36	88	
41	79	36	11	92	79	9	50	95	15	71	99	15	95	25	67	13	89	40	96	
72	71	61	33	72	22	45	74	21	90	27	58	68	16	35	29	28	95	34	88	
62	3	69	11	79	4	26	54	84	65	80	80	90	40	31	49	21	50	96	16	
92	53	28	92	99	84	29	77	50	86	88	32	79	3	68	56	55	91	21	78	
8	48	18	56	71	81	58	95	27	10	15	49	55	59	66	40	8	44	41	27	
38	19	35	43	45	3	79	39	95	41	6	45	53	70	51	5	4	24	20	74	
20	51	64	12	86	90	14	2	69	69	83	4	17	83	17	77	11	74	4	88	
78	9	5	39	78	4	52	19	86	1	82	20	49	64	81	45	83	51	95	87	
64	17	28	27	48	96	23	66	76	38	34	45	66	61	18	47	23	88	51	56	
76	76	45	25	10	21	13	28	16	46	74	90	26	40	47	94	4	87	53	8	
74	81	48	19	13	56	22	69	68	40	97	34	94	89	98	41	43	21	17	39	
On machine	8
60	14	100	99	62	42	7	4	45	51	89	75	66	24	89	50	74	80	27	70	
94	28	4	2	5	63	32	66	34	98	55	2	86	66	16	90	91	7	85	38	
52	16	58	10	98	59	73	74	11	100	81	50	16	43	43	8	81	98	12	27	
15	96	67	59	13	84	61	43	97	9	13	7	1	29	14	86	4	94	18	64	
46	20	97	47	6	73	53	18	64	6	31	61	53	48	55	87	15	78	75	54	
18	33	84	19	80	70	27	79	77	42	22	79	72	15	15	70	93	90	75	39	
40	53	96	16	33	48	16	67	72	100	48	96	86	60	45	49	44	22	17	72	
44	49	59	86	33	24	16	34	41	31	50	11	24	84	17	58	7	80	19	71	
29	77	9	27	85	16	47	31	70	87	10	73	97	72	51	19	53	76	85	70	
45	20	27	53	3	73	67	46	59	21	54	51	44	19	77	71	69	7	63	91	
95	21	83	60	86	70	2	54	5	10	80	32	57	58	80	10	23	4	29	89	
62	18	100	30	65	20	68	28	50	23	78	70	97	3	72	73	61	97	27	51	
49	39	22	34	47	30	61	37	55	69	79	54	10	76	35	7	23	45	17	26	
14	6	100	49	8	21	41	44	17	92	97	9	57	89	69	85	22	31	53	39	
6	11	86	9	11	85	2	23	15	1	57	19	63	87	73	93	71	93	27	97	
66	29	14	61	88	6	84	69	66	21	7	17	66	40	82	52	18	43	69	60	
22	2	40	12	38	69	56	19	88	74	8	45	87	79	96	76	3	34	35	4	
57	82	5	28	82	60	69	96	22	51	8	100	20	62	81	55	78	45	49	65	
82	73	63	4	11	11	9	42	80	4	49	73	59	34	89	75	52	71	63	97	
62	19	93	40	49	29	68	17	68	79	96	63	74	73	49	87	44	47	30	25	
On machine	9
100	31	23	59	45	7	51	97	45	80	21	55	29	21	81	63	69	7	14	3	
94	60	26	2	58	84	37	1	2	72	13	55	15	32	37	62	3	97	76	86	
69	76	31	3	26	17	5	89	35	34	59	32	6	53	4	1	10	28	94	2	
70	73	63	84	8	88	87	72	13	53	4	25	28	83	32	59	44	29	13	75	
96	1	1	1	36	98	23	95	22	88	92	28	54	68	23	71	82	70	12	92	
38	84	41	73	63	11	21	78	31	91	67	99	46	23	99	26	12	99	64	46	
57	14	42	43	51	78	64	65	30	44	13	84	52	85	52	22	58	15	36	53	
6	55	95	82	48	86	45	54	81	53	85	8	8	60	4	6	98	84	72	4	
6	90	54	68	22	46	30	99	40	3	93	35	60	6	20	45	78	30	72	65	
11	47	70	4	71	61	23	16	78	24	5	2	16	100	93	32	98	14	73	37	
94	64	77	18	97	99	12	5	23	38	42	82	52	50	26	36	34	2	75	30	
78	23	44	33	95	80	96	17	3	16	69	75	19	50	35	88	28	77	33	39	
54	26	92	75	41	11	43	23	97	57	87	70	70	61	12	89	53	62	52	61	
9	72	44	86	26	65	15	58	30	40	27	60	82	28	86	41	93	56	29	5	
20	72	17	18	71	3	49	85	46	85	76	98	73	41	81	48	64	100	90	51	
96	45	32	6	33	11	71	17	45	93	1	6	44	24	88	96	40	93	55	72	
31	81	43	98	23	51	80	36	53	46	73	74	8	90	79	7	51	89	50	73	
88	72	24	80	29	9	15	16	61	31	41	81	57	6	6	93	96	20	17	2	
34	91	76	81	54	24	17	49	24	37	91	30	14	10	70	17	64	86	82	23	
51	26	9	15	51	81	14	57	100	18	46	27	67	100	28	3	74	44	88	79	
On machine	10
44	77	92	29	50	74	13	48	38	34	91	10	90	3	50	59	55	77	86	30	
87	1	2	82	45	25	95	1	88	67	50	42	61	24	42	30	63	95	19	6	
76	48	51	5	53	3	34	30	43	40	98	6	23	62	8	3	25	38	39	5	
42	20	50	55	17	25	24	71	38	63	68	85	83	98	55	95	95	1	54	26	
67	45	49	33	58	67	17	41	29	88	23	92	42	56	85	27	86	79	71	69	
86	44	66	89	78	93	4	10	96	17	56	27	48	80	52	11	56	83	71	99	
76	92	8	92	65	72	66	59	46	40	53	60	44	57	77	42	27	82	12	78	
53	68	82	52	47	73	30	82	86	46	95	79	41	52	94	89	24	24	67	28	
10	78	72	15	97	39	13	51	10	60	46	37	52	62	5	80	85	14	60	11	
71	86	37	67	3	82	60	7	78	87	77	19	59	32	10	91	11	57	56	51	
79	83	38	94	74	24	1	97	27	12	89	63	94	11	73	79	33	47	52	83	
41	55	42	12	45	2	88	69	60	10	72	90	38	94	93	27	50	39	61	79	
28	50	50	67	9	5	73	13	100	82	66	59	60	80	26	21	74	3	8	86	
21	51	21	15	49	14	63	91	2	95	90	5	36	18	32	12	2	87	53	95	
28	2	52	43	34	19	44	76	15	73	39	23	68	93	6	58	97	39	51	7	
84	55	18	84	23	19	56	35	58	49	31	40	84	67	31	71	84	79	6	54	
70	67	74	76	55	95	96	97	47	55	5	70	51	88	32	54	15	82	46	100	
37	76	65	7	9	6	47	21	45	43	29	83	81	56	17	67	12	31	59	90	
73	63	3	92	10	12	8	89	90	23	55	99	34	9	92	5	99	3	81	83	
91	77	63	19	61	58	74	18	61	23	64	57	99	35	39	27	12	39	19	43	
On machine	11
32	25	43	68	84	80	37	1	64	55	77	93	83	25	54	75	89	19	90	4	
28	63	97	16	45	43	23	79	70	17	91	47	99	65	74	83	27	31	48	64	
31	46	52	66	63	20	19	37	93	32	75	84	15	44	74	65	55	97	26	14	
99	66	42	22	8	60	75	33	26	9	61	87	100	4	69	14	31	32	40	12	
37	32	78	33	27	47	99	63	66	19	48	75	25	89	15	41	84	39	51	96	
93	23	4	64	13	76	60	61	60	37	16	62	93	23	35	40	50	36	49	99	
20	38	32	64	42	53	99	15	95	82	61	99	96	40	29	63	13	100	53	44	
60	41	37	15	88	46	54	92	76	59	73	86	41	19	76	99	81	72	19	24	
28	8	57	26	53	67	47	64	37	91	36	7	53	34	53	28	32	35	59	87	
69	46	33	47	76	63	9	60	48	3	21	2	65	30	50	35	63	13	45	31	
91	20	74	12	17	77	93	13	37	37	20	4	54	61	36	23	19	99	28	73	
97	70	16	68	91	30	30	97	56	7	80	78	56	34	93	9	87	33	98	86	
24	20	95	51	20	28	6	10	79	83	91	7	57	11	45	30	36	13	46	21	
71	80	83	61	46	26	39	41	5	94	92	62	55	78	100	39	86	2	28	100	
45	42	12	24	69	19	99	58	30	95	72	28	41	26	30	62	94	2	83	25	
74	86	44	88	94	10	48	54	43	5	59	13	86	31	12	77	42	65	6	87	
42	70	34	26	81	70	73	83	65	9	43	92	90	44	9	27	69	78	69	75	
71	76	18	1	62	41	13	30	97	87	33	11	83	85	17	60	96	83	72	83	
98	8	84	83	62	44	24	6	80	31	72	99	41	68	85	35	78	47	73	12	
66	11	56	58	50	53	82	93	40	26	55	40	56	93	11	80	72	19	68	44	
On machine	12
52	93	97	76	49	24	62	70	81	28	56	82	99	60	56	93	35	52	69	56	
62	57	34	59	50	97	67	94	14	60	48	66	90	39	70	57	56	39	6	64	
80	16	31	97	82	65	98	88	5	51	38	60	57	22	20	79	93	67	13	1	
8	71	32	1	100	8	69	79	57	8	72	38	6	85	28	61	97	78	17	70	
53	75	38	68	20	3	36	39	78	60	63	1	79	50	12	35	73	81	66	59	
33	50	44	85	82	79	73	26	97	66	52	44	94	95	93	92	76	10	34	97	
16	70	19	95	27	20	29	83	18	62	94	6	59	26	77	37	12	83	1	62	
28	45	79	37	59	93	42	76	35	45	68	2	8	8	27	26	8	75	90	54	
51	70	48	37	57	74	16	11	95	32	37	58	40	10	95	1	10	83	89	17	
98	86	1	42	80	38	55	68	49	55	61	1	89	43	86	25	18	49	54	95	
29	55	82	31	75	86	29	86	22	93	32	49	18	33	52	71	67	49	78	36	
68	56	79	26	27	56	65	22	28	96	69	52	65	73	36	15	29	79	25	90	
53	4	100	66	83	11	71	26	21	29	34	45	82	1	91	21	47	77	46	29	
53	12	41	78	55	54	35	93	6	12	73	53	28	82	7	20	91	63	22	77	
7	78	8	81	43	83	99	74	3	43	30	51	32	79	29	62	58	59	90	64	
81	100	50	73	77	62	75	65	52	83	39	26	87	63	35	93	47	59	36	15	
9	83	1	61	71	39	1	41	53	80	60	70	56	77	58	71	54	82	44	20	
71	18	10	38	90	93	42	89	13	81	10	56	88	87	67	21	19	13	91	73	
72	55	25	51	53	90	65	56	70	62	62	89	90	57	56	75	48	94	43	12	
79	85	85	6	73	82	9	74	41	65	30	42	3	42	43	49	57	41	13	89	
On machine	13
74	100	22	93	29	100	83	9	71	7	91	32	84	3	93	52	65	90	41	79	
65	52	67	46	24	20	53	6	96	96	60	67	32	86	40	82	22	7	36	9	
30	63	79	23	85	57	98	77	69	70	68	97	83	32	4	84	21	39	85	73	
30	86	97	27	20	33	86	23	35	87	44	88	48	66	98	96	43	36	93	79	
51	13	39	25	72	12	5	39	69	29	25	68	91	93	19	94	99	19	88	30	
74	81	14	98	23	30	93	61	19	96	65	93	19	100	37	27	72	27	38	66	
72	33	62	34	89	86	68	72	3	16	82	95	46	43	33	82	86	97	58	89	
30	5	26	43	17	57	33	45	52	59	49	95	92	88	33	75	83	4	27	77	
18	87	17	82	28	89	68	34	100	47	6	76	89	3	88	92	57	89	58	77	
92	25	19	51	42	58	90	10	56	22	38	20	98	17	55	23	62	17	53	70	
67	84	23	47	71	37	23	57	59	2	6	75	96	73	45	99	68	57	42	58	
2	77	32	26	10	73	91	3	81	44	58	88	87	55	82	64	8	86	86	47	
33	56	75	17	54	49	36	7	83	68	51	64	24	28	88	62	51	97	12	86	
75	32	22	25	81	25	35	21	46	77	82	34	35	94	48	8	60	84	91	59	
10	71	60	92	96	4	71	93	81	52	42	97	11	23	26	38	54	66	20	80	
22	13	63	7	9	48	16	56	92	40	1	75	99	54	61	41	55	26	71	67	
76	57	43	57	55	31	73	96	28	62	1	83	16	55	66	68	55	20	55	60	
7	99	46	97	19	38	5	58	60	13	39	62	52	14	36	37	52	43	28	62	
85	15	77	56	78	73	37	58	5	74	2	45	94	56	93	90	70	38	78	11	
55	92	37	69	25	81	37	98	65	28	44	68	46	27	95	21	92	86	2	89	
On machine	14
13	47	57	62	74	60	35	78	13	61	10	37	4	95	90	97	18	38	85	14	
78	17	94	7	39	17	60	80	12	30	31	37	14	41	94	76	71	10	23	94	
64	28	91	51	53	97	19	69	7	90	55	74	24	37	32	14	69	81	83	96	
15	76	64	97	42	79	4	91	73	94	53	54	30	48	21	53	48	31	64	84	
39	24	38	18	94	59	5	12	62	19	29	25	48	62	16	67	5	53	8	63	
17	38	48	25	27	66	52	39	59	65	38	58	9	98	55	59	71	51	58	82	
19	6	99	22	24	46	50	35	57	74	12	57	92	55	47	92	19	18	90	4	
19	97	15	50	13	41	21	47	88	78	70	32	83	24	42	72	88	9	15	27	
68	97	15	80	68	36	13	48	26	64	7	100	100	63	8	58	13	88	69	81	
37	98	67	10	99	41	3	100	54	43	54	97	48	63	69	14	70	90	89	52	
93	48	53	99	100	63	85	70	92	74	56	59	39	26	93	55	16	14	38	31	
41	16	21	62	3	67	69	5	68	80	75	22	14	62	27	56	22	79	65	91	
39	6	13	24	38	1	91	82	89	70	89	59	86	14	99	25	9	88	68	5	
58	49	66	98	21	84	86	99	31	27	93	13	20	50	1	10	24	76	28	46	
73	3	71	27	37	16	54	99	55	73	30	71	74	24	63	10	73	85	28	18	
68	5	37	34	37	66	43	98	84	26	43	65	14	9	91	10	72	42	88	58	
55	58	62	4	11	58	75	3	95	55	85	85	89	99	83	25	45	74	100	15	
92	37	77	89	23	62	57	82	66	40	3	48	72	16	18	30	81	80	67	47	
15	98	70	33	21	75	2	47	38	88	63	74	39	100	31	100	33	87	41	47	
77	71	25	54	45	4	97	19	61	47	61	78	89	83	14	78	2	36	35	61	
On machine	15
31	45	86	10	35	40	88	44	23	15	86	81	67	1	41	24	14	28	99	69	
25	21	79	87	31	44	86	4	14	9	67	68	57	66	69	45	69	45	14	67	
67	70	96	73	21	94	95	66	76	24	35	96	66	69	74	91	82	5	81	20	
54	1	44	24	81	4	52	80	33	99	13	18	30	31	33	80	47	27	93	100	
56	53	37	34	62	36	100	96	72	85	2	89	72	53	95	13	50	19	1	100	
31	34	24	42	52	6	34	2	27	33	31	95	9	63	26	90	55	69	38	82	
15	13	73	69	64	39	24	5	75	19	40	53	72	79	52	49	62	62	67	79	
54	5	88	49	75	70	2	70	55	83	39	78	99	37	16	65	12	11	8	51	
21	12	82	17	36	69	44	24	10	24	25	1	93	55	2	73	88	75	98	73	
79	46	94	51	95	69	85	25	43	48	77	94	82	25	19	9	29	6	97	70	
62	36	67	65	97	85	25	61	13	70	13	97	83	17	66	1	75	18	40	31	
93	3	6	18	85	8	45	94	94	88	36	17	36	97	48	85	70	19	12	57	
39	100	85	13	60	93	44	56	49	51	21	17	59	13	80	1	8	11	5	54	
41	17	99	52	59	99	2	22	53	35	62	76	35	26	82	88	72	46	55	74	
25	37	77	93	45	66	59	70	88	22	5	46	91	35	59	92	84	10	66	95	
49	14	89	77	85	22	80	27	4	41	24	41	62	18	72	97	33	34	39	54	
3	97	84	73	9	44	35	39	32	84	75	74	22	84	7	23	20	90	96	43	
80	37	28	46	77	82	4	32	96	66	4	83	1	8	90	39	44	58	90	74	
75	67	25	23	84	40	23	23	94	97	86	52	100	26	30	26	27	86	3	90	
82	34	63	17	44	66	71	94	21	46	41	29	39	26	39	58	54	18	70	75	
On machine	16
43	12	36	97	97	46	66	78	84	9	81	65	58	4	11	94	90	76	34	90	
67	18	76	39	34	9	29	73	83	5	54	9	72	99	28	77	51	82	73	98	
63	95	62	66	45	39	54	1	32	58	55	71	94	17	95	31	84	38	41	27	
88	54	51	3	97	46	85	22	85	57	67	4	9	36	56	25	17	98	93	23	
75	79	39	93	6	47	22	12	42	18	10	54	66	55	78	76	9	95	96	92	
65	15	71	6	29	43	33	8	27	7	100	27	39	39	98	88	97	70	100	30	
62	25	80	92	29	44	60	66	9	89	66	72	81	16	94	97	58	29	69	93	
56	96	94	72	57	30	8	50	28	59	97	56	77	32	92	56	48	12	6	70	
37	15	11	33	66	52	20	46	66	63	82	8	89	57	4	18	14	54	70	6	
62	63	98	48	70	13	27	71	73	99	14	16	66	29	53	27	43	42	34	93	
90	38	2	31	26	76	100	69	96	42	87	55	27	14	62	35	97	76	19	88	
60	38	89	12	32	46	93	82	86	27	59	87	68	51	49	62	75	54	24	68	
3	100	19	4	4	79	82	56	27	4	29	16	1	68	12	100	42	11	67	23	
71	26	18	50	31	63	23	50	37	76	4	85	43	29	98	98	45	72	90	41	
35	84	58	86	30	68	68	60	70	12	30	22	42	49	48	22	93	54	37	72	
52	38	62	81	93	61	7	43	83	99	26	94	59	33	27	69	44	34	97	14	
37	24	43	35	6	13	12	67	31	91	48	42	100	49	76	36	72	48	93	86	
90	81	100	51	65	88	49	50	6	11	100	51	98	90	89	70	26	16	3	37	
99	52	91	17	73	49	47	84	92	42	76	74	97	81	8	77	84	1	1	85	
35	18	95	14	56	64	66	64	72	55	20	4	33	63	2	1	96	42	19	17	
On machine	17
51	5	11	33	93	68	15	70	21	7	87	15	78	32	52	59	60	1	78	72	
46	14	81	23	82	94	26	37	38	72	92	54	25	29	37	67	17	65	62	68	
44	16	37	19	15	51	31	24	33	28	52	7	100	4	42	49	54	8	61	91	
72	48	73	95	27	94	66	85	14	85	13	76	100	90	69	82	34	96	81	26	
24	16	83	43	74	41	29	2	80	50	74	5	26	87	8	31	33	75	74	47	
61	46	19	40	85	75	95	49	38	95	33	12	44	48	4	96	81	21	26	62	
96	96	82	17	2	63	1	42	45	35	78	76	55	82	88	95	37	16	76	13	
84	39	64	84	23	60	70	57	13	75	91	60	22	56	87	52	58	66	76	31	
100	22	4	33	90	81	75	61	93	57	47	66	59	62	90	92	82	5	83	70	
24	94	13	38	97	84	91	15	85	12	12	22	3	43	54	7	68	73	85	21	
48	67	35	19	68	96	17	36	43	67	22	70	82	70	1	27	78	12	64	69	
10	28	35	85	3	86	35	23	67	65	51	89	36	58	50	24	6	34	81	22	
60	23	58	14	14	35	28	1	36	25	42	25	92	88	39	98	74	35	90	22	
47	95	15	31	85	85	30	75	1	6	46	37	59	75	39	84	37	5	54	73	
29	61	70	77	74	44	94	4	73	74	1	45	13	60	89	13	6	30	43	76	
3	88	25	46	57	50	8	58	17	91	12	31	33	84	67	37	32	21	76	1	
28	9	78	41	56	86	44	69	85	85	59	98	93	69	22	34	43	62	33	85	
9	89	7	1	13	34	100	48	43	80	93	82	81	89	31	92	7	93	92	45	
30	46	12	81	55	87	91	62	50	50	92	94	33	89	44	28	50	59	43	35	
25	31	22	26	84	97	55	52	29	23	100	3	80	38	28	50	8	13	40	18	
On machine	18
61	15	72	8	49	1	2	28	50	100	43	78	54	31	16	61	32	82	45	2	
28	12	57	48	61	22	70	17	73	43	54	43	24	97	59	4	48	100	48	96	
68	25	54	40	56	27	62	70	42	53	32	33	12	73	8	26	43	65	100	89	
5	8	97	65	35	58	60	34	100	32	34	16	39	76	54	56	16	87	29	50	
10	82	9	49	49	74	16	53	88	18	68	58	47	86	41	94	4	1	39	47	
92	40	65	95	95	22	83	31	16	48	30	85	62	58	63	77	49	99	40	97	
100	68	27	99	63	96	60	3	14	12	55	11	86	88	41	47	39	50	61	90	
96	1	85	24	78	16	80	37	91	47	58	44	4	8	46	21	27	82	77	44	
4	48	79	8	60	100	26	40	48	12	56	66	97	88	46	5	9	99	74	29	
67	46	45	91	10	4	48	32	85	36	94	50	93	98	13	59	99	33	17	8	
81	38	62	71	53	5	42	53	75	36	50	48	33	4	76	42	21	44	60	46	
29	37	8	15	95	49	17	67	71	78	21	65	96	77	81	66	22	62	34	46	
76	35	63	49	22	76	2	8	11	23	90	8	72	98	49	97	35	9	11	90	
35	10	85	56	62	10	39	88	84	99	54	36	73	12	19	55	73	98	44	92	
12	22	65	53	15	71	37	65	47	31	94	38	66	68	9	69	29	19	12	51	
72	48	83	31	52	36	5	39	21	75	44	7	38	48	41	48	93	36	54	4	
55	14	88	89	56	76	94	74	36	4	55	18	22	90	26	63	71	23	76	63	
57	34	63	96	100	93	76	87	2	63	7	90	90	2	100	76	25	65	3	14	
26	79	84	41	41	15	33	13	93	38	39	66	62	79	7	100	86	10	39	47	
69	10	77	24	7	68	71	10	8	88	28	16	40	36	89	65	25	93	70	77	
On machine	19
44	72	53	60	37	41	98	76	14	34	89	87	92	33	99	57	67	59	32	46	
63	50	59	26	51	87	35	29	17	25	25	87	23	27	68	9	85	45	66	91	
96	82	53	72	86	68	45	33	24	35	10	75	39	40	15	39	95	61	30	18	
67	33	68	46	95	62	26	61	88	71	41	38	93	99	70	16	41	88	70	58	
30	34	75	87	53	34	63	43	19	42	16	54	53	92	3	95	19	71	2	46	
13	39	29	93	29	68	71	72	62	87	56	13	51	76	84	64	82	77	4	22	
63	18	32	29	51	28	77	73	64	12	28	18	97	49	19	61	12	68	30	29	
98	58	66	71	33	44	78	46	74	87	73	44	67	63	94	66	26	4	75	26	
36	15	47	84	10	80	41	60	99	21	83	55	10	30	40	87	80	5	57	80	
88	42	83	49	13	33	76	24	16	86	93	19	67	95	61	93	75	20	39	49	
75	71	31	73	58	82	57	22	83	19	12	24	62	83	37	56	55	94	84	4	
68	46	3	55	33	86	77	52	55	47	95	55	5	58	42	97	79	43	77	11	
89	52	94	32	69	12	26	62	43	93	57	66	89	8	9	85	3	75	5	88	
6	87	55	88	15	69	55	17	17	68	70	40	74	19	35	85	56	81	97	34	
84	31	73	28	15	87	46	89	99	13	17	79	54	49	59	28	90	24	57	27	
60	83	97	9	54	66	66	31	53	95	55	61	80	13	97	26	83	65	11	78	
53	30	30	74	97	19	15	30	12	74	92	77	30	70	17	54	65	93	78	87	
80	49	66	88	42	9	25	68	27	4	14	30	3	82	93	56	9	18	91	31	
96	26	27	50	99	93	52	14	76	47	82	50	29	88	87	7	61	13	12	2	
23	17	65	36	87	93	31	49	92	22	3	81	35	94	60	20	9	57	24	64	
On machine	20
11	49	8	27	50	2	1	55	99	67	39	72	5	39	2	48	58	66	27	85	
69	42	60	86	9	22	78	17	88	68	76	99	6	84	74	20	70	58	57	75	
59	1	87	82	9	70	73	7	26	72	12	7	83	31	11	33	64	80	44	25	
97	19	66	41	49	43	2	33	12	83	60	70	87	37	71	25	33	71	13	76	
61	32	69	51	42	94	62	68	59	28	54	92	2	96	38	16	74	64	87	87	
10	73	2	51	64	23	62	57	90	62	77	51	31	64	19	23	94	87	99	93	
20	30	77	63	6	73	23	98	93	26	30	72	44	64	64	48	8	58	98	99	
7	74	5	98	89	59	66	50	27	61	37	73	70	67	69	84	37	76	94	21	
18	58	80	66	20	92	75	21	66	66	78	21	61	86	38	42	28	99	18	77	
11	60	77	58	8	19	4	63	81	61	10	85	41	18	18	41	83	64	35	35	
68	34	97	83	46	15	44	72	22	11	10	46	35	35	93	7	38	4	95	54	
97	50	68	25	89	59	58	80	6	14	83	26	89	53	9	89	25	37	23	82	
85	57	69	40	69	67	83	69	67	31	48	69	17	55	74	3	39	56	78	21	
61	50	40	69	81	45	84	81	74	81	51	83	34	40	16	6	47	6	44	91	
18	10	27	18	89	98	95	71	64	54	42	47	49	41	90	30	88	71	4	44	
20	18	28	60	49	58	11	94	40	90	12	21	71	26	74	23	91	59	7	84	
64	57	56	16	94	64	19	8	96	31	38	4	24	32	52	39	90	91	47	30	
6	79	100	54	21	6	82	87	31	42	69	56	44	96	13	3	72	9	8	84	
70	29	69	41	12	30	16	31	40	74	95	93	4	80	65	22	18	21	3	35	
39	43	91	15	83	68	64	3	30	86	3	33	36	42	4	8	84	7	65	32	
Reldue
-1	1842	-1	-1
-1	1468	-1	-1
-1	721	-1	-1
-1	983	-1	-1
-1	349	-1	-1
-1	3045	-1	-1
-1	275	-1	-1
-1	1648	-1	-1
-1	2646	-1	-1
-1	2904	-1	-1
-1	90	-1	-1
-1	1033	-1	-1
-1	720	-1	-1
-1	615	-1	-1
-1	2078	-1	-1
-1	2188	-1	-1
-1	1306	-1	-1
-1	1528	-1	-1
-1	1600	-1	-1
-1	943	-1	-1
