Families	20
Machines	10
MaxSetupTime	20

Number of Jobs in each Family
7	2	6	2	4	8	1	5	10	4	2	2	8	5	3	10	10	8	8	3	

Jobs in each Family
0	1	2	3	4	5	6	
7	8	
9	10	11	12	13	14	
15	16	
17	18	19	20	
21	22	23	24	25	26	27	28	
29	
30	31	32	33	34	
35	36	37	38	39	40	41	42	43	44	
45	46	47	48	
49	50	
51	52	
53	54	55	56	57	58	59	60	
61	62	63	64	65	
66	67	68	
69	70	71	72	73	74	75	76	77	78	
79	80	81	82	83	84	85	86	87	88	
89	90	91	92	93	94	95	96	
97	98	99	100	101	102	103	104	
105	106	107	

Total number of jobs
108

Processing times of jobs
9	1	1	9	10	9	2	5	6	5	
5	7	1	7	10	3	6	4	1	8	
8	9	3	2	2	1	3	10	3	2	
4	9	2	8	6	1	7	6	10	6	
10	4	10	6	3	10	4	1	9	3	
8	3	3	3	6	1	8	9	4	10	
3	4	8	5	7	2	4	5	3	8	
10	5	10	10	9	6	10	10	4	7	
4	6	1	10	10	2	10	8	8	3	
6	4	3	10	6	5	9	4	3	1	
10	9	6	2	5	4	4	10	2	4	
3	5	6	1	6	10	4	10	5	9	
10	4	9	9	1	5	8	10	9	10	
7	3	4	1	8	2	6	1	2	6	
9	7	3	7	3	3	9	7	2	9	
8	2	3	9	5	7	3	8	4	6	
8	9	8	10	1	5	8	8	3	6	
8	9	9	2	4	10	3	3	2	10	
9	4	9	3	1	3	5	7	4	7	
6	3	8	7	10	5	7	8	1	6	
8	1	7	1	5	10	8	1	8	4	
9	7	10	1	7	3	1	8	5	6	
3	5	9	1	10	5	4	4	8	1	
6	1	1	2	6	9	2	5	2	5	
6	6	5	1	5	2	7	5	3	7	
10	5	7	8	5	5	9	6	5	2	
4	10	7	9	6	1	6	1	10	3	
7	7	6	8	4	5	8	9	5	8	
2	5	7	10	1	6	1	2	5	3	
4	3	1	6	7	5	5	7	10	6	
2	8	9	1	6	1	7	1	4	1	
2	2	7	6	7	9	5	8	4	10	
8	8	4	4	2	6	5	1	10	2	
4	2	9	5	3	7	10	9	3	5	
2	1	3	8	9	6	10	10	9	3	
3	10	4	10	2	4	10	7	10	7	
10	3	9	6	8	2	6	1	4	2	
10	10	1	6	8	2	2	6	9	6	
4	5	5	10	4	9	7	5	9	9	
1	4	6	10	2	2	6	8	3	9	
6	10	9	2	2	10	8	9	9	10	
8	9	9	3	4	7	4	7	5	10	
4	9	2	4	2	8	8	10	7	1	
8	5	1	5	6	5	1	6	8	8	
9	9	4	8	7	6	1	1	10	8	
6	5	9	10	6	10	1	6	5	10	
10	5	6	7	7	9	9	2	10	5	
10	7	7	6	10	9	10	7	2	6	
6	5	10	3	1	5	4	1	10	6	
2	9	2	2	9	3	2	8	3	10	
1	3	8	3	7	8	9	10	5	4	
7	8	9	7	10	10	6	2	5	3	
5	6	4	8	6	10	8	8	1	6	
6	8	1	7	1	9	3	9	3	8	
3	1	5	5	6	10	7	3	1	4	
5	3	6	2	6	4	9	5	6	3	
5	6	1	3	8	10	10	8	1	4	
3	7	10	5	2	1	8	9	9	1	
3	10	10	9	6	7	8	8	5	4	
8	8	1	10	8	10	8	7	10	1	
6	7	4	4	6	6	6	9	10	3	
4	7	3	3	6	8	10	7	7	10	
5	8	6	6	10	5	4	6	6	3	
9	4	5	6	5	1	6	4	2	2	
1	2	2	5	3	3	2	3	4	2	
6	5	4	10	3	3	1	2	5	5	
7	9	3	6	7	4	8	9	8	1	
10	5	10	10	4	1	2	5	5	8	
1	5	4	5	10	3	3	5	5	10	
3	6	1	2	6	7	6	8	3	3	
8	10	4	2	10	4	2	10	6	1	
5	6	5	5	6	1	3	4	10	2	
1	10	8	5	2	8	9	9	4	6	
4	5	3	8	5	8	9	1	7	8	
10	5	9	9	7	2	1	10	7	6	
1	6	9	6	6	6	9	5	10	1	
3	3	7	8	9	3	10	1	10	1	
3	8	4	3	4	1	7	3	2	8	
1	8	7	2	4	4	10	1	8	9	
6	6	10	7	5	5	4	9	8	10	
2	10	9	2	6	8	5	1	1	8	
6	3	2	7	8	8	1	10	10	4	
7	3	6	5	5	8	10	9	2	6	
4	5	8	2	9	9	7	2	9	10	
9	8	2	10	6	8	6	5	7	5	
1	9	2	3	1	3	7	6	3	10	
1	3	2	9	7	4	10	5	7	5	
5	6	3	8	1	1	6	5	6	10	
2	1	2	4	6	3	8	5	5	4	
9	6	7	2	5	6	1	4	3	5	
7	8	10	1	4	10	10	4	10	7	
2	10	4	9	5	1	8	4	1	9	
3	9	4	2	9	2	6	2	2	2	
9	3	8	6	1	9	1	2	6	7	
10	3	5	5	7	6	10	8	9	9	
9	2	10	6	9	8	6	10	3	5	
2	3	9	3	1	5	2	10	7	8	
8	6	6	6	3	4	2	3	10	10	
2	5	9	1	7	6	9	1	1	3	
1	1	4	3	7	4	8	1	9	3	
1	4	9	8	5	3	8	6	4	4	
4	4	6	2	10	7	6	5	7	8	
5	6	3	6	1	8	7	6	3	3	
1	5	2	8	6	3	8	1	5	10	
7	6	6	1	3	10	10	3	7	10	
8	7	8	2	9	1	8	6	10	10	
3	5	5	10	7	10	8	2	8	7	
3	1	2	6	4	5	6	3	8	1	

Stepup times between family, where [f][f] represents initial setup time
On machine	1
1	3	20	9	1	18	1	14	7	15	4	20	15	18	18	4	20	5	2	7	
1	17	17	2	6	9	20	9	6	7	18	17	2	18	20	5	9	3	6	14	
17	9	3	6	5	19	7	15	20	15	12	20	2	12	2	20	3	15	20	3	
10	1	8	7	4	12	16	2	11	18	1	8	20	10	18	10	7	7	10	3	
10	12	16	14	18	11	1	9	6	3	3	16	15	6	10	15	19	9	9	4	
6	1	15	6	15	12	5	17	20	14	20	8	1	20	10	14	15	15	1	16	
5	5	9	5	19	16	15	15	5	2	7	18	1	19	12	6	15	18	2	9	
9	17	20	6	3	17	16	10	3	19	18	8	1	2	11	11	9	13	8	13	
12	18	20	10	7	8	10	3	5	3	2	9	3	9	4	7	14	10	13	3	
3	19	9	3	3	5	9	6	2	11	18	20	14	18	10	20	16	10	20	19	
6	19	17	20	18	2	5	14	9	3	18	15	12	8	13	18	19	9	18	15	
2	8	14	12	7	12	20	18	4	19	7	7	15	9	18	17	2	16	17	17	
20	12	3	6	19	3	2	12	19	17	1	10	4	14	7	14	8	6	2	3	
14	6	1	13	19	2	3	4	17	7	15	12	20	6	13	17	8	16	14	6	
1	4	20	1	18	18	10	13	8	18	18	13	7	10	14	12	7	18	17	10	
5	10	8	13	8	2	18	13	19	10	8	2	3	14	2	8	17	19	8	12	
5	15	3	10	10	12	10	10	10	1	11	4	9	20	18	7	3	2	17	3	
18	7	10	10	6	15	8	12	11	15	5	9	12	2	20	4	2	4	11	6	
3	8	8	7	5	8	14	14	4	16	10	11	7	18	19	6	4	12	20	12	
1	19	20	2	9	13	5	14	1	6	3	4	5	18	20	15	12	7	11	13	
On machine	2
7	17	11	1	9	12	1	6	11	14	5	15	9	10	14	20	19	9	12	5	
16	7	17	19	15	17	1	8	15	10	9	10	8	16	3	13	13	18	15	13	
17	10	5	7	14	13	13	7	4	18	18	16	19	4	11	20	11	10	11	15	
19	12	18	4	16	2	19	1	17	15	18	5	18	13	13	2	16	6	11	3	
1	8	7	7	16	14	4	14	12	19	8	18	9	19	2	3	1	9	9	17	
19	12	4	16	10	2	10	17	16	5	1	14	15	5	8	12	8	6	5	9	
5	10	8	2	10	18	9	8	11	20	14	12	13	10	20	9	5	20	15	20	
19	7	16	4	20	2	5	9	19	18	9	6	11	4	13	18	8	5	5	20	
14	5	18	20	12	14	10	12	19	14	13	14	18	19	1	14	16	16	5	3	
18	2	5	17	10	18	9	5	17	14	18	19	10	6	11	7	11	10	15	15	
3	3	7	3	7	15	15	7	20	9	8	17	14	5	14	3	13	1	6	12	
15	9	13	16	2	12	12	1	5	12	11	12	14	17	20	18	11	6	11	16	
9	13	3	2	14	10	1	18	18	1	1	11	3	11	9	11	4	18	18	5	
14	6	3	16	7	8	13	10	20	4	10	1	17	5	1	13	17	10	18	6	
4	19	11	15	9	6	15	5	17	11	6	11	5	1	11	1	3	3	11	1	
3	5	3	11	17	1	7	11	3	8	3	3	9	14	15	6	20	19	18	12	
4	16	19	18	2	3	5	13	18	19	3	10	12	8	1	8	10	15	1	20	
10	20	18	13	6	9	10	15	6	7	13	6	18	3	2	9	2	7	13	2	
2	14	16	10	9	19	4	12	15	2	6	10	12	8	14	2	11	14	14	13	
14	13	15	3	1	8	5	16	6	16	13	4	14	3	5	19	5	6	15	13	
On machine	3
9	4	10	18	6	17	2	1	12	8	12	16	10	1	15	20	4	9	16	4	
6	2	5	20	19	14	10	1	8	18	15	10	6	20	8	19	6	7	20	8	
11	8	13	3	4	16	14	1	16	5	5	11	18	17	15	17	13	2	5	15	
6	11	20	19	13	5	11	14	4	17	13	8	5	14	3	9	5	12	9	20	
9	14	7	15	1	1	8	8	11	4	2	7	9	2	13	5	6	5	20	13	
4	18	17	20	17	16	11	12	19	17	20	16	18	3	5	12	1	9	1	5	
2	15	20	15	4	12	9	14	5	3	7	12	6	3	6	14	14	7	6	3	
6	4	5	7	4	8	17	14	6	17	20	10	5	6	5	13	20	17	14	15	
2	14	1	20	11	11	7	19	14	15	12	5	12	16	11	12	11	13	7	7	
2	1	14	7	4	3	10	6	3	1	18	11	6	5	12	13	8	15	2	14	
8	18	10	5	2	5	9	7	4	13	19	5	3	20	9	2	17	17	17	3	
1	19	10	18	4	14	17	11	8	19	14	4	17	10	18	1	4	5	18	19	
6	15	8	13	11	17	9	2	5	9	14	3	3	6	13	1	3	9	8	14	
3	1	9	15	3	17	8	11	5	13	12	15	3	19	13	10	12	4	17	15	
8	4	2	13	9	1	3	3	2	2	16	13	1	14	9	11	17	2	12	16	
15	16	19	20	7	8	15	3	1	4	19	11	6	8	8	19	2	19	10	9	
11	8	7	20	20	15	20	5	5	1	16	5	4	20	16	7	20	8	16	7	
14	7	20	20	10	16	3	1	16	8	13	6	10	20	1	4	3	8	2	2	
1	8	14	20	3	15	2	15	4	10	14	18	13	12	7	20	14	15	4	4	
4	18	8	11	12	9	18	20	8	5	4	8	8	11	7	10	10	17	13	10	
On machine	4
2	1	18	13	7	4	1	5	7	5	2	17	16	17	4	20	7	16	9	17	
3	15	6	5	6	4	1	7	9	17	10	20	10	5	10	15	18	10	7	13	
7	6	9	19	6	3	18	18	5	5	15	4	18	6	9	13	1	19	20	8	
4	4	1	20	7	18	18	6	5	3	2	12	11	2	1	5	14	8	16	18	
2	3	1	7	4	12	10	5	14	12	9	14	8	19	7	8	17	8	6	19	
17	14	17	11	2	1	16	10	8	18	12	1	11	5	10	8	17	9	7	10	
18	8	19	19	17	11	15	20	18	16	1	11	11	11	1	4	2	9	3	18	
18	15	2	4	1	9	7	2	9	3	20	12	3	11	17	3	11	14	20	11	
5	14	5	19	20	20	2	20	9	10	18	13	4	20	14	8	2	12	14	8	
2	10	4	14	15	14	4	19	2	14	20	8	6	6	13	5	12	1	19	5	
13	5	1	7	7	9	16	13	2	12	20	14	15	15	8	8	19	17	19	10	
14	10	15	17	14	1	13	1	4	6	19	20	6	16	16	10	18	14	8	18	
15	1	1	14	18	16	19	14	2	18	15	4	20	1	18	16	19	12	6	2	
5	14	5	11	15	8	17	18	3	7	20	4	2	19	14	18	12	7	5	6	
10	7	20	17	10	15	11	19	20	17	20	20	18	12	3	10	14	10	15	3	
7	2	2	3	18	20	5	4	10	12	15	10	18	11	1	13	5	12	20	1	
20	13	14	18	9	19	9	10	1	12	2	16	17	5	12	20	15	19	17	16	
12	20	1	10	17	5	14	1	15	8	3	2	2	17	14	5	15	15	16	12	
18	10	14	4	4	18	8	14	10	6	10	6	1	11	1	20	15	10	6	4	
3	17	17	4	10	2	1	20	6	14	17	3	4	15	7	12	6	8	10	14	
On machine	5
20	8	3	16	5	12	10	18	10	10	18	11	19	1	10	15	12	9	3	19	
14	4	5	3	11	20	5	8	17	17	12	5	5	13	20	5	14	12	20	18	
7	12	8	18	13	7	14	20	11	7	14	11	20	13	9	7	13	10	3	15	
17	9	4	18	6	10	15	4	3	10	14	1	1	12	19	18	16	8	14	2	
20	11	9	17	4	3	16	9	12	13	7	19	3	12	19	14	18	6	16	11	
5	9	9	7	2	4	20	9	10	16	14	18	20	2	7	11	3	3	6	7	
3	10	8	7	10	7	18	6	17	8	8	5	5	10	11	15	1	14	17	13	
17	8	14	12	14	17	6	18	12	13	15	17	2	1	2	7	3	5	10	6	
2	14	10	7	10	15	11	16	1	17	7	17	1	17	18	5	11	2	7	11	
19	15	8	18	8	17	8	5	8	5	11	14	17	7	3	7	15	9	9	13	
10	13	8	10	12	13	17	15	8	18	15	1	18	2	18	16	12	2	20	1	
18	1	18	20	12	13	19	20	10	17	15	20	14	17	4	9	8	4	3	4	
13	10	13	12	8	2	6	11	4	13	18	4	4	8	13	4	3	19	13	4	
4	7	9	12	15	12	7	5	2	9	11	19	10	17	18	16	5	17	6	17	
18	16	3	14	19	13	11	12	1	19	7	7	10	7	10	12	10	8	5	15	
1	4	8	5	9	8	16	4	8	15	12	4	14	11	9	3	19	6	17	5	
4	5	13	16	13	7	17	19	12	10	9	5	1	6	19	6	3	15	7	15	
15	13	5	1	14	9	7	14	17	16	10	8	11	19	17	8	17	5	15	20	
8	18	8	10	5	5	4	14	10	11	7	5	16	6	18	5	1	5	11	12	
18	7	5	2	16	6	18	14	19	6	17	8	11	14	16	12	5	10	1	1	
On machine	6
8	17	3	17	16	4	8	13	18	1	3	15	4	16	19	16	20	19	12	19	
12	1	20	7	3	11	20	12	15	10	15	9	11	10	3	14	13	6	17	15	
1	18	13	3	2	20	8	4	9	13	5	6	15	4	4	8	7	6	5	8	
18	5	12	11	10	10	2	20	16	15	9	3	7	15	19	5	8	15	19	17	
10	7	19	18	5	11	20	17	2	12	8	10	5	13	11	7	5	6	2	8	
3	12	12	7	10	6	5	9	6	16	2	15	4	10	10	8	5	20	8	20	
18	5	11	7	5	20	8	14	1	9	12	11	7	19	15	14	15	7	6	8	
17	18	18	5	7	16	11	3	2	10	11	6	5	7	5	8	16	12	15	2	
1	14	20	12	10	8	7	12	4	9	13	20	14	2	15	15	3	16	6	13	
1	18	17	10	10	18	2	15	7	15	8	5	11	4	2	6	15	8	4	17	
3	1	12	16	17	20	9	8	13	8	19	7	7	17	4	2	20	3	8	17	
5	20	3	15	5	16	13	8	15	3	18	20	15	5	11	7	10	8	19	2	
1	12	19	3	17	1	5	10	4	16	18	18	20	2	20	12	15	9	18	17	
20	15	4	18	11	6	16	9	2	11	1	9	17	20	8	16	2	5	14	18	
19	6	5	6	13	3	19	9	3	4	5	1	20	19	8	15	17	8	13	4	
2	15	9	18	19	8	16	13	7	7	13	9	17	15	14	20	8	18	18	8	
14	4	16	1	1	4	15	3	13	13	9	15	17	20	5	3	20	2	8	7	
18	5	8	17	19	20	20	8	4	16	15	15	16	1	7	5	17	3	3	8	
8	6	3	16	11	1	9	12	5	8	1	2	13	9	16	17	6	6	18	6	
15	17	11	19	1	8	3	2	16	12	7	17	20	8	3	6	17	16	2	8	
On machine	7
7	7	19	7	14	5	6	2	6	8	9	19	12	5	14	1	14	18	3	8	
15	12	19	13	19	16	9	6	20	20	17	5	5	5	1	2	17	17	19	6	
10	11	14	11	2	7	6	10	17	17	17	8	12	16	11	4	15	14	5	12	
14	11	20	7	1	20	13	12	20	19	9	18	14	17	11	19	3	14	2	13	
7	4	1	20	6	10	10	9	18	20	12	8	7	4	4	1	14	7	9	19	
17	5	18	20	17	1	8	3	17	4	16	5	16	19	15	9	11	13	8	14	
12	8	5	6	12	10	4	11	13	6	17	5	13	10	3	6	1	13	11	2	
4	10	19	9	16	5	16	9	3	11	18	1	15	20	7	6	4	15	14	19	
6	9	17	7	3	6	18	14	10	19	12	11	14	2	9	5	8	14	6	9	
20	19	16	12	9	16	12	9	10	5	17	3	8	2	16	20	18	4	8	2	
11	7	9	8	16	18	17	17	10	6	1	18	2	10	5	6	13	6	15	2	
11	5	4	9	3	16	12	6	3	2	1	11	8	11	4	19	5	20	1	17	
6	20	6	15	1	15	1	16	20	8	16	16	14	5	3	6	8	2	4	10	
2	18	17	8	6	5	15	2	8	12	3	11	10	10	15	2	17	13	1	1	
14	15	10	10	1	7	11	17	13	3	19	11	8	1	1	16	16	8	19	5	
17	16	3	3	16	1	10	17	16	6	10	2	12	18	12	9	9	15	4	17	
15	20	16	13	20	6	2	13	6	6	8	5	2	1	11	18	20	13	13	4	
9	4	3	18	4	5	1	11	20	8	8	11	10	8	3	18	8	14	18	20	
16	11	10	10	4	7	18	8	12	8	7	15	2	3	19	14	6	18	5	19	
14	11	9	10	6	12	4	4	13	8	10	17	19	5	15	4	3	6	4	3	
On machine	8
14	1	11	9	8	3	2	19	2	6	15	16	11	11	7	3	7	10	15	7	
8	6	9	14	16	2	8	1	20	16	12	15	14	1	5	4	18	4	15	20	
5	18	18	17	17	2	6	7	3	2	14	9	1	8	14	17	13	5	6	16	
2	13	3	20	15	19	7	17	1	5	17	18	6	4	10	9	10	12	19	15	
2	1	12	13	19	20	10	12	2	20	16	8	15	7	11	9	2	20	20	12	
13	10	10	19	11	20	14	3	7	8	6	6	19	2	11	20	15	7	1	10	
14	14	19	7	9	10	4	12	18	9	18	14	14	7	17	4	6	10	10	20	
8	3	4	20	18	5	5	18	1	4	17	18	2	17	15	5	18	10	20	20	
9	16	18	6	2	9	20	19	12	15	12	13	16	11	18	15	4	6	19	5	
20	4	1	20	18	16	18	6	11	3	13	19	5	10	14	20	2	3	4	4	
15	15	18	19	16	16	19	20	6	15	9	3	10	15	17	8	16	1	13	6	
19	17	2	15	12	12	13	13	13	20	10	8	4	16	2	11	1	3	17	18	
13	12	4	16	3	15	12	12	14	9	9	4	16	12	1	7	19	3	4	10	
12	6	18	17	16	6	17	12	2	14	1	10	3	15	20	1	8	20	11	18	
9	17	1	17	10	6	17	20	10	18	3	11	15	2	5	19	16	17	7	5	
14	17	14	10	5	15	11	9	14	16	9	17	5	5	18	20	6	13	9	4	
6	6	2	14	13	3	16	6	16	5	7	12	15	6	7	9	4	3	7	8	
18	11	3	10	18	2	12	18	16	17	8	13	7	11	10	9	16	20	15	15	
3	18	15	18	2	15	14	17	11	5	1	18	3	1	7	9	7	20	18	5	
19	4	19	13	17	6	8	17	11	14	14	17	19	17	15	7	19	5	20	4	
On machine	9
16	3	2	20	14	7	18	16	11	1	8	6	2	5	1	1	10	15	3	6	
5	7	6	2	15	1	15	6	14	14	6	17	3	18	18	14	17	12	7	10	
17	9	2	9	11	18	2	13	13	5	9	19	8	15	9	19	15	19	8	17	
12	3	1	13	13	11	6	10	7	12	11	2	8	19	14	12	2	12	7	13	
8	4	13	11	15	15	3	4	4	10	2	11	14	7	11	12	15	3	5	2	
20	19	18	15	16	17	13	7	20	18	3	6	17	6	17	20	5	10	9	12	
18	20	3	19	10	13	4	10	13	18	4	14	2	1	19	19	11	18	2	15	
8	14	18	19	12	20	19	20	9	18	4	3	10	4	11	6	7	15	3	20	
10	18	19	13	7	10	7	16	5	11	13	8	14	15	1	2	6	18	6	9	
9	18	3	6	20	8	17	11	13	3	15	19	19	3	2	4	9	4	4	5	
10	10	6	12	12	5	3	8	6	11	11	18	1	9	9	4	7	9	15	3	
13	8	4	11	18	1	20	18	14	10	8	19	10	4	8	1	19	12	10	5	
20	3	20	19	7	11	16	14	16	13	15	11	2	18	17	17	9	8	9	14	
9	17	9	3	5	11	18	6	2	16	11	12	10	7	15	20	8	17	15	4	
10	16	15	2	7	6	3	9	16	7	5	4	11	12	11	12	8	10	20	2	
12	17	16	5	5	16	15	8	10	13	14	20	4	17	19	15	10	16	19	2	
17	4	19	5	5	10	9	9	20	13	11	6	6	18	9	2	5	5	10	10	
10	16	10	6	3	5	12	18	16	8	7	19	1	16	20	7	20	6	14	1	
11	13	1	9	5	13	17	17	20	13	20	11	4	9	20	17	20	1	4	16	
6	15	18	10	2	9	1	6	11	10	19	1	7	16	8	20	6	16	7	4	
On machine	10
5	15	2	5	9	11	13	6	12	5	12	9	10	20	19	6	10	14	15	5	
19	6	4	14	11	8	1	17	6	17	16	18	18	17	17	15	2	7	18	6	
6	11	18	20	15	4	12	8	4	10	11	20	17	2	9	3	19	7	3	13	
9	19	14	1	14	3	5	2	5	18	13	3	3	12	20	19	1	18	11	7	
20	10	6	19	11	1	2	1	11	15	4	2	2	9	17	3	7	9	7	13	
14	7	2	14	10	7	16	10	17	8	7	7	18	9	6	3	14	9	11	14	
20	6	19	7	5	9	15	20	18	9	19	12	20	14	14	2	15	10	12	10	
8	19	7	5	3	8	11	5	12	18	8	9	8	3	6	4	4	1	10	7	
9	7	15	16	9	19	5	12	9	5	10	7	16	20	18	12	13	17	10	3	
3	15	10	19	20	7	16	18	1	14	12	8	14	8	3	4	4	15	9	20	
15	15	1	13	14	19	5	2	5	6	15	18	14	3	7	20	13	4	17	10	
14	2	5	19	17	14	14	20	7	13	15	11	9	20	7	15	13	13	3	19	
2	6	15	7	4	16	9	17	15	6	17	14	14	3	19	19	5	7	20	12	
20	13	4	11	9	7	1	4	3	16	6	2	9	4	2	1	14	5	15	8	
17	8	19	12	15	14	20	11	17	14	7	20	4	2	17	8	11	12	18	11	
16	10	6	7	12	15	19	17	20	14	8	13	1	7	12	9	9	19	20	15	
2	7	12	3	2	19	19	11	8	18	13	5	10	1	20	13	5	15	15	6	
14	8	16	5	20	6	12	1	18	1	2	14	2	16	19	14	20	18	1	8	
3	16	7	11	2	9	5	9	12	1	5	7	9	19	17	7	13	8	16	2	
19	9	9	18	18	17	7	14	20	6	14	11	17	6	17	16	2	5	14	5	
Reldue
-1	1638	-1	-1
-1	1112	-1	-1
-1	1175	-1	-1
-1	1370	-1	-1
-1	326	-1	-1
-1	400	-1	-1
-1	940	-1	-1
-1	1255	-1	-1
-1	712	-1	-1
-1	327	-1	-1
-1	648	-1	-1
-1	1474	-1	-1
-1	1537	-1	-1
-1	874	-1	-1
-1	331	-1	-1
-1	352	-1	-1
-1	1254	-1	-1
-1	819	-1	-1
-1	818	-1	-1
-1	1056	-1	-1
