Families	20
Machines	10
MaxSetupTime	100

Number of Jobs in each Family
3	2	4	8	1	5	3	5	1	4	8	10	7	5	3	3	1	9	5	8	

Jobs in each Family
0	1	2	
3	4	
5	6	7	8	
9	10	11	12	13	14	15	16	
17	
18	19	20	21	22	
23	24	25	
26	27	28	29	30	
31	
32	33	34	35	
36	37	38	39	40	41	42	43	
44	45	46	47	48	49	50	51	52	53	
54	55	56	57	58	59	60	
61	62	63	64	65	
66	67	68	
69	70	71	
72	
73	74	75	76	77	78	79	80	81	
82	83	84	85	86	
87	88	89	90	91	92	93	94	

Total number of jobs
95

Processing times of jobs
2	1	9	4	3	5	2	6	9	4	
8	10	7	3	6	2	1	8	1	9	
6	2	2	4	3	8	3	2	6	2	
5	5	4	3	9	5	8	4	7	9	
7	5	5	7	2	8	9	6	10	5	
8	10	7	10	9	5	3	10	6	1	
6	8	1	5	2	10	5	3	9	5	
1	10	3	6	5	8	10	7	6	3	
7	8	3	5	4	6	2	7	7	4	
4	2	3	6	6	8	10	5	2	4	
5	4	4	3	1	1	1	1	9	8	
8	6	9	5	8	5	3	10	7	2	
8	10	7	8	2	7	8	4	1	8	
1	9	8	10	8	3	2	8	5	5	
8	9	7	1	8	5	5	10	6	6	
3	10	4	3	1	2	9	7	1	6	
6	5	5	7	7	7	1	9	3	9	
2	7	8	1	4	4	9	4	8	3	
1	2	3	9	2	2	1	7	1	3	
2	8	7	8	9	3	8	2	2	5	
5	2	5	5	10	8	1	5	4	2	
4	3	9	2	10	10	9	6	6	8	
1	2	2	7	4	5	3	2	3	3	
2	7	3	7	10	10	8	4	7	10	
1	4	1	5	8	2	5	4	8	5	
4	8	9	4	7	10	9	9	10	9	
6	5	4	6	8	6	5	4	2	5	
1	6	2	3	4	5	2	7	2	5	
7	10	9	7	8	3	6	10	6	5	
9	8	2	7	2	6	3	9	9	9	
2	3	8	3	3	1	1	3	5	8	
3	9	4	5	7	7	1	1	3	5	
9	3	6	3	3	5	10	5	9	8	
7	10	9	6	9	9	5	2	8	6	
1	5	1	3	1	8	10	3	1	9	
1	10	4	8	8	4	2	10	5	5	
4	5	4	3	10	9	7	4	2	2	
5	3	4	8	10	3	3	1	10	4	
2	4	9	5	5	10	10	10	9	7	
9	9	7	5	6	5	5	7	7	6	
6	9	1	1	10	6	5	10	3	2	
8	4	2	10	9	5	10	6	7	8	
2	8	1	3	9	3	9	1	10	8	
9	6	3	2	8	6	3	2	1	7	
6	9	6	7	2	2	6	5	10	3	
4	3	2	6	6	1	10	3	4	8	
7	6	4	4	9	7	9	4	9	7	
5	7	1	3	5	1	1	5	8	1	
2	9	6	6	9	8	1	2	3	6	
3	4	5	3	9	6	2	4	10	5	
4	3	5	8	3	2	5	3	9	10	
4	3	6	3	3	1	9	7	1	7	
5	2	4	5	4	9	6	4	2	2	
5	4	9	4	8	8	1	10	6	4	
6	5	4	2	6	1	9	8	10	9	
2	10	4	9	2	9	5	1	6	5	
4	2	1	6	8	10	2	2	4	7	
3	1	6	5	7	9	3	8	9	8	
6	7	10	1	4	9	1	4	6	5	
7	10	4	5	4	6	1	9	5	2	
2	3	2	3	1	8	1	5	1	8	
4	10	1	7	5	2	4	10	7	6	
8	10	4	2	1	4	4	9	9	7	
1	3	6	2	1	5	3	10	3	5	
8	6	7	4	2	6	3	6	1	7	
4	7	5	9	4	5	2	4	7	1	
3	6	7	4	10	10	5	4	2	3	
5	1	2	8	9	10	10	8	10	6	
9	8	1	6	9	6	6	8	2	1	
6	10	2	3	7	3	3	1	8	4	
6	6	9	7	6	9	8	10	9	5	
2	4	9	1	8	9	6	5	10	1	
5	2	10	5	10	9	3	5	10	10	
8	10	1	3	1	2	2	10	2	8	
3	2	8	10	8	3	7	9	8	9	
10	8	6	3	5	2	9	9	3	8	
4	3	10	4	10	10	1	1	3	1	
10	5	7	3	8	2	2	10	8	1	
5	4	7	9	3	9	1	5	3	7	
7	1	2	7	1	4	8	4	10	4	
1	1	9	2	3	2	4	8	4	5	
3	4	3	3	9	1	3	9	3	6	
3	6	3	5	4	1	8	7	2	8	
5	6	2	10	7	1	1	10	2	4	
7	9	1	7	10	8	2	2	2	5	
8	7	3	9	8	9	9	2	3	3	
8	2	4	5	6	9	1	6	9	5	
5	9	9	5	3	10	8	10	3	8	
8	10	4	1	8	8	1	5	5	9	
4	8	10	5	6	1	7	1	2	1	
2	3	6	2	5	9	10	2	5	3	
10	4	5	4	3	5	8	8	7	10	
6	1	6	5	3	5	9	4	3	6	
9	4	2	9	1	5	8	9	5	6	
6	2	1	7	8	5	8	5	10	9	

Stepup times between family, where [f][f] represents initial setup time
On machine	1
43	67	43	46	4	32	23	22	5	5	97	43	56	68	55	50	32	6	27	77	
12	1	2	74	86	53	78	84	66	79	58	76	70	34	45	89	18	37	96	9	
47	4	93	84	59	9	68	84	52	74	42	99	69	66	67	94	25	15	52	74	
20	56	7	31	11	86	81	24	83	34	60	98	61	3	7	31	33	52	84	87	
27	25	54	100	4	19	43	73	44	61	99	43	26	76	64	15	64	93	29	1	
60	52	39	5	51	6	99	73	97	36	78	60	1	84	14	35	11	92	33	25	
36	100	48	34	85	44	96	32	40	18	23	97	84	86	32	51	89	39	59	21	
93	52	34	33	61	54	57	47	11	68	22	29	31	77	36	52	27	91	57	64	
87	91	53	75	41	12	25	25	42	83	40	94	64	73	36	2	9	90	62	10	
83	58	81	60	78	61	22	24	97	28	36	93	26	84	76	9	94	36	27	84	
77	7	100	50	40	31	35	31	45	52	34	62	21	60	89	74	80	25	70	18	
25	29	83	100	22	53	84	44	92	69	93	50	56	62	46	81	16	40	71	63	
7	75	77	29	90	9	69	11	24	88	87	81	30	80	83	37	36	63	99	24	
73	32	26	48	64	97	37	67	48	85	15	29	61	29	23	93	95	53	100	99	
58	27	96	4	44	19	89	10	8	85	97	90	77	31	45	65	77	78	39	48	
94	67	95	20	34	10	35	87	67	16	22	27	4	62	62	56	24	42	20	33	
88	82	28	21	72	19	97	60	47	100	51	76	37	49	37	81	50	19	42	15	
10	80	90	52	42	27	53	37	94	51	48	82	21	44	1	74	50	94	68	55	
77	8	7	3	96	48	53	76	27	28	23	15	97	18	63	5	30	66	92	55	
28	57	19	100	58	18	9	62	42	52	37	75	95	46	79	47	57	51	27	58	
On machine	2
4	43	59	64	22	69	24	64	17	61	56	99	33	10	98	13	2	93	54	43	
47	72	14	38	8	46	33	62	15	70	70	46	6	95	14	15	62	66	18	97	
85	74	92	71	82	50	76	46	11	100	17	30	63	75	37	54	63	10	86	15	
81	81	86	62	58	33	95	15	3	71	10	29	35	30	12	61	45	1	57	64	
98	86	65	46	81	1	12	63	94	15	20	49	77	17	60	23	90	91	25	88	
2	1	22	53	97	61	30	31	45	26	94	95	29	12	71	98	65	14	46	54	
27	74	53	75	85	64	28	86	62	10	78	80	76	52	67	23	48	79	79	16	
7	43	97	6	43	61	33	30	24	99	1	81	77	18	20	31	82	45	7	4	
88	56	16	48	57	47	36	69	93	66	15	97	97	65	65	76	45	5	16	50	
92	57	58	1	32	21	20	8	10	45	43	44	95	41	41	87	87	43	95	54	
51	36	93	23	87	91	24	96	100	81	51	41	71	77	90	24	41	71	92	56	
69	77	39	17	22	53	51	87	22	8	39	98	21	28	8	12	7	51	82	7	
3	29	36	100	17	79	31	60	4	84	92	76	21	68	55	96	28	99	54	15	
1	68	50	39	88	100	4	51	25	5	76	65	42	90	80	31	40	55	75	7	
17	32	64	73	67	57	74	28	24	71	57	49	73	26	25	91	35	90	82	100	
71	79	60	79	98	77	87	67	99	14	93	89	2	97	25	33	50	73	91	74	
38	19	75	51	72	50	4	83	40	90	63	94	9	15	99	41	55	76	17	93	
65	19	2	79	81	61	63	69	26	63	21	72	76	81	74	36	1	35	87	71	
41	7	3	98	29	25	42	32	30	97	37	65	70	23	74	22	96	100	2	25	
49	10	58	12	31	22	99	55	82	16	22	32	96	66	46	70	10	74	47	61	
On machine	3
31	26	75	56	76	10	28	54	97	40	32	34	30	33	42	18	57	65	94	59	
70	14	43	69	50	66	10	47	28	3	83	78	43	68	12	5	3	50	89	14	
55	22	99	97	59	19	45	19	25	29	11	94	31	21	29	33	93	79	77	31	
71	28	99	20	60	4	88	62	57	71	43	45	11	92	43	60	88	70	15	45	
57	53	79	32	20	35	30	8	100	85	14	94	32	64	51	61	81	55	31	35	
10	15	62	15	2	78	42	83	9	44	22	55	81	55	5	100	50	64	41	98	
66	87	60	11	60	4	67	78	77	48	79	94	25	92	82	55	31	86	35	93	
6	1	10	82	90	30	69	11	27	72	46	96	53	44	37	54	4	72	69	64	
14	49	73	27	86	58	55	80	77	24	74	41	51	67	54	52	25	7	16	69	
48	65	43	18	47	31	6	13	98	7	12	76	14	15	82	96	92	11	67	34	
67	17	75	100	67	11	64	40	70	90	59	93	46	18	12	23	42	33	18	4	
16	69	92	72	87	89	42	23	66	6	98	69	16	30	67	91	66	57	99	43	
46	72	11	13	20	30	9	85	79	96	84	70	6	39	75	84	21	13	54	5	
85	35	88	86	31	54	77	39	70	72	61	42	97	86	66	17	79	44	8	25	
57	68	25	13	14	1	14	58	99	99	71	41	60	77	28	96	69	3	57	40	
89	37	24	46	42	32	61	75	67	100	39	19	98	10	87	96	44	97	99	59	
48	13	85	14	76	73	33	14	12	66	24	43	76	81	4	100	14	59	3	97	
1	94	14	37	100	87	81	88	90	73	100	27	13	82	40	99	42	38	13	35	
74	84	36	25	90	65	69	46	42	43	86	87	20	7	98	68	37	41	75	63	
21	12	64	53	60	97	58	8	3	53	69	49	98	75	25	69	69	5	39	70	
On machine	4
37	63	92	64	51	61	66	31	2	74	75	29	95	92	99	70	14	33	48	64	
96	24	3	15	85	56	89	52	3	89	44	33	13	49	84	79	89	97	76	63	
33	47	3	15	12	26	97	50	3	32	62	61	37	56	49	62	89	53	79	55	
54	52	92	1	59	20	3	77	42	60	50	83	97	74	9	17	15	3	36	28	
55	8	81	84	80	72	30	41	68	26	92	55	24	97	16	82	68	89	53	63	
77	35	57	83	96	53	33	12	71	53	50	46	76	43	11	29	4	92	92	88	
11	97	66	14	61	12	27	65	99	51	7	53	70	12	67	88	5	98	49	68	
45	63	55	30	29	19	62	51	91	77	97	33	80	74	67	86	98	27	10	15	
79	49	60	35	82	41	25	69	69	3	18	30	83	81	25	76	58	18	70	59	
33	50	21	67	78	67	97	34	23	89	30	49	92	44	95	91	76	82	75	55	
56	39	81	74	4	35	87	12	17	63	62	91	6	28	47	30	62	81	18	22	
72	37	69	51	8	6	64	56	13	51	33	57	12	54	99	42	72	14	31	95	
43	70	99	21	44	23	21	15	34	13	16	24	2	68	20	54	69	96	44	80	
43	3	41	10	41	58	88	55	55	61	72	95	51	65	44	68	38	41	31	80	
71	65	16	9	73	67	74	30	48	57	69	27	56	88	82	58	48	39	6	90	
31	16	94	61	38	24	66	57	88	78	61	63	74	10	31	19	49	94	33	72	
16	86	66	43	65	14	42	31	61	28	91	66	86	6	46	63	28	22	46	46	
61	83	14	74	97	98	83	7	45	50	59	88	41	61	32	95	91	3	38	94	
71	77	22	2	100	36	92	48	74	47	60	67	58	48	57	8	54	15	39	13	
28	5	97	90	31	24	22	41	94	38	88	70	41	20	32	12	16	36	62	46	
On machine	5
42	72	69	59	24	66	25	81	54	91	85	30	8	45	54	29	2	15	81	40	
35	73	61	63	1	54	32	29	90	63	39	40	12	28	35	100	95	38	37	63	
94	20	71	67	68	61	57	30	54	87	4	1	23	93	22	38	36	26	27	86	
56	41	17	97	23	72	92	24	69	74	18	43	18	92	5	55	84	44	6	19	
48	83	51	75	42	43	88	62	94	75	4	13	49	99	56	14	81	75	53	85	
44	42	6	56	30	47	34	58	51	83	75	26	12	33	43	93	34	26	25	45	
51	47	52	89	67	8	87	22	92	68	53	14	71	54	20	63	11	14	3	74	
97	85	95	92	18	20	75	47	36	99	36	86	59	10	34	64	29	32	13	60	
54	36	92	64	11	100	35	100	70	9	17	92	37	19	5	53	44	22	54	94	
37	63	26	57	72	99	22	29	54	98	56	14	98	13	9	44	68	56	87	50	
51	90	57	2	86	74	42	17	54	23	22	1	9	23	22	67	83	79	19	87	
19	36	74	9	81	40	10	49	17	28	69	60	65	68	34	59	25	22	41	49	
48	25	9	29	55	73	63	85	3	59	57	53	32	27	20	14	92	76	29	97	
5	69	62	22	33	39	75	46	69	51	38	74	3	90	40	28	77	22	66	64	
13	87	70	84	64	89	19	33	69	56	26	93	22	71	74	3	70	61	9	62	
51	64	38	19	72	78	100	71	45	59	4	40	75	29	7	64	92	69	83	69	
39	33	47	23	62	66	17	45	43	59	89	20	78	83	77	67	28	36	74	2	
36	22	88	99	45	76	57	95	67	5	75	51	34	26	27	77	7	16	95	9	
11	97	53	91	26	29	3	81	30	38	3	6	35	78	12	44	67	39	7	62	
87	4	67	43	94	55	58	40	83	18	27	99	62	37	45	42	19	93	82	9	
On machine	6
87	62	71	23	93	51	44	15	28	2	16	91	98	15	27	64	54	7	30	1	
7	5	44	51	55	87	90	38	8	76	29	69	42	67	49	44	27	17	17	21	
41	40	40	85	70	73	28	48	47	49	92	33	72	69	96	93	2	97	85	73	
30	34	34	91	13	96	22	96	94	56	7	77	73	91	91	27	69	92	35	65	
74	39	63	74	39	35	14	62	57	50	32	54	60	72	69	37	44	53	96	57	
8	23	28	44	74	70	84	41	82	14	6	31	85	83	79	37	71	26	42	86	
75	40	88	99	57	35	60	77	85	9	96	34	49	74	97	100	3	38	48	40	
69	66	76	35	60	25	71	48	98	87	62	96	14	85	79	100	67	35	36	26	
82	25	71	89	1	79	83	56	92	14	10	15	42	3	81	31	79	46	76	21	
3	36	15	37	87	23	6	87	60	68	46	52	90	77	14	98	82	25	27	72	
94	69	5	47	58	95	41	27	51	7	13	68	52	45	10	28	57	96	55	44	
2	21	93	30	53	97	70	18	64	7	57	52	32	9	25	90	9	35	92	67	
7	94	63	44	42	72	63	35	53	30	81	46	42	67	57	79	71	96	10	75	
3	4	91	72	61	35	99	6	28	5	89	71	81	85	70	51	95	80	63	93	
74	49	100	71	75	70	67	69	63	72	10	6	19	50	92	59	76	28	84	88	
43	12	55	80	46	6	1	85	90	27	18	28	8	47	65	25	88	75	12	33	
42	79	16	7	29	91	28	69	83	86	5	64	51	28	20	52	24	47	60	66	
40	18	96	30	46	30	84	98	59	69	35	52	33	21	30	82	93	96	33	41	
86	81	61	52	90	42	53	8	35	89	81	2	80	5	27	25	2	10	93	75	
89	12	37	66	45	20	7	50	95	54	41	36	20	91	22	14	75	87	88	69	
On machine	7
17	20	51	68	81	45	79	8	99	8	89	64	78	43	59	38	71	60	49	74	
32	90	33	98	64	28	83	35	42	40	19	1	67	8	2	39	91	69	12	95	
2	8	43	15	3	10	40	11	7	31	30	32	81	19	40	62	43	46	74	1	
88	95	15	27	27	35	18	73	87	52	35	92	6	52	76	71	10	62	53	9	
82	27	11	44	19	3	26	39	61	22	61	61	90	9	73	41	27	69	6	3	
63	22	77	56	11	54	26	84	82	58	52	67	31	41	86	46	46	15	9	90	
32	92	12	91	70	60	56	86	37	2	81	52	76	63	40	63	82	57	94	25	
51	86	66	60	42	51	90	51	68	14	56	70	1	74	25	23	100	81	67	63	
85	89	75	66	81	87	54	71	31	11	19	7	21	36	49	40	5	67	81	98	
82	100	58	81	70	43	32	95	78	95	65	28	76	54	45	11	79	49	2	88	
81	38	15	41	100	54	54	89	5	71	18	50	65	60	43	26	7	26	42	42	
91	52	79	77	50	14	99	79	98	6	12	66	91	65	44	47	48	95	70	26	
6	68	9	24	78	44	27	14	21	72	39	29	38	50	100	85	41	95	61	52	
7	28	30	49	57	54	31	61	65	91	18	42	100	80	37	86	77	62	55	37	
20	87	52	96	35	55	25	50	18	48	50	81	16	46	36	99	24	79	71	93	
89	7	82	98	37	88	96	54	86	20	46	68	12	78	100	37	45	30	36	70	
18	10	15	31	94	87	49	6	12	63	11	36	15	87	8	62	88	95	81	54	
55	12	77	100	60	38	73	48	62	20	40	77	77	74	35	38	82	70	15	69	
91	8	94	6	68	78	26	79	33	9	48	22	41	69	39	63	79	78	71	41	
40	17	94	53	84	88	46	56	90	56	37	42	48	87	19	65	82	34	98	5	
On machine	8
98	44	43	100	90	68	84	91	40	46	26	16	100	34	70	55	9	95	40	92	
29	90	41	12	18	39	14	91	52	98	43	14	12	53	5	38	14	73	4	31	
75	20	23	89	95	55	44	32	52	25	81	100	72	54	66	55	93	16	40	97	
72	39	51	25	47	46	61	99	80	52	75	90	23	88	1	41	12	38	57	5	
35	56	55	62	29	79	35	80	56	42	57	7	39	67	94	81	56	22	69	49	
10	43	45	12	89	1	6	69	20	98	5	6	51	38	50	55	87	31	46	51	
87	35	70	83	53	93	13	4	5	35	49	12	34	11	42	6	82	98	79	87	
56	44	44	40	83	14	36	7	18	43	100	6	98	77	6	86	16	22	94	78	
53	11	50	81	73	41	29	55	28	1	49	64	63	55	49	66	81	37	41	44	
57	37	20	38	12	22	40	63	47	8	84	8	23	80	7	17	57	73	59	14	
23	29	29	73	39	19	65	54	43	25	65	44	58	12	49	19	15	53	8	36	
22	31	79	94	59	85	9	84	65	88	33	22	21	54	48	20	8	58	21	1	
56	25	61	65	33	72	19	88	7	45	17	62	3	55	33	58	84	25	87	88	
99	43	30	5	92	78	54	93	100	8	56	40	22	86	38	94	52	69	72	39	
89	93	22	95	60	17	21	54	77	36	44	41	7	21	68	42	44	85	92	21	
76	100	37	71	17	8	53	90	94	28	21	85	83	94	4	10	36	16	30	44	
29	82	78	72	72	1	6	96	26	57	82	43	47	85	28	51	12	79	45	9	
90	3	32	85	42	21	34	85	1	20	56	7	20	38	57	48	42	26	28	96	
73	67	82	4	91	41	21	44	38	97	52	9	94	35	50	36	17	11	18	12	
85	8	31	40	37	51	79	41	70	19	94	25	98	74	100	8	50	98	57	36	
On machine	9
91	88	68	87	77	95	17	25	66	41	62	53	26	92	3	56	34	16	85	3	
98	37	49	4	69	80	38	70	66	19	56	76	19	10	92	46	72	3	70	82	
85	53	56	66	71	18	30	36	1	60	13	52	74	64	8	77	89	31	80	91	
58	87	44	30	33	54	84	59	31	28	37	4	20	71	92	79	72	48	48	40	
84	2	99	32	24	48	49	38	26	41	53	19	51	99	4	68	31	42	59	47	
92	52	27	74	24	47	18	67	38	65	66	36	73	70	93	39	15	15	73	27	
16	20	53	2	46	3	7	16	86	12	23	49	47	18	46	64	80	83	44	15	
100	57	39	44	21	42	11	59	84	83	61	49	61	77	66	65	11	64	85	98	
41	76	48	71	69	77	12	11	42	78	53	65	28	19	25	31	32	32	20	27	
24	36	96	88	90	54	68	52	4	14	27	80	80	34	97	58	89	97	15	4	
78	74	90	78	2	59	9	40	82	13	98	63	62	56	66	51	15	83	3	95	
56	90	28	72	48	68	92	47	41	70	41	15	74	94	80	4	67	85	48	68	
26	27	20	84	89	33	92	15	57	45	38	56	82	84	72	71	89	53	92	79	
60	46	74	97	69	85	99	13	73	85	51	13	52	23	1	54	89	87	2	73	
57	75	20	72	17	96	25	72	94	99	75	47	69	100	14	34	54	77	34	32	
82	46	34	32	73	29	93	29	2	94	82	57	99	21	84	70	48	86	39	93	
60	40	33	62	35	1	10	53	69	55	67	35	63	68	55	23	69	29	100	36	
16	6	99	44	4	26	81	79	93	74	91	41	25	77	57	27	20	66	2	3	
81	14	41	63	14	80	73	81	53	45	98	39	73	70	80	8	55	10	1	61	
43	35	54	42	27	73	46	11	76	50	78	13	49	87	7	69	76	56	44	62	
On machine	10
25	54	91	92	33	29	44	81	59	20	79	83	72	48	16	80	69	9	48	88	
81	9	67	39	70	34	22	27	32	92	53	21	36	40	39	64	7	21	63	80	
34	14	100	78	12	37	56	43	91	17	86	57	42	16	66	21	17	20	22	83	
25	61	63	84	14	7	51	96	34	32	45	97	38	13	2	42	65	46	18	43	
62	80	29	72	26	33	62	99	9	18	88	23	40	9	92	3	64	31	23	53	
57	75	84	84	62	47	9	25	8	5	90	5	23	47	37	51	71	27	25	35	
20	65	17	71	25	66	72	24	54	19	48	44	91	41	26	2	95	13	36	80	
30	42	86	93	43	76	39	12	51	72	7	89	86	19	47	5	60	96	16	62	
86	37	40	8	76	23	98	12	53	71	80	59	62	33	86	94	40	82	50	42	
99	85	37	49	63	40	29	59	58	61	34	95	85	9	18	99	39	70	87	8	
53	50	28	10	35	36	84	38	35	30	47	45	95	35	33	27	94	39	26	14	
79	94	24	65	23	91	69	53	32	72	82	96	52	80	33	16	59	55	71	55	
69	11	2	56	58	33	67	23	15	63	83	85	60	83	22	1	76	75	13	74	
99	56	58	84	38	31	9	6	4	32	36	73	9	48	93	23	88	74	27	37	
39	71	17	61	39	94	82	54	98	25	83	23	65	26	10	26	47	45	76	97	
56	11	25	96	96	38	13	54	8	12	95	86	3	67	91	31	8	54	65	68	
96	71	2	43	28	82	36	71	49	48	48	100	81	88	48	42	35	36	34	43	
57	22	11	13	96	56	77	49	8	99	17	98	87	72	100	26	50	80	90	20	
88	6	93	13	76	86	70	43	51	83	1	85	43	86	9	17	63	44	18	9	
53	29	71	58	6	95	53	16	65	81	91	1	1	38	42	76	64	60	94	6	
Reldue
-1	963	-1	-1
-1	1037	-1	-1
-1	1713	-1	-1
-1	1031	-1	-1
-1	716	-1	-1
-1	1873	-1	-1
-1	1015	-1	-1
-1	1098	-1	-1
-1	1606	-1	-1
-1	668	-1	-1
-1	1746	-1	-1
-1	746	-1	-1
-1	1863	-1	-1
-1	1691	-1	-1
-1	905	-1	-1
-1	1164	-1	-1
-1	911	-1	-1
-1	701	-1	-1
-1	1011	-1	-1
-1	1537	-1	-1
