Families	20
Machines	20
MaxSetupTime	100

Number of Jobs in each Family
9	5	6	2	8	7	10	9	10	4	5	4	4	3	7	4	6	9	2	9	

Jobs in each Family
0	1	2	3	4	5	6	7	8	
9	10	11	12	13	
14	15	16	17	18	19	
20	21	
22	23	24	25	26	27	28	29	
30	31	32	33	34	35	36	
37	38	39	40	41	42	43	44	45	46	
47	48	49	50	51	52	53	54	55	
56	57	58	59	60	61	62	63	64	65	
66	67	68	69	
70	71	72	73	74	
75	76	77	78	
79	80	81	82	
83	84	85	
86	87	88	89	90	91	92	
93	94	95	96	
97	98	99	100	101	102	
103	104	105	106	107	108	109	110	111	
112	113	
114	115	116	117	118	119	120	121	122	

Total number of jobs
123

Processing times of jobs
4	5	6	4	2	5	8	6	2	5	9	4	3	7	10	10	4	6	8	10	
10	8	10	2	8	2	7	8	4	6	1	2	1	6	3	5	4	2	1	5	
3	5	5	2	2	1	7	10	6	7	3	5	4	3	5	7	3	6	2	8	
6	1	9	6	9	6	4	1	6	5	2	8	2	2	4	3	6	1	5	9	
8	8	8	8	9	3	9	9	4	4	9	5	9	5	7	9	10	8	7	7	
9	5	5	1	5	2	4	5	8	2	9	8	7	1	2	5	5	10	7	10	
4	7	2	2	2	5	7	2	6	8	5	7	4	2	10	1	3	6	3	9	
9	6	9	4	6	5	4	5	3	1	4	7	1	9	9	1	7	6	2	5	
4	2	5	6	9	3	1	9	1	8	8	7	5	9	6	1	6	7	1	6	
7	7	3	7	10	1	7	10	8	8	3	1	2	1	1	7	2	7	4	4	
9	10	1	10	4	5	6	1	4	2	2	5	3	9	8	2	4	9	9	1	
9	4	10	3	4	5	1	10	2	3	1	4	5	1	2	4	3	1	3	3	
7	10	2	2	7	10	9	2	4	8	6	1	3	5	1	6	3	3	8	7	
6	8	7	7	4	9	2	2	9	5	9	7	6	4	5	2	4	8	4	3	
8	4	8	5	9	3	6	3	9	6	2	8	3	5	6	7	2	8	8	6	
2	4	4	9	2	6	7	10	6	3	2	4	2	6	4	2	4	4	6	4	
1	9	10	2	5	7	4	3	1	5	9	7	10	9	10	7	6	7	3	7	
1	3	10	5	5	4	4	1	7	8	4	2	10	5	5	10	7	7	9	8	
2	7	6	8	10	4	3	1	8	2	4	2	3	9	6	5	2	10	4	1	
8	7	1	2	7	7	3	3	5	4	10	10	9	5	6	9	2	2	5	9	
5	3	10	4	5	3	2	9	7	10	7	1	4	5	7	4	7	9	1	8	
6	9	9	9	2	7	9	9	1	4	7	10	2	2	2	6	6	7	10	9	
6	8	4	7	6	8	4	7	2	6	3	1	8	5	9	5	4	4	5	10	
3	6	1	10	3	9	7	10	4	9	9	4	2	5	4	1	2	10	6	9	
8	4	4	1	9	1	10	7	4	8	4	5	3	7	4	1	4	1	3	6	
4	9	9	4	9	3	7	9	10	9	9	2	10	7	8	9	7	8	4	8	
8	1	9	5	1	5	4	7	10	1	1	1	5	6	6	8	10	10	5	4	
8	10	9	10	5	3	6	2	6	6	6	5	7	5	8	3	9	10	4	3	
3	3	2	2	3	6	7	10	1	3	7	4	3	7	6	9	7	1	7	3	
1	8	8	5	5	4	7	8	4	6	1	7	6	2	3	10	4	4	6	9	
2	6	4	8	1	3	7	8	3	10	3	9	8	4	3	5	9	4	2	4	
3	1	1	5	5	5	2	9	8	8	1	5	2	3	3	8	3	9	5	4	
4	10	5	1	7	10	1	2	2	4	8	3	2	2	3	2	2	5	3	1	
8	8	7	5	3	8	5	6	5	5	2	5	5	9	4	6	9	1	2	8	
9	7	5	6	10	6	7	1	10	3	1	7	9	1	2	10	7	8	9	10	
2	10	5	2	4	5	8	1	3	7	2	7	4	5	6	9	4	6	5	1	
8	9	2	3	6	3	7	6	8	7	2	1	4	4	6	4	6	4	5	8	
4	2	7	8	10	2	1	3	3	4	1	2	5	6	4	10	6	1	6	10	
9	7	2	5	10	7	6	10	3	8	8	3	1	7	2	5	5	8	7	8	
7	2	5	8	2	9	10	6	3	4	1	3	3	10	1	6	6	6	1	6	
7	2	7	9	5	6	6	6	4	1	8	7	10	8	6	2	6	1	3	3	
6	5	8	8	8	3	1	1	2	5	8	9	3	6	5	3	8	1	3	9	
10	6	9	7	8	3	2	7	6	7	7	10	8	1	3	5	6	4	9	1	
6	7	5	9	2	7	2	6	10	3	10	4	1	7	1	2	3	6	6	7	
5	9	2	8	4	2	7	1	6	5	4	3	6	7	5	1	7	8	4	4	
5	3	9	4	10	1	6	6	9	4	9	1	1	6	4	9	9	3	1	9	
5	10	3	1	5	3	1	5	4	8	7	2	9	3	6	4	2	1	9	1	
2	9	10	6	7	10	1	1	1	9	4	9	10	10	1	10	5	6	9	5	
8	3	6	5	1	4	10	7	5	8	6	1	2	5	10	10	2	5	3	9	
2	7	7	8	2	3	6	5	6	5	6	4	5	6	9	10	7	9	1	1	
4	7	3	3	6	1	4	7	2	4	3	9	3	7	1	10	4	5	7	4	
6	8	10	9	2	7	6	9	5	4	2	8	2	6	9	4	10	2	2	3	
6	5	6	1	2	7	5	2	10	8	4	10	6	6	5	9	4	10	3	3	
1	1	6	3	2	9	10	7	8	1	7	5	4	10	7	7	9	9	6	2	
6	2	3	8	10	5	5	1	7	2	1	6	6	2	10	7	9	6	2	9	
4	4	4	3	8	10	2	10	8	9	7	7	1	7	8	1	7	9	9	7	
10	5	4	7	5	3	5	8	8	10	3	1	1	4	1	3	2	9	2	9	
9	7	4	4	10	8	2	4	9	6	5	9	8	9	6	6	7	7	4	6	
5	8	3	7	7	2	7	9	10	3	4	9	5	6	2	2	8	1	4	10	
5	2	1	7	3	1	3	6	7	9	8	8	4	3	1	5	2	10	3	2	
7	6	10	6	10	8	3	7	2	6	9	9	1	8	2	4	8	4	7	6	
2	4	4	9	8	5	9	5	10	5	9	10	5	7	5	10	3	4	3	9	
4	1	5	1	5	2	3	2	6	10	3	8	5	3	10	2	10	5	8	7	
2	10	1	6	3	7	7	7	4	10	9	6	6	7	10	5	7	9	1	10	
10	6	9	6	4	3	9	4	1	5	9	10	8	7	6	2	3	4	4	9	
8	1	7	6	8	1	10	7	9	1	7	6	5	4	10	4	1	7	6	10	
9	7	9	4	1	1	4	8	2	3	9	3	5	7	1	5	4	4	9	2	
2	10	1	7	6	6	6	1	3	6	2	5	6	6	5	10	2	8	2	8	
6	8	1	8	5	7	2	2	9	5	8	7	7	8	6	9	1	2	1	8	
4	5	4	8	4	4	7	8	10	8	1	8	1	10	9	9	2	5	2	1	
5	6	10	8	8	2	3	4	4	9	9	4	10	3	3	3	7	10	6	2	
5	4	8	8	4	7	5	2	10	5	1	5	4	7	8	8	1	3	6	5	
1	7	8	3	6	3	4	5	7	9	5	1	5	9	7	9	3	1	7	1	
8	1	9	6	6	5	6	4	5	9	4	1	1	7	2	1	8	5	5	1	
4	3	9	1	7	3	8	7	7	7	4	5	1	10	10	5	1	2	6	6	
5	2	5	5	8	10	2	5	2	10	5	9	3	4	3	5	6	3	4	7	
5	2	5	4	4	7	3	3	1	10	10	2	5	9	3	4	1	10	9	5	
5	4	7	9	8	4	6	1	3	8	5	3	1	9	7	9	7	1	3	2	
2	6	6	5	10	8	9	6	7	9	3	2	2	6	4	1	6	6	7	6	
8	8	2	9	6	8	3	5	8	3	3	3	3	10	3	5	5	6	3	3	
10	3	1	4	4	8	5	7	9	4	8	10	8	2	5	3	6	6	8	6	
10	5	9	5	10	8	4	9	3	2	10	7	8	3	6	5	10	2	5	3	
7	5	5	8	6	9	3	4	8	1	2	7	9	2	6	1	5	3	4	7	
10	3	3	10	8	7	8	4	6	10	9	5	4	3	8	4	10	6	8	1	
8	9	9	4	10	8	4	7	3	5	8	7	5	1	9	2	2	5	10	3	
2	4	7	4	1	5	4	9	9	4	10	3	4	10	9	6	6	7	2	7	
1	1	8	4	4	2	2	8	1	1	5	10	6	2	4	3	1	4	9	9	
9	8	9	4	1	8	2	5	1	2	10	6	10	7	3	3	6	2	2	8	
5	4	2	4	2	7	6	2	7	7	7	7	2	6	5	2	8	4	6	8	
9	9	5	2	8	8	3	5	9	6	4	8	8	3	4	5	7	1	1	8	
2	1	3	10	9	9	7	5	3	8	7	4	4	4	2	7	8	1	8	8	
9	8	9	6	6	10	2	8	1	5	6	7	5	6	9	9	9	5	2	10	
2	9	2	10	2	4	9	4	2	1	7	7	4	4	1	8	8	1	6	7	
1	9	2	3	1	5	6	2	7	8	5	5	6	2	4	3	2	10	10	7	
10	1	7	10	5	5	8	7	5	8	1	9	9	10	9	1	5	8	4	2	
1	10	9	5	7	6	5	4	6	9	4	4	6	6	7	9	6	9	1	4	
5	8	5	2	8	4	7	4	4	8	9	3	8	10	5	7	3	6	7	9	
6	3	2	9	8	9	1	9	5	4	10	1	6	7	3	8	2	9	10	5	
5	10	8	6	10	3	6	6	2	10	3	1	2	1	6	4	1	4	6	4	
4	10	4	2	2	7	9	10	1	3	7	10	9	7	5	9	4	7	10	10	
1	6	1	1	4	8	10	3	10	5	9	6	3	5	7	2	7	10	5	9	
3	7	8	10	4	9	6	7	4	1	7	2	1	6	1	2	5	9	4	4	
2	1	7	10	3	1	2	5	10	2	5	2	8	1	3	7	8	7	1	3	
3	5	2	3	2	2	10	8	4	10	8	8	4	7	7	6	5	6	2	9	
10	5	3	6	3	7	9	9	5	4	5	9	3	3	5	2	8	1	8	10	
7	5	4	3	9	4	6	8	1	3	3	9	8	10	8	10	10	6	8	7	
9	10	3	9	5	3	7	9	8	9	4	2	3	5	1	10	3	8	5	8	
2	9	7	4	9	3	10	1	3	4	4	6	4	10	4	8	3	3	4	2	
6	5	8	5	9	9	8	1	9	4	8	9	6	9	2	10	4	1	10	3	
3	9	1	2	8	9	4	3	4	1	8	3	8	2	7	7	9	1	5	10	
1	5	4	7	4	1	6	7	3	2	6	9	2	7	1	6	9	4	10	10	
9	8	3	6	7	6	7	1	6	8	1	7	9	1	5	7	9	10	1	10	
4	5	5	4	5	10	8	3	6	8	8	10	3	8	9	5	5	10	4	10	
8	7	8	1	4	9	3	6	4	10	5	7	7	6	2	3	6	5	9	2	
10	6	7	6	4	10	10	9	6	9	2	3	9	6	10	3	1	10	9	8	
1	5	1	5	9	8	2	6	1	6	2	1	3	1	3	2	7	9	6	5	
6	5	6	8	7	1	10	9	6	10	7	2	2	7	9	3	9	8	9	4	
6	3	2	3	3	2	5	7	6	3	7	5	4	1	2	9	7	3	8	9	
7	8	2	7	9	2	8	8	4	4	1	4	2	6	8	2	9	1	4	6	
9	1	10	10	3	6	1	5	6	2	6	6	5	7	3	5	10	9	5	2	
2	4	1	8	1	7	4	5	1	10	7	9	7	6	2	3	2	10	1	9	
10	3	6	4	10	4	6	3	9	5	3	4	4	10	10	3	2	7	5	10	
7	3	1	5	5	3	7	7	8	3	8	8	1	9	7	4	6	4	8	8	

Stepup times between family, where [f][f] represents initial setup time
On machine	1
26	20	33	80	3	63	36	43	47	64	33	84	17	41	97	65	21	32	53	64	
93	49	45	100	80	85	46	53	24	97	58	47	9	51	5	8	50	95	9	100	
35	64	67	19	91	69	1	58	77	71	54	65	45	74	22	59	51	41	43	75	
63	49	48	82	36	35	97	96	89	61	39	21	87	37	11	34	34	34	5	77	
50	72	100	85	4	57	98	49	8	40	33	44	7	70	19	41	17	23	35	77	
14	11	82	48	30	51	60	75	63	16	21	45	85	35	74	78	36	18	72	31	
45	41	35	33	80	43	40	69	13	1	7	15	72	23	94	54	100	53	46	85	
43	84	88	90	21	45	83	68	46	61	37	10	99	61	82	100	8	88	30	9	
30	31	39	23	19	68	78	94	29	94	72	23	42	75	37	44	93	43	77	31	
13	14	38	45	80	24	7	6	93	29	79	91	91	68	59	42	97	4	74	68	
43	15	84	82	70	12	81	39	72	65	67	96	26	95	63	9	39	54	48	87	
47	12	33	90	99	98	44	88	43	84	69	49	50	61	77	94	18	97	81	49	
70	99	54	28	68	97	82	27	72	18	99	11	51	83	6	73	36	34	16	62	
45	54	66	90	48	2	88	40	9	45	72	69	79	47	74	30	37	30	37	100	
44	39	34	17	41	74	34	44	80	28	21	23	35	96	47	70	7	1	52	79	
93	68	57	57	87	23	85	61	37	23	53	65	85	32	94	63	1	56	14	13	
69	90	84	41	49	26	67	86	11	26	89	33	66	54	65	15	67	90	25	50	
3	92	12	25	73	27	21	46	71	70	54	5	57	25	40	52	17	99	34	4	
96	29	79	77	87	62	18	91	84	18	60	55	63	45	1	76	67	69	53	86	
30	80	48	91	34	57	73	60	43	49	95	55	5	57	41	15	84	88	34	4	
On machine	2
17	87	33	19	3	43	67	4	87	17	15	48	79	9	71	24	89	60	27	77	
38	46	36	80	72	63	42	59	91	40	30	48	81	61	81	38	58	20	76	79	
52	72	53	80	33	40	57	70	15	64	15	52	9	90	57	54	30	20	20	27	
70	9	69	12	7	25	94	55	21	93	71	32	62	53	55	99	75	64	69	21	
79	35	95	87	34	41	74	86	52	1	29	77	65	25	39	82	9	37	28	2	
89	34	64	39	7	30	20	44	82	38	25	42	53	46	87	46	91	38	23	32	
24	74	36	88	97	19	35	18	17	27	2	10	88	25	83	88	79	89	6	53	
97	30	34	53	99	80	8	96	22	34	38	19	79	98	97	59	47	87	42	78	
100	70	23	44	35	51	89	85	37	65	43	78	80	81	2	26	10	15	4	18	
52	16	12	22	58	44	75	80	51	70	55	88	20	12	77	16	46	82	39	61	
68	44	51	7	27	25	47	40	34	89	40	19	68	17	70	96	1	51	91	39	
25	24	24	73	24	52	11	31	41	93	78	62	52	74	5	82	99	4	13	17	
95	63	39	75	41	77	44	82	71	28	19	12	81	90	8	37	9	28	52	32	
80	3	72	84	97	27	48	13	75	62	48	39	60	34	55	54	37	30	18	89	
22	81	67	59	30	38	72	6	98	5	90	75	35	56	95	98	99	93	75	76	
21	80	15	26	94	89	45	9	77	13	64	46	57	11	62	43	83	66	73	2	
99	77	58	97	39	38	72	41	55	41	74	34	30	63	1	54	45	7	87	45	
82	40	47	14	51	62	92	96	44	68	64	10	66	8	86	15	1	31	95	32	
43	1	2	36	87	16	58	11	32	65	51	10	49	68	92	41	2	89	82	21	
44	84	23	95	77	77	16	52	50	78	33	72	84	100	69	9	98	13	33	80	
On machine	3
94	91	47	48	55	81	20	36	19	92	41	71	24	40	7	37	40	6	55	25	
79	7	79	80	98	37	28	2	58	12	85	45	12	92	31	24	67	84	90	96	
31	54	9	90	30	62	83	9	87	2	45	51	73	70	40	17	49	47	26	58	
66	27	97	89	71	89	20	63	81	92	96	8	41	29	84	77	91	18	4	2	
40	94	83	35	70	93	34	38	2	9	14	34	87	13	49	40	5	42	52	96	
37	26	16	21	58	10	67	5	99	100	63	3	1	24	27	72	15	53	67	98	
47	16	93	99	44	76	48	34	11	62	69	29	52	26	4	6	27	83	90	32	
82	70	70	4	49	50	29	37	76	83	13	4	53	36	14	66	42	97	23	87	
81	11	53	59	55	72	76	15	13	10	46	15	22	83	92	65	34	42	91	64	
6	39	31	36	50	85	3	5	60	71	8	87	28	96	33	86	68	92	81	1	
24	54	98	69	63	17	11	79	31	8	66	80	61	2	91	69	15	31	67	71	
73	59	65	12	2	76	8	65	84	15	68	63	47	52	81	35	18	93	30	69	
26	40	96	71	49	94	57	2	30	28	91	89	9	66	36	12	11	29	61	67	
62	66	57	52	34	15	88	15	83	61	30	90	91	1	52	22	48	75	27	8	
76	16	40	11	94	69	87	37	15	88	49	11	25	58	81	31	34	42	37	33	
57	38	9	27	63	99	17	23	93	74	85	31	14	25	40	44	35	57	31	65	
25	50	43	1	45	6	93	64	25	75	57	54	23	85	61	37	14	46	63	88	
25	9	74	88	62	17	14	36	94	64	62	100	40	99	15	67	27	21	77	74	
37	98	65	8	19	20	53	72	4	81	28	21	74	81	71	57	50	50	75	94	
91	92	58	15	15	48	99	79	87	75	45	60	57	80	8	76	18	58	94	37	
On machine	4
62	37	71	52	44	38	69	97	58	34	46	2	42	58	22	24	59	65	2	55	
33	67	25	27	32	83	95	86	33	80	28	86	45	79	5	13	50	71	81	67	
61	23	41	38	98	33	92	85	61	77	88	57	41	84	41	56	11	46	42	60	
43	5	37	4	2	62	41	8	21	80	13	68	12	35	62	74	35	97	77	86	
35	53	31	97	47	32	43	80	69	79	58	14	82	72	28	21	81	94	92	97	
73	62	41	13	89	15	73	43	27	88	60	50	52	92	31	93	33	19	38	33	
6	42	88	74	16	8	98	36	43	6	21	75	90	49	80	35	71	93	48	46	
26	16	36	63	5	45	29	93	27	5	54	69	89	36	27	25	70	56	22	59	
55	66	26	68	36	27	60	62	66	50	69	7	57	32	61	79	48	19	41	63	
77	73	40	19	61	38	76	92	42	55	25	49	91	76	91	47	2	36	4	51	
75	13	72	89	70	9	60	73	84	12	52	24	57	21	59	47	49	5	24	95	
97	17	87	13	61	76	19	1	55	65	13	17	38	1	1	36	48	8	55	74	
38	63	20	92	54	21	61	48	21	8	29	3	100	33	93	39	25	80	3	14	
91	94	85	62	28	39	54	77	14	14	68	51	15	49	45	62	48	90	62	80	
87	91	49	36	81	43	56	74	76	16	59	94	45	90	59	3	68	68	75	32	
41	11	85	89	62	96	6	73	99	16	62	94	70	12	97	9	75	97	95	17	
56	77	37	7	67	54	84	58	70	24	82	39	15	25	58	16	24	84	15	50	
24	62	4	10	53	61	63	58	39	63	20	57	65	74	39	61	90	41	43	55	
65	11	91	70	28	16	42	56	60	3	89	81	3	20	93	66	59	38	47	23	
27	87	88	67	61	7	27	28	32	28	2	35	8	50	27	88	47	60	15	39	
On machine	5
7	53	69	80	85	43	33	85	72	68	27	88	29	23	32	77	9	6	80	48	
2	66	19	49	74	29	19	21	51	30	14	23	57	98	10	63	40	52	92	8	
8	82	54	100	77	70	25	2	7	17	99	4	18	50	94	98	41	61	33	2	
66	57	27	18	13	3	21	28	83	80	12	16	64	10	83	21	37	29	86	49	
91	7	20	44	9	41	98	74	97	32	72	98	67	90	94	44	31	8	1	70	
14	40	43	70	71	33	66	10	92	85	10	15	73	29	1	84	96	89	27	83	
78	96	77	41	79	33	14	100	72	42	61	48	97	61	12	65	77	13	99	6	
36	10	46	98	85	43	48	81	22	18	30	12	76	28	47	71	37	97	97	58	
49	49	40	27	54	12	77	47	32	99	90	77	7	44	17	84	92	4	4	84	
99	32	7	30	13	83	35	60	74	80	81	78	29	82	18	37	49	11	79	49	
3	78	86	100	40	62	59	48	21	37	87	96	29	16	65	22	66	17	79	74	
4	50	63	48	84	37	90	38	92	66	93	98	64	62	80	41	55	69	26	76	
45	12	77	14	59	15	18	48	12	98	42	91	88	41	13	54	54	78	93	64	
100	97	58	3	69	22	77	77	62	82	5	27	51	70	46	23	8	80	51	26	
19	56	96	72	67	97	85	10	100	100	10	7	88	90	65	61	36	19	15	2	
25	60	44	57	77	98	56	59	74	58	15	55	82	16	22	62	18	64	95	8	
89	62	4	6	21	32	32	49	73	93	62	51	72	4	17	28	33	78	59	99	
9	8	13	70	50	19	13	14	92	81	28	78	72	90	85	88	74	55	28	71	
74	66	37	5	83	63	63	42	19	85	100	40	46	8	40	50	32	60	72	55	
85	11	94	51	46	9	59	42	94	93	24	95	96	30	62	93	2	88	59	39	
On machine	6
3	14	25	92	26	65	34	56	33	14	8	41	1	5	22	48	24	72	35	67	
7	10	78	11	86	61	98	21	45	46	70	12	10	51	90	1	74	93	30	98	
36	23	91	56	96	92	81	15	4	52	85	91	22	30	13	67	29	14	58	100	
60	90	53	20	43	42	61	83	100	45	31	96	22	11	19	65	74	45	54	24	
7	37	5	96	74	58	62	65	21	86	90	99	47	57	4	93	44	48	60	18	
89	20	63	55	95	52	80	56	40	1	44	99	35	5	70	100	3	10	36	42	
15	78	30	72	54	56	28	18	39	87	72	6	52	93	88	39	52	28	65	86	
31	56	73	91	88	92	81	63	32	7	99	71	43	15	60	25	13	65	51	31	
50	75	54	8	17	5	86	82	72	15	10	10	1	88	13	46	55	35	34	77	
78	78	15	56	60	60	88	59	89	72	70	1	56	70	7	57	96	24	54	77	
91	98	58	95	9	5	90	67	65	93	95	48	52	79	99	10	88	98	73	93	
24	95	96	35	99	84	73	87	76	34	42	21	60	38	44	51	58	4	54	52	
58	65	20	88	51	64	2	22	63	4	91	11	86	55	23	83	99	3	19	2	
25	89	92	5	52	61	77	29	41	50	52	47	58	28	25	27	64	2	46	34	
18	22	92	34	89	76	92	24	22	73	56	62	66	89	91	67	89	96	48	8	
81	57	88	13	1	82	12	81	29	92	26	86	92	55	13	83	66	7	7	41	
15	14	32	49	71	11	92	57	49	92	5	12	53	77	32	93	50	75	14	84	
45	2	64	57	87	70	80	59	4	67	24	58	98	90	97	38	98	57	18	66	
91	84	93	23	27	15	31	80	83	58	22	38	80	75	42	80	73	86	31	66	
8	32	73	75	48	29	92	100	5	84	60	15	8	53	11	45	15	61	1	9	
On machine	7
8	50	34	4	98	63	83	16	87	89	68	89	78	95	25	71	46	7	53	25	
88	30	56	3	25	93	12	20	4	28	59	67	75	100	18	73	80	31	19	34	
61	9	73	78	17	42	52	27	78	39	17	10	41	34	53	83	70	42	85	93	
96	51	52	67	42	63	76	54	17	2	17	86	37	100	62	77	25	97	42	43	
39	8	30	87	19	51	35	71	80	96	64	86	79	34	45	87	94	22	82	61	
87	3	11	10	44	65	16	56	54	69	67	11	13	65	41	56	10	62	2	37	
44	38	37	54	13	79	13	5	69	88	74	26	2	89	7	63	82	56	7	72	
57	98	73	58	72	8	56	35	39	71	41	54	17	9	41	79	55	92	50	83	
40	33	50	19	5	39	97	90	38	68	60	15	96	34	43	15	55	99	8	98	
75	83	1	90	59	35	22	88	69	59	77	50	91	88	15	25	82	16	83	69	
89	20	77	27	75	18	4	94	31	96	83	99	80	96	62	95	74	28	68	4	
31	45	12	7	90	14	43	34	41	89	36	86	99	28	28	68	99	62	71	94	
79	55	92	14	64	60	9	38	83	22	52	94	89	33	69	93	30	68	85	24	
59	5	84	73	95	100	71	61	66	49	5	67	59	2	25	73	99	7	17	41	
59	6	97	18	81	48	12	29	98	29	84	53	89	17	59	43	82	68	59	74	
28	16	12	67	23	5	75	63	60	92	60	96	20	37	37	1	84	4	4	65	
43	61	63	10	76	33	96	85	72	17	49	38	56	26	92	99	86	68	31	55	
22	26	27	82	71	50	85	82	18	33	50	71	93	15	46	51	38	84	17	18	
78	14	46	18	80	38	35	94	68	22	13	96	16	24	40	94	70	80	41	43	
5	19	43	16	8	58	1	51	2	24	32	44	38	75	2	94	70	75	31	28	
On machine	8
82	41	22	24	43	33	11	76	57	94	100	55	97	20	4	7	74	100	25	26	
20	86	5	95	90	79	82	87	46	39	32	17	64	10	22	80	96	93	27	11	
6	47	46	94	18	93	63	30	47	31	58	2	39	39	67	2	74	44	15	43	
98	28	63	6	21	88	63	96	43	79	56	42	86	92	96	18	13	44	95	24	
85	2	89	82	7	39	62	63	80	2	9	21	84	59	22	56	92	16	87	23	
35	69	84	61	47	83	6	90	30	56	17	61	70	95	11	95	33	71	4	89	
58	72	39	8	4	85	60	73	19	3	28	94	56	41	81	81	51	69	1	21	
16	37	59	18	59	67	63	82	65	96	98	68	81	7	100	78	85	90	88	60	
83	35	15	42	13	39	20	53	43	73	6	83	100	28	7	8	55	29	11	41	
60	88	82	27	96	20	21	23	90	60	82	63	37	77	60	57	56	72	65	47	
54	70	88	26	5	34	47	26	87	21	9	40	68	57	48	91	23	82	43	33	
80	26	24	40	8	22	70	86	27	5	60	87	4	17	12	31	45	1	58	73	
18	57	51	49	92	89	45	84	52	31	33	5	86	41	31	51	58	7	69	78	
20	85	24	21	71	14	88	22	36	21	18	36	92	96	32	93	23	3	40	5	
48	52	38	27	76	42	84	98	68	65	40	16	37	24	28	38	46	96	84	78	
60	56	28	43	39	43	39	57	90	30	15	80	24	88	49	70	85	81	71	48	
64	16	1	78	59	83	97	91	18	88	22	86	29	83	43	22	62	43	73	97	
16	50	91	48	55	10	39	80	100	77	63	48	56	13	16	74	79	7	67	24	
21	64	29	85	67	46	36	32	41	58	23	77	73	8	74	27	86	64	84	58	
7	65	99	10	55	33	75	20	16	9	34	17	21	35	91	50	2	74	17	49	
On machine	9
38	98	32	40	19	74	70	71	2	86	36	51	10	99	75	26	62	68	62	33	
87	54	86	79	11	19	84	61	57	40	38	15	12	100	79	88	86	47	72	31	
73	48	51	40	79	93	73	25	28	13	33	92	70	18	30	35	1	4	69	77	
5	14	43	9	39	42	97	60	10	60	95	35	71	4	17	27	74	73	31	62	
77	58	64	59	80	92	9	86	80	49	30	84	84	10	82	98	10	41	54	27	
67	41	98	51	97	91	79	81	97	86	54	79	26	96	39	19	59	38	26	66	
4	82	41	34	20	98	45	52	61	25	64	75	44	97	63	20	13	71	59	4	
53	82	10	65	49	20	43	19	72	18	17	52	93	88	18	79	54	23	86	13	
46	75	70	6	82	28	39	18	61	77	19	30	27	89	99	39	43	48	51	38	
77	59	100	89	63	89	20	7	76	54	56	5	73	52	75	98	36	46	83	49	
72	31	35	31	69	1	30	31	90	82	80	89	9	47	19	56	20	76	68	71	
21	55	30	10	6	69	71	52	12	36	56	72	95	58	48	14	1	62	21	63	
18	65	8	51	90	21	10	39	48	64	68	100	11	41	33	62	86	52	28	98	
10	77	87	4	68	29	84	37	51	45	16	82	78	51	7	86	49	75	62	63	
75	2	27	52	22	11	13	38	3	54	81	53	54	68	23	100	2	37	8	50	
65	73	69	5	44	32	14	24	100	85	68	93	49	72	98	8	44	63	59	74	
54	16	8	60	36	69	20	29	76	59	46	29	64	3	45	45	34	14	80	97	
6	91	10	46	21	49	7	6	16	18	55	6	58	58	51	84	100	41	16	69	
40	66	97	82	10	36	73	98	100	45	12	66	70	88	90	91	53	90	56	46	
23	99	60	55	92	10	47	47	14	82	77	30	52	42	20	47	80	41	27	74	
On machine	10
81	47	90	27	23	4	4	24	28	34	65	5	68	82	87	32	97	22	97	96	
48	46	70	12	98	88	17	9	90	51	28	50	8	85	40	15	53	15	80	89	
49	15	24	2	53	64	47	61	89	63	42	28	51	88	27	21	10	47	98	81	
15	12	17	4	98	28	48	73	7	95	43	58	57	38	47	31	74	51	91	78	
52	15	4	14	79	8	96	11	82	33	5	3	39	28	14	41	60	43	29	82	
18	23	29	24	30	19	2	96	12	15	53	94	59	21	46	81	7	69	79	58	
41	47	33	58	83	85	66	53	95	73	98	67	4	10	2	78	77	57	67	54	
96	72	60	24	54	18	88	1	7	46	47	54	14	29	82	60	84	20	49	27	
78	81	42	51	3	41	88	96	10	91	38	97	51	45	11	95	23	57	60	100	
100	5	2	89	25	96	36	66	73	9	48	90	11	15	82	85	74	31	54	9	
42	14	42	86	15	77	50	72	59	12	47	77	58	97	28	96	30	11	60	22	
44	43	84	69	80	13	64	23	53	61	20	69	89	10	37	64	4	61	83	29	
73	46	87	16	17	17	77	18	27	59	4	48	62	13	93	39	88	37	35	55	
19	5	52	17	10	6	90	72	59	50	30	95	84	28	21	47	56	69	37	39	
9	65	91	54	48	71	85	10	44	6	27	60	30	87	23	12	55	54	82	7	
28	10	75	16	69	90	76	20	8	96	25	85	1	81	18	53	60	25	73	43	
76	62	31	48	64	28	57	2	99	40	92	24	27	48	36	64	80	27	19	55	
2	32	44	13	16	96	81	79	4	70	90	58	89	8	93	47	6	13	85	26	
98	75	34	28	62	24	71	46	15	44	59	83	78	71	9	38	91	48	88	89	
96	60	81	23	77	98	5	83	11	31	27	91	14	9	23	99	20	10	8	54	
On machine	11
27	90	45	15	19	29	20	96	25	39	64	44	45	84	22	13	86	49	81	29	
75	83	37	17	83	72	92	42	60	34	45	27	95	49	5	70	35	84	56	80	
97	81	29	94	84	16	58	10	38	94	78	3	64	43	2	97	68	86	23	32	
62	30	15	35	63	30	9	44	94	74	81	42	14	15	95	7	91	55	78	24	
78	19	70	23	18	69	73	5	71	77	91	11	35	50	12	25	14	18	56	4	
73	53	56	36	34	15	74	96	73	78	35	21	36	86	37	97	48	91	56	49	
66	54	80	39	100	43	46	37	75	37	100	18	27	69	67	80	37	95	19	23	
39	11	65	92	41	29	36	10	50	31	82	23	25	52	27	32	66	38	71	35	
28	75	53	13	15	22	23	92	83	94	22	23	67	57	31	8	56	74	11	7	
61	81	16	60	77	65	79	67	16	92	1	90	64	87	12	65	38	84	93	43	
42	43	67	1	54	93	63	76	23	90	36	52	57	5	82	11	33	46	58	97	
33	3	82	59	71	18	98	85	8	42	87	67	74	98	51	55	19	7	4	11	
44	15	63	71	93	91	72	85	34	3	5	95	31	48	25	90	4	99	7	87	
76	98	88	32	39	58	86	55	14	49	71	100	47	18	18	59	67	35	44	56	
8	63	99	3	81	67	41	2	69	9	64	26	13	24	6	45	8	28	44	12	
6	2	43	46	2	70	64	32	50	100	95	10	9	32	26	83	13	14	31	49	
86	60	89	47	72	98	9	70	64	30	38	79	23	11	13	31	83	2	18	52	
73	2	19	15	36	56	77	9	31	95	53	26	19	75	5	88	91	45	74	20	
7	78	18	5	65	14	83	48	29	52	38	21	94	98	5	20	91	93	21	31	
13	59	100	77	67	62	47	29	77	2	42	34	22	61	83	98	81	38	34	61	
On machine	12
55	34	39	33	74	8	8	51	88	96	71	10	57	32	17	61	33	1	86	24	
64	57	34	42	96	50	59	20	51	27	34	88	42	59	42	1	18	1	31	49	
19	4	53	50	41	86	46	7	31	82	8	22	38	80	98	68	94	16	43	26	
6	57	49	32	75	41	31	23	94	81	38	10	91	64	84	68	71	36	24	65	
50	15	43	18	38	5	15	5	4	77	41	57	34	61	24	28	94	33	58	80	
20	14	97	52	11	85	35	12	30	40	89	61	18	65	80	46	39	70	2	9	
15	48	75	86	79	17	63	99	75	77	88	21	75	99	19	21	42	76	72	54	
30	89	2	84	10	66	70	71	69	80	14	76	38	57	66	73	27	68	99	85	
31	17	84	71	18	19	43	69	39	3	10	51	12	65	47	28	4	65	31	70	
12	41	37	92	100	2	14	53	29	62	96	41	53	35	63	40	32	44	41	10	
43	74	61	20	79	40	20	98	81	13	57	41	36	30	7	13	48	23	94	3	
87	9	99	14	36	88	99	9	30	35	90	41	55	13	82	75	98	40	93	15	
89	62	62	3	90	79	60	16	52	27	50	69	68	6	20	3	44	29	83	69	
38	34	83	34	12	25	58	74	15	36	65	16	97	65	42	30	69	68	85	24	
51	93	86	38	46	1	54	22	91	97	12	97	59	31	93	75	95	85	30	9	
47	34	12	65	7	76	82	48	30	89	66	57	37	86	2	84	71	46	61	97	
56	29	95	83	46	62	71	61	48	47	17	24	17	12	90	24	75	84	25	88	
84	71	97	18	53	70	5	13	18	90	85	54	62	20	73	54	66	44	31	16	
92	33	74	7	20	22	43	39	43	36	69	36	29	56	55	51	55	93	26	49	
33	84	75	69	23	35	1	70	89	100	53	64	11	42	12	25	18	38	43	96	
On machine	13
11	76	79	95	42	52	66	13	82	16	27	80	6	6	15	39	32	66	1	6	
52	2	60	54	37	93	93	89	70	4	32	58	21	13	25	36	14	25	90	5	
91	18	8	55	61	43	96	14	19	27	44	92	88	45	54	39	87	69	87	69	
25	55	10	8	36	83	14	49	92	57	12	63	98	32	3	2	52	86	9	63	
31	26	25	17	79	53	23	19	63	26	64	93	88	46	87	53	13	81	89	53	
15	86	96	99	26	50	60	21	18	48	31	4	70	80	41	58	36	32	68	25	
1	94	44	52	35	20	94	78	4	61	51	60	25	96	47	78	53	95	96	82	
87	12	84	31	38	35	47	4	53	97	96	42	40	42	35	39	68	88	4	54	
40	79	41	23	91	70	49	34	6	15	30	3	80	86	28	43	45	17	59	50	
94	38	54	75	45	61	40	41	46	40	26	67	29	60	91	10	52	74	10	40	
62	8	77	71	64	15	90	71	51	19	20	90	53	66	13	86	46	15	29	40	
49	18	92	74	33	34	94	87	40	89	96	91	54	74	39	70	83	12	71	77	
95	41	99	97	31	4	80	27	14	85	65	35	15	22	4	33	90	32	71	10	
78	53	79	15	37	94	66	28	18	77	56	98	53	83	71	68	11	12	89	40	
96	97	21	99	64	81	7	23	67	17	65	86	75	89	56	96	22	89	24	18	
97	68	52	70	88	99	64	35	2	98	40	97	94	22	25	2	100	83	47	53	
57	26	69	30	5	64	22	81	12	88	46	76	85	9	34	72	72	58	85	74	
64	5	71	81	18	55	26	76	50	27	73	18	54	34	89	32	32	73	9	76	
32	40	91	46	87	53	70	65	98	18	80	7	19	75	97	4	73	65	14	66	
3	7	69	52	92	2	84	91	75	82	41	80	22	89	79	96	85	32	31	65	
On machine	14
1	85	90	98	34	91	54	54	67	27	46	16	72	3	71	68	42	54	10	30	
70	64	49	39	90	28	87	4	65	53	35	27	55	42	82	40	98	63	28	86	
70	48	45	42	22	70	73	62	46	16	37	15	78	85	78	62	84	25	69	56	
67	40	28	75	74	27	4	77	83	45	21	48	89	14	75	84	98	18	41	64	
14	88	13	38	94	64	50	96	26	42	34	12	35	25	43	41	58	76	77	54	
25	39	41	78	25	10	14	76	83	12	96	38	33	2	53	80	39	24	89	30	
30	58	31	80	52	67	21	94	94	90	65	54	31	80	41	65	37	92	44	29	
41	34	26	67	68	26	23	63	71	61	11	5	47	92	7	19	19	19	10	77	
62	66	47	3	36	61	5	17	44	41	97	98	43	46	90	44	37	3	22	75	
49	43	74	70	38	68	47	48	10	94	27	40	26	30	75	83	100	54	31	97	
61	54	18	41	78	75	60	31	97	97	24	81	5	29	69	64	3	55	80	65	
16	61	32	49	58	66	7	21	34	15	8	7	73	30	62	79	57	61	48	59	
5	91	41	1	21	29	100	2	9	90	59	65	38	98	43	45	95	24	20	86	
68	2	40	1	92	19	97	88	97	53	97	90	28	21	100	97	25	48	42	89	
75	90	42	8	3	95	42	24	63	63	67	74	30	54	96	76	58	62	86	94	
33	41	10	44	98	41	19	86	27	97	33	82	46	93	83	75	23	38	73	68	
83	65	4	74	65	8	89	68	48	60	17	85	78	37	63	61	66	56	88	50	
66	17	17	51	67	6	43	51	77	30	79	31	72	13	78	78	96	13	15	25	
72	35	65	8	68	75	29	94	38	2	23	22	74	69	80	71	97	81	44	84	
49	19	19	86	18	19	4	22	30	41	61	27	46	93	18	59	68	24	78	5	
On machine	15
62	16	77	56	5	38	36	52	42	76	17	31	46	93	50	56	64	58	25	22	
100	54	19	64	98	92	17	11	26	65	46	96	9	74	9	22	46	53	63	89	
81	44	32	63	35	89	86	89	30	75	97	31	90	14	49	71	4	97	56	36	
55	15	2	66	61	51	77	1	30	68	74	18	67	49	7	34	57	44	93	85	
38	70	18	96	63	71	14	77	13	14	2	89	34	23	77	18	1	86	27	38	
10	10	44	92	58	43	29	81	74	89	62	83	76	58	46	35	66	5	22	51	
25	27	22	49	71	74	22	22	89	76	9	52	28	48	37	65	75	44	57	1	
96	37	98	67	78	65	69	64	91	98	76	1	18	7	99	45	78	43	25	94	
56	76	27	100	93	89	41	93	6	69	75	60	3	18	37	79	48	9	3	38	
51	69	1	95	27	45	70	14	72	58	45	8	24	100	67	20	54	44	99	86	
32	13	30	6	62	52	71	1	53	49	36	78	73	61	55	80	28	11	15	21	
46	80	48	86	56	2	74	39	86	31	72	84	32	89	80	37	4	43	94	49	
81	37	54	54	32	81	42	10	7	33	88	40	83	85	5	69	42	71	74	98	
65	22	34	47	93	32	54	77	79	57	32	17	20	59	8	59	30	22	2	55	
98	71	25	42	29	67	39	48	65	80	92	54	48	21	41	77	63	32	38	84	
6	73	49	22	94	98	90	60	32	33	59	94	67	66	17	66	5	2	17	39	
31	35	2	11	32	48	98	67	69	74	27	71	82	46	47	69	24	17	65	43	
99	59	82	57	43	10	51	26	22	15	67	11	61	27	73	53	51	52	27	2	
35	95	37	51	55	58	69	54	56	76	90	36	17	72	34	14	89	86	92	19	
80	14	73	16	41	13	22	31	11	40	53	56	10	15	10	100	80	65	86	79	
On machine	16
68	16	25	14	49	17	62	18	36	78	5	41	98	56	21	70	63	35	61	3	
100	85	81	72	22	34	34	10	97	55	9	2	12	29	80	85	50	36	4	6	
27	11	9	96	55	96	89	78	98	27	20	93	93	57	35	21	61	95	81	34	
90	57	7	63	60	49	38	71	78	85	54	82	8	27	12	84	69	46	91	77	
6	54	24	9	58	96	11	55	59	14	99	54	46	48	7	13	97	96	91	41	
26	10	7	55	27	68	68	15	17	88	32	4	64	89	34	52	84	6	80	28	
69	99	93	17	16	83	20	18	36	24	57	32	96	5	84	91	88	36	66	17	
12	6	19	93	5	87	49	99	45	23	91	48	55	99	46	71	74	64	9	18	
59	42	67	54	55	74	98	82	2	8	94	78	11	84	85	35	25	63	58	24	
62	15	50	84	99	30	18	48	7	37	67	92	38	38	73	95	91	91	37	57	
84	73	87	87	45	94	33	40	76	52	65	11	100	88	30	14	85	86	51	81	
77	45	42	28	88	3	14	41	94	2	50	97	23	33	1	38	68	39	35	11	
69	57	70	38	38	25	22	18	88	53	3	87	27	31	55	46	98	89	77	96	
77	1	89	47	42	41	52	53	96	61	74	14	51	17	100	99	24	36	23	6	
93	51	45	81	73	75	15	50	94	17	20	80	31	28	79	87	38	52	91	64	
60	66	11	62	78	35	79	34	61	43	28	49	95	98	76	92	36	95	38	79	
12	36	21	13	67	84	62	43	72	93	52	67	39	93	32	91	3	7	54	33	
82	75	88	81	8	25	22	89	46	82	44	82	9	63	34	84	40	13	75	67	
39	91	20	43	95	76	95	75	14	65	64	91	7	67	67	20	1	47	18	71	
35	93	70	80	26	94	28	22	68	1	6	79	43	33	42	11	86	37	57	27	
On machine	17
19	8	89	14	8	2	30	75	78	54	95	25	79	94	20	84	62	40	44	88	
47	1	85	99	79	8	20	6	22	63	92	86	89	5	13	66	46	12	14	16	
84	25	7	25	43	61	32	10	58	12	11	27	71	65	1	61	86	4	87	87	
79	36	36	77	50	49	59	92	22	37	35	41	72	97	95	6	33	46	79	38	
36	20	99	70	10	18	88	38	81	20	59	2	50	82	95	80	88	37	73	83	
31	7	42	100	18	76	78	20	51	50	61	70	28	69	31	28	63	2	67	95	
41	93	38	86	23	38	3	39	49	97	1	91	88	40	97	10	23	68	47	1	
94	92	13	35	27	17	19	13	100	24	79	44	66	84	23	84	93	2	17	79	
12	11	20	89	97	92	95	55	99	2	44	25	71	1	51	77	12	57	39	80	
27	94	45	85	66	21	7	16	77	86	46	29	62	95	23	86	35	8	74	77	
35	70	29	75	80	10	76	65	10	82	15	28	61	16	29	22	74	11	27	70	
40	72	48	23	48	36	46	12	89	8	41	53	29	37	50	80	37	14	22	67	
90	24	20	25	75	4	50	12	45	60	86	4	9	34	37	68	94	57	83	13	
50	15	36	91	36	38	83	10	88	20	3	65	94	78	3	17	94	69	59	41	
100	75	99	26	25	9	93	54	47	20	46	59	15	34	68	79	84	43	38	67	
50	8	23	100	67	30	15	31	69	50	12	75	92	28	88	79	57	23	61	21	
18	48	52	21	43	71	30	100	13	52	78	23	28	95	53	80	92	99	68	13	
98	18	85	83	67	51	95	70	74	93	89	97	83	98	2	35	88	98	67	51	
76	40	49	56	5	20	75	5	11	44	44	18	75	60	1	13	24	78	85	70	
82	60	44	87	90	65	56	60	3	1	4	97	50	7	24	11	69	33	9	58	
On machine	18
48	78	45	41	16	34	75	3	77	84	35	58	54	75	26	71	49	44	73	63	
99	67	81	43	5	60	24	89	57	56	15	30	100	8	100	12	36	10	92	75	
61	22	78	86	63	66	17	80	79	75	54	98	7	79	70	4	26	66	25	2	
96	23	39	34	72	4	39	19	20	55	86	22	33	51	93	22	81	49	21	97	
87	92	5	69	53	41	51	21	65	23	64	57	62	57	28	84	3	15	43	89	
66	22	14	95	2	49	53	78	63	71	90	93	92	77	27	94	29	6	71	96	
6	7	21	92	32	16	84	91	83	100	29	21	82	8	37	92	60	48	50	68	
42	50	77	55	51	79	41	59	42	62	11	40	41	59	40	81	8	6	69	33	
63	74	37	22	71	31	11	11	10	65	37	61	37	87	36	51	53	13	100	93	
90	4	88	64	28	80	28	71	62	12	51	100	16	25	99	33	88	74	98	32	
58	80	40	67	69	86	73	24	45	20	77	69	69	95	42	33	34	26	94	60	
98	82	45	81	97	61	37	44	95	59	33	29	87	45	32	9	61	70	18	57	
47	92	97	50	85	22	80	42	56	33	85	46	76	9	36	25	85	5	22	4	
92	48	51	28	27	64	51	99	38	37	9	39	18	69	68	63	63	67	60	2	
68	4	71	77	95	15	9	98	39	88	56	54	40	80	44	11	92	27	88	62	
100	91	39	66	81	22	92	84	72	40	81	75	15	22	29	43	41	56	70	3	
63	60	6	66	62	4	34	81	74	8	18	30	80	6	14	80	40	41	14	49	
63	6	66	83	52	12	20	37	88	32	28	31	2	43	12	62	4	66	12	95	
8	44	45	9	47	94	12	92	2	34	21	63	26	81	88	64	73	20	50	99	
87	71	93	15	4	30	56	30	6	3	97	57	94	91	7	13	47	42	29	25	
On machine	19
78	9	25	68	2	28	91	98	69	58	62	1	62	52	47	31	23	11	53	60	
68	50	72	94	51	48	54	14	74	23	87	100	64	95	77	48	94	44	11	80	
62	69	95	59	97	8	56	35	16	46	83	47	62	89	92	67	66	85	80	78	
84	24	79	45	16	16	71	60	53	25	64	26	84	16	15	25	59	44	5	41	
77	24	52	37	80	26	7	16	37	81	5	82	62	41	84	70	34	18	96	29	
66	62	35	60	73	37	67	67	33	68	11	13	29	88	79	69	94	16	36	20	
96	93	51	52	11	9	83	47	33	98	55	17	81	100	68	97	37	14	77	89	
85	30	45	14	14	57	98	51	51	17	75	93	57	77	50	58	19	13	82	39	
16	48	52	43	41	57	76	100	71	6	64	12	96	79	36	66	74	75	86	36	
48	22	26	52	37	69	61	21	77	85	96	69	67	63	94	74	71	29	94	5	
71	10	60	100	67	11	55	20	5	67	30	70	91	81	91	65	92	30	19	86	
23	32	29	34	28	100	84	41	76	50	34	69	70	22	84	85	97	47	86	64	
41	79	31	83	77	55	35	83	16	3	28	84	77	20	67	73	76	55	39	48	
56	33	37	10	95	75	3	17	22	84	98	95	72	64	87	22	56	92	51	3	
73	15	23	54	89	12	18	23	98	46	35	41	59	29	94	34	4	96	47	17	
87	81	95	25	19	50	61	98	98	64	96	25	96	24	88	49	88	7	27	7	
32	16	40	94	28	44	4	48	87	4	52	77	45	7	34	45	14	13	47	46	
51	37	60	35	69	62	41	5	27	81	84	76	39	49	3	70	45	36	71	14	
68	68	14	86	48	71	30	95	54	62	9	79	21	12	92	17	93	8	99	21	
55	61	90	26	87	79	20	59	99	86	86	46	83	55	41	40	14	74	38	15	
On machine	20
65	38	25	6	20	98	46	21	60	10	28	15	63	74	63	17	99	34	23	47	
77	47	67	58	35	94	94	30	4	7	62	65	14	19	3	88	25	91	53	14	
5	49	40	87	60	97	35	36	90	23	68	29	34	86	32	23	8	84	74	95	
29	51	69	9	33	88	30	70	49	51	76	15	8	28	60	2	40	81	27	50	
73	20	66	28	56	80	56	25	90	35	35	25	86	51	86	70	48	56	8	94	
28	61	37	6	8	5	85	99	34	2	65	100	99	14	16	73	88	56	68	94	
67	15	15	23	60	14	19	67	9	55	52	16	92	9	22	26	41	15	83	46	
17	44	43	76	43	100	33	74	48	82	72	11	70	96	11	76	35	74	28	85	
16	65	22	46	50	77	41	3	98	35	60	81	42	74	90	55	15	26	55	39	
14	5	7	17	49	11	76	99	37	55	71	32	76	95	34	26	44	59	65	56	
28	75	91	86	81	36	20	9	43	19	82	62	64	8	82	96	84	32	26	6	
61	32	70	36	71	77	25	21	25	2	61	60	30	75	94	30	92	19	54	12	
32	53	23	72	63	20	34	65	84	93	94	10	52	99	82	4	74	10	73	27	
15	5	20	59	90	70	31	52	100	85	20	94	18	54	90	77	68	29	84	80	
43	70	68	100	10	23	31	11	78	76	16	70	42	16	61	16	13	99	14	59	
42	3	45	53	94	64	99	27	40	31	5	14	32	80	24	13	92	52	79	97	
67	3	92	53	97	17	79	31	42	50	7	27	86	92	35	17	14	69	73	76	
57	46	92	5	50	35	42	59	52	4	23	27	97	24	95	75	24	16	96	65	
56	8	9	26	93	91	4	4	53	54	23	57	98	40	67	51	80	74	97	81	
89	74	80	28	9	93	57	47	50	60	42	87	9	61	14	17	3	38	86	36	
Reldue
-1	1683	-1	-1
-1	2312	-1	-1
-1	950	-1	-1
-1	2212	-1	-1
-1	929	-1	-1
-1	1697	-1	-1
-1	2380	-1	-1
-1	1574	-1	-1
-1	1227	-1	-1
-1	1281	-1	-1
-1	1960	-1	-1
-1	2126	-1	-1
-1	2233	-1	-1
-1	1900	-1	-1
-1	1593	-1	-1
-1	1362	-1	-1
-1	1675	-1	-1
-1	1102	-1	-1
-1	1059	-1	-1
-1	1515	-1	-1
