Families	20
Machines	10
MaxSetupTime	100

Number of Jobs in each Family
3	3	3	7	1	1	7	10	6	4	10	2	7	10	6	4	3	7	4	5	

Jobs in each Family
0	1	2	
3	4	5	
6	7	8	
9	10	11	12	13	14	15	
16	
17	
18	19	20	21	22	23	24	
25	26	27	28	29	30	31	32	33	34	
35	36	37	38	39	40	
41	42	43	44	
45	46	47	48	49	50	51	52	53	54	
55	56	
57	58	59	60	61	62	63	
64	65	66	67	68	69	70	71	72	73	
74	75	76	77	78	79	
80	81	82	83	
84	85	86	
87	88	89	90	91	92	93	
94	95	96	97	
98	99	100	101	102	

Total number of jobs
103

Processing times of jobs
9	10	7	8	9	5	6	10	7	6	
5	7	9	9	9	8	10	3	10	9	
9	4	8	10	8	6	1	6	8	2	
6	9	5	1	5	2	3	10	4	3	
8	2	5	6	8	3	6	3	3	3	
5	1	7	8	4	2	2	4	6	2	
2	10	10	5	4	1	10	4	7	4	
3	9	1	3	10	3	3	1	2	7	
5	4	5	7	8	2	1	2	8	3	
2	7	7	2	8	5	5	5	4	1	
3	5	9	7	2	6	10	4	4	8	
7	7	5	10	5	9	8	2	8	5	
4	4	9	2	4	10	2	6	2	1	
10	7	1	6	9	7	6	8	7	6	
5	10	4	8	4	9	8	6	6	2	
6	7	4	5	10	8	10	5	5	2	
6	6	6	10	9	1	7	8	8	10	
10	9	9	10	2	8	1	7	5	4	
10	9	7	3	7	10	1	2	2	9	
2	5	1	7	3	7	9	3	7	7	
6	8	10	3	9	1	2	8	3	10	
8	3	4	6	7	1	8	7	3	2	
2	4	2	7	1	5	10	8	7	9	
3	8	8	10	7	9	7	9	9	1	
6	3	5	9	1	7	8	5	3	8	
5	10	4	3	9	1	3	2	8	10	
1	6	4	1	4	1	5	8	4	9	
7	3	5	2	3	10	1	6	6	6	
3	2	3	3	6	2	2	8	1	9	
5	9	8	9	5	8	2	8	5	5	
4	8	9	10	1	7	6	3	3	3	
3	2	8	8	3	5	6	4	7	7	
2	5	9	10	4	2	7	8	1	6	
10	8	4	10	9	4	7	7	5	6	
6	3	10	3	7	5	8	9	8	3	
1	5	3	10	4	1	8	1	8	5	
10	6	8	2	10	1	10	1	2	10	
8	2	10	10	10	9	7	2	3	4	
7	1	8	7	10	6	7	10	3	10	
8	3	4	5	5	6	3	1	5	4	
3	7	7	1	10	6	4	4	9	1	
9	2	1	1	10	5	10	4	7	6	
10	8	4	7	6	8	8	5	3	10	
5	2	7	5	1	6	10	4	8	1	
8	1	7	10	8	2	8	9	2	3	
7	7	8	1	10	10	6	7	3	4	
5	2	5	6	10	4	8	9	10	3	
1	3	1	3	10	7	2	5	6	6	
5	10	6	7	3	9	10	8	10	9	
4	7	4	1	1	4	8	2	5	6	
3	5	3	10	1	10	4	9	7	8	
9	6	7	7	9	4	6	8	1	8	
8	6	8	6	4	2	7	4	10	8	
2	5	2	10	9	4	10	9	4	1	
9	5	6	1	10	2	8	6	6	7	
2	1	9	9	10	3	10	10	6	3	
6	6	7	9	8	8	4	1	7	4	
1	10	7	9	3	9	3	6	9	3	
6	4	5	4	5	3	10	9	9	3	
9	6	3	10	9	6	8	2	10	8	
8	3	7	7	5	1	4	6	6	2	
6	2	9	5	10	8	9	1	6	4	
1	5	2	8	10	4	6	4	3	5	
9	8	6	10	4	9	4	4	8	6	
9	6	5	6	4	8	5	4	2	6	
8	7	10	7	8	3	5	2	10	4	
4	3	5	2	4	8	3	4	3	10	
2	4	5	1	5	1	5	10	8	2	
8	5	3	9	7	8	4	2	3	10	
1	9	9	9	2	6	4	9	6	3	
6	1	10	5	9	3	6	1	8	1	
5	5	1	10	6	6	6	2	3	9	
9	9	8	6	10	5	2	9	2	7	
4	6	8	1	10	2	3	5	4	10	
4	4	9	7	3	7	7	2	9	6	
3	2	3	4	8	8	7	3	6	1	
7	5	8	9	2	5	5	10	8	5	
5	9	7	9	9	8	4	6	6	7	
9	9	2	2	9	8	8	3	9	3	
2	10	5	1	4	7	1	9	1	6	
1	4	1	3	7	9	1	10	9	3	
7	9	7	2	3	6	5	7	6	5	
2	6	1	9	3	6	10	9	10	3	
9	9	10	3	5	9	1	2	2	9	
2	4	1	6	8	4	4	8	7	1	
1	6	5	5	5	10	7	2	4	1	
2	2	3	1	5	10	5	1	4	1	
5	8	4	5	7	7	1	1	1	9	
4	9	9	3	3	4	2	2	5	1	
10	9	3	3	2	4	2	2	2	9	
4	4	8	8	3	8	5	7	7	4	
4	9	9	6	4	9	3	8	1	8	
4	3	7	7	4	5	6	10	10	6	
9	9	8	4	2	8	1	9	3	5	
5	6	2	2	10	7	4	3	8	4	
9	6	7	6	8	5	2	7	7	4	
1	5	3	8	3	10	8	1	8	3	
4	10	7	4	5	2	3	4	6	7	
8	2	1	3	1	4	9	7	1	7	
3	7	6	9	5	1	1	5	2	9	
4	9	10	2	1	10	2	5	2	6	
5	5	2	7	1	4	10	6	7	6	
9	5	2	5	3	8	2	4	1	9	

Stepup times between family, where [f][f] represents initial setup time
On machine	1
41	72	98	87	7	90	21	23	37	31	18	65	1	96	65	7	91	20	16	16	
77	60	12	6	39	25	28	100	39	27	7	24	29	81	63	64	68	44	21	89	
68	6	66	40	91	22	45	41	88	37	36	59	27	8	56	83	36	72	99	39	
5	92	30	15	9	19	29	25	58	73	81	51	7	10	47	79	56	43	6	97	
38	58	55	70	25	46	68	18	47	84	16	81	17	54	93	87	93	17	8	14	
43	66	63	88	86	1	26	96	76	87	4	31	9	78	29	49	29	50	47	97	
7	70	2	93	36	10	72	94	17	73	81	26	100	88	78	95	70	76	71	34	
5	65	53	100	69	49	92	98	28	23	10	2	50	84	18	71	89	23	14	54	
72	83	7	90	58	3	90	67	10	43	89	56	50	97	2	40	100	90	39	18	
84	80	77	29	83	26	23	40	17	47	35	87	76	73	28	15	24	52	84	94	
70	13	76	63	69	78	25	56	1	27	46	69	89	4	72	40	66	24	21	86	
20	97	65	26	78	88	56	30	18	100	11	10	72	21	16	88	83	30	96	67	
72	44	58	25	82	89	82	67	3	31	14	30	25	21	22	79	43	38	12	21	
63	66	96	27	11	5	91	3	30	75	78	38	86	49	32	52	13	5	56	26	
86	58	17	99	27	10	16	87	95	93	47	71	20	77	82	14	95	92	29	95	
45	21	23	28	45	53	61	7	3	87	18	86	57	94	95	61	68	23	56	27	
21	67	9	34	91	45	27	42	68	55	18	72	33	63	69	95	45	52	32	35	
61	20	21	75	80	17	31	45	57	100	2	41	20	68	19	51	88	51	1	41	
52	74	36	68	35	10	51	55	22	44	58	66	54	66	42	50	67	85	2	36	
75	20	51	39	60	61	39	89	71	70	82	18	79	65	16	100	89	28	40	19	
On machine	2
48	18	85	18	13	16	98	98	11	65	21	28	50	76	10	55	51	41	73	90	
35	64	93	74	8	12	61	38	32	27	12	36	16	80	53	19	17	38	22	51	
10	97	87	23	59	27	14	19	45	50	64	48	43	39	46	44	62	19	17	35	
39	22	83	17	21	66	86	61	75	34	94	47	94	94	32	6	79	62	100	68	
17	64	54	58	7	83	81	84	48	37	49	87	31	36	19	11	19	49	7	56	
22	77	48	67	54	29	30	5	89	34	19	40	80	59	90	33	85	48	57	68	
36	88	66	93	67	7	91	26	9	6	67	68	3	92	100	54	28	33	26	39	
95	73	86	92	48	77	64	80	1	93	22	27	53	3	98	37	12	63	39	62	
38	94	45	27	61	96	81	56	50	37	67	32	77	29	87	53	59	89	21	55	
11	32	5	54	76	87	51	25	85	56	28	94	80	72	61	80	17	28	6	3	
27	80	96	84	67	60	25	34	27	24	69	15	12	86	56	59	7	20	34	53	
58	2	64	48	2	40	44	73	86	87	51	77	18	71	77	62	1	9	11	12	
18	79	39	78	79	88	29	19	77	54	86	39	34	15	91	55	31	11	62	81	
41	93	31	28	62	90	21	28	28	72	17	36	24	8	63	25	10	25	8	81	
7	35	73	77	6	35	7	53	8	93	1	24	9	83	24	10	52	17	100	54	
98	13	68	45	47	38	49	79	98	93	53	10	74	9	22	86	2	73	79	12	
11	55	30	93	79	61	66	95	8	100	93	32	76	98	21	37	77	39	35	41	
98	97	59	29	39	53	66	82	4	41	82	41	48	82	45	68	83	38	32	92	
62	99	54	7	27	89	42	92	23	19	56	63	10	49	51	49	94	51	26	10	
11	66	92	88	36	100	4	49	25	70	40	57	1	21	88	74	1	85	20	47	
On machine	3
72	53	18	78	21	96	50	4	94	64	45	33	86	74	27	100	3	66	24	36	
53	31	39	30	23	53	92	52	21	13	48	4	62	82	3	14	74	10	87	27	
31	90	85	90	15	31	97	91	55	13	4	4	76	55	55	92	76	62	84	24	
25	32	39	35	94	98	84	52	3	49	48	10	5	41	51	26	50	16	14	34	
7	83	93	77	75	97	39	10	52	55	24	42	30	93	98	69	54	52	4	5	
96	2	99	30	33	63	59	20	62	60	85	89	74	92	22	42	42	32	54	4	
85	39	8	42	20	41	30	58	5	85	43	37	14	65	39	87	27	46	91	28	
61	16	37	87	3	66	38	73	23	39	56	94	100	53	69	31	6	3	84	71	
54	70	10	92	36	16	60	8	46	8	52	55	67	49	88	76	27	32	93	90	
6	100	36	9	65	4	74	54	91	86	2	87	87	16	27	100	27	71	87	8	
19	33	83	11	76	88	88	1	49	69	36	27	19	73	88	30	5	84	66	74	
92	97	91	77	31	60	98	63	79	60	15	74	83	90	60	13	1	48	42	67	
47	95	90	58	16	73	83	20	1	47	11	45	48	4	56	41	99	70	53	6	
83	1	96	24	49	43	90	66	13	39	85	5	74	79	77	87	69	76	76	44	
49	22	21	3	53	90	7	57	96	46	9	46	18	36	4	22	78	41	99	59	
48	96	93	4	93	11	99	84	59	91	4	73	79	5	88	69	42	47	88	77	
79	70	10	99	36	79	18	87	52	80	57	10	24	17	91	41	38	91	50	42	
62	60	5	21	31	100	51	15	62	91	79	13	59	12	13	37	49	63	15	18	
22	37	55	69	26	19	54	55	92	11	25	42	98	88	97	82	83	97	82	30	
87	2	4	58	5	52	47	26	72	51	64	100	59	44	1	74	61	48	95	74	
On machine	4
28	61	62	12	32	39	6	62	73	23	97	41	17	71	93	52	31	49	38	25	
23	15	64	49	50	45	89	96	74	38	59	85	6	83	90	37	19	84	52	11	
12	71	74	65	93	30	96	80	60	99	12	59	74	80	52	25	63	54	55	52	
39	73	7	56	15	86	99	34	62	19	38	21	58	19	14	25	82	50	20	24	
90	75	46	70	82	27	61	43	60	53	99	42	50	11	23	40	19	77	99	70	
52	74	89	24	63	82	42	70	11	64	58	85	69	8	69	77	37	76	43	99	
62	16	83	79	75	8	75	88	13	27	71	57	96	70	76	75	20	89	34	78	
94	35	8	87	18	5	99	77	64	32	59	27	60	38	69	66	84	51	21	1	
48	5	28	42	50	29	23	4	23	66	44	84	84	44	94	17	73	38	44	86	
4	31	76	17	57	14	36	70	29	10	61	69	82	12	25	84	22	51	85	1	
22	94	69	56	76	84	59	7	12	100	44	77	15	31	24	69	97	20	26	10	
57	36	34	22	98	14	78	46	2	85	94	21	57	64	31	10	70	62	80	65	
25	92	25	80	70	40	21	4	80	7	31	51	59	15	95	23	99	60	4	62	
81	16	66	57	97	28	89	10	34	72	71	83	29	38	56	43	19	23	74	91	
78	44	83	53	87	92	96	8	70	42	71	81	23	5	41	98	16	36	49	57	
92	94	41	45	49	5	6	98	1	85	65	6	84	69	22	54	10	56	66	24	
13	64	31	4	58	24	6	67	76	45	78	34	14	75	61	80	61	1	19	3	
56	72	78	38	86	39	64	49	59	84	4	99	7	48	54	64	87	32	36	74	
83	56	37	100	7	93	59	80	69	85	64	87	80	4	8	76	31	85	64	28	
57	2	46	94	57	74	5	77	54	57	37	68	46	100	26	57	77	27	70	95	
On machine	5
92	15	78	29	51	33	76	46	13	12	93	5	30	44	75	68	69	72	71	91	
21	93	51	83	61	65	29	72	39	74	1	47	52	35	32	71	79	25	45	27	
100	64	71	66	83	72	70	66	26	97	24	2	76	23	40	24	23	21	32	21	
68	46	48	73	36	75	83	68	49	92	77	100	27	6	79	62	14	15	42	22	
66	55	65	51	57	17	86	61	5	72	95	59	72	67	72	98	83	13	19	92	
58	89	43	100	26	1	77	28	74	2	65	61	93	64	85	31	45	20	33	94	
14	85	9	97	47	80	16	51	2	85	76	8	11	40	30	51	70	70	71	34	
96	14	48	39	55	69	31	31	10	37	47	29	88	15	29	30	87	5	35	73	
43	1	67	66	70	53	91	84	46	98	95	77	64	56	89	88	85	56	49	23	
7	72	34	14	61	83	74	42	62	32	91	7	46	59	21	75	8	50	67	81	
41	30	100	57	22	58	97	81	62	62	77	79	32	82	81	85	78	12	70	69	
39	29	59	45	59	62	62	70	58	81	26	48	84	56	79	45	17	79	81	31	
48	93	12	37	93	73	16	45	65	61	28	88	45	56	4	65	99	100	54	13	
69	42	17	48	4	49	67	82	23	5	37	80	2	74	27	18	22	73	62	18	
74	46	12	83	24	97	93	55	15	95	22	6	14	14	93	79	49	70	76	42	
69	35	33	25	77	39	7	71	74	36	55	54	33	49	40	21	17	44	78	94	
49	14	75	85	85	76	36	53	47	93	45	33	5	6	10	20	30	42	96	45	
79	84	72	66	100	92	49	93	69	18	61	59	60	20	79	13	36	50	78	72	
99	42	16	49	35	1	43	80	14	35	6	68	63	94	72	31	90	65	5	17	
34	35	39	86	81	9	49	61	19	34	51	88	75	10	16	29	11	7	98	63	
On machine	6
72	93	42	88	94	28	42	70	60	51	44	63	67	23	88	16	74	87	85	5	
49	4	93	19	50	40	32	99	42	74	40	77	83	63	98	49	22	98	20	64	
35	63	11	98	1	48	59	9	64	42	3	18	93	1	67	85	8	75	100	71	
85	8	14	99	13	10	46	48	54	20	26	79	26	38	40	81	3	9	47	16	
74	1	52	15	7	8	10	95	13	61	16	76	7	20	70	37	61	92	80	47	
3	61	48	64	52	43	15	90	89	82	61	38	75	26	18	88	59	56	98	6	
24	57	88	17	28	50	99	13	88	77	20	45	86	4	48	54	53	3	45	12	
95	28	54	23	59	99	82	86	23	38	72	2	53	30	76	66	13	73	8	5	
24	48	77	51	17	54	74	84	15	44	89	76	5	2	49	98	10	43	8	79	
82	98	60	96	94	17	1	96	94	21	3	70	18	94	88	70	76	59	19	90	
72	86	34	82	2	31	50	66	60	58	25	90	36	84	38	57	30	74	53	30	
12	75	61	19	88	38	20	93	10	83	44	45	89	9	8	82	83	39	50	27	
30	69	80	27	16	37	39	84	31	85	60	1	100	83	38	56	89	43	9	97	
9	42	7	81	44	78	16	19	41	80	65	51	61	6	69	8	97	1	52	55	
24	46	67	1	88	34	52	3	14	98	62	52	5	3	2	44	3	7	56	66	
95	72	8	52	38	42	47	97	95	29	55	96	39	26	21	84	65	66	91	89	
37	30	41	84	41	78	26	24	72	31	73	75	96	96	10	1	41	47	73	58	
56	10	67	54	66	70	69	29	36	69	65	35	58	4	12	73	21	63	87	12	
37	1	91	33	41	30	22	47	95	48	61	7	42	67	90	8	89	63	50	13	
5	93	26	64	54	62	16	58	7	79	43	12	76	40	22	60	88	58	9	46	
On machine	7
54	96	96	30	93	92	78	72	28	73	85	26	6	57	50	26	71	84	13	37	
72	3	91	64	98	78	68	93	26	39	77	49	78	63	100	17	50	68	57	87	
17	25	43	15	67	68	8	48	40	12	54	94	5	34	34	92	50	70	7	44	
26	43	46	31	27	74	34	38	57	74	88	16	79	25	84	7	76	54	60	18	
23	73	6	91	18	82	68	17	25	39	70	41	86	87	7	1	70	59	21	80	
16	48	72	34	6	83	90	63	96	64	74	60	5	85	4	7	7	31	7	19	
61	38	87	51	66	42	77	62	45	41	13	24	5	5	33	22	6	53	59	31	
16	31	43	20	33	75	54	40	4	72	96	27	61	93	28	33	4	37	6	67	
43	86	43	75	49	37	64	59	13	31	69	63	69	4	72	30	40	60	62	65	
99	43	38	35	4	55	91	42	96	55	85	71	96	93	26	27	1	91	80	50	
78	48	41	16	94	18	48	36	67	54	6	80	55	7	63	52	4	15	23	18	
92	16	44	86	100	48	41	36	92	52	52	9	6	84	1	87	38	3	13	51	
43	22	94	71	63	90	32	82	27	81	30	42	64	60	92	63	92	87	18	24	
89	72	39	93	76	69	58	82	4	68	36	85	86	91	54	49	55	51	41	96	
22	3	64	33	76	72	49	32	32	61	30	34	36	12	33	70	80	37	10	84	
21	79	18	29	14	16	94	26	74	86	62	76	99	38	31	48	85	36	8	85	
35	79	99	37	7	81	27	37	56	35	56	2	66	55	1	12	88	30	51	96	
89	1	21	44	32	14	81	7	96	97	1	40	91	91	19	87	74	42	83	71	
1	95	32	9	48	90	98	11	37	81	69	72	93	15	8	79	72	16	12	68	
26	47	34	53	81	46	22	8	64	27	50	9	51	99	37	83	71	14	68	66	
On machine	8
20	13	46	61	19	41	59	82	68	2	28	83	38	61	75	2	33	6	60	55	
94	37	42	20	74	56	19	54	89	15	86	21	43	77	12	24	2	32	55	52	
89	17	27	86	48	22	13	68	1	3	46	83	48	12	50	92	56	20	36	77	
25	15	64	70	6	61	72	88	25	48	11	24	97	59	99	45	53	99	72	60	
98	1	15	14	22	20	25	25	24	48	55	34	21	78	23	13	55	65	41	42	
52	93	13	90	13	15	82	34	59	14	90	90	77	97	31	6	32	16	52	67	
1	58	49	43	33	18	86	97	13	56	61	10	40	94	45	62	71	38	99	5	
58	43	69	69	59	79	79	68	10	86	64	94	10	68	77	44	64	2	7	74	
5	89	65	58	93	77	2	41	59	29	15	85	66	58	27	73	46	47	60	75	
61	47	58	12	36	66	23	56	95	32	69	29	26	1	29	53	22	35	69	47	
15	61	44	46	22	36	66	8	17	98	41	57	67	94	7	58	92	50	82	84	
85	14	13	93	66	42	74	39	22	65	12	89	37	32	91	37	1	26	76	76	
56	87	80	67	72	18	65	39	81	28	15	11	84	73	83	32	7	91	11	28	
13	48	12	4	55	37	6	22	27	86	9	63	33	71	45	93	59	41	15	28	
35	38	43	49	74	60	22	41	28	2	68	44	11	54	99	67	25	59	78	48	
95	40	31	50	43	53	100	42	79	95	20	80	43	74	51	5	29	55	87	84	
54	83	28	96	75	21	11	27	49	4	7	15	67	10	79	80	97	1	18	29	
64	58	60	42	31	93	10	91	51	19	90	33	40	73	86	78	42	2	98	50	
88	58	25	45	37	95	22	18	21	35	10	2	91	89	85	15	15	58	95	6	
38	18	1	87	82	56	47	23	63	100	64	9	56	19	48	48	34	38	72	77	
On machine	9
62	95	50	96	73	23	92	85	74	60	5	65	93	77	51	11	75	12	34	50	
54	81	73	80	47	16	61	73	66	55	33	87	14	1	63	89	28	97	65	19	
85	13	78	32	81	95	45	82	20	74	48	42	64	97	83	27	94	45	92	30	
98	29	53	68	96	6	20	73	34	46	42	51	73	30	70	40	84	5	11	58	
46	45	77	23	83	22	65	20	59	81	49	36	16	44	71	26	71	26	83	21	
51	28	18	33	55	82	74	48	83	95	91	66	17	55	59	61	78	68	66	51	
79	90	74	37	28	14	11	58	11	76	84	52	77	99	71	32	71	25	70	13	
90	49	85	24	48	69	65	6	86	29	9	28	42	5	85	26	15	2	12	66	
5	68	28	66	27	68	57	11	78	5	88	9	82	24	100	38	63	18	1	53	
94	92	39	51	84	5	29	79	16	47	38	57	69	18	94	53	20	4	8	81	
29	39	64	95	72	76	88	5	64	48	1	76	41	77	34	64	8	93	53	22	
36	61	27	32	45	85	44	9	53	66	70	14	77	83	52	9	16	59	42	54	
93	50	8	24	7	56	45	19	71	83	14	50	87	76	11	80	17	95	15	96	
45	12	99	35	27	43	86	40	90	23	28	23	80	21	97	29	37	46	77	70	
30	77	85	20	45	24	58	84	50	18	7	74	1	7	76	9	93	97	69	69	
99	2	31	85	29	9	5	89	99	2	25	10	79	76	21	18	32	58	30	76	
90	72	68	69	46	76	60	21	26	12	99	75	47	89	59	56	23	89	90	47	
42	45	14	10	50	7	34	81	30	68	26	47	45	24	33	38	85	10	80	69	
11	25	24	24	45	100	26	67	14	85	99	63	15	62	29	51	88	92	4	65	
77	24	63	89	39	1	26	64	1	18	20	92	52	97	55	88	11	24	25	88	
On machine	10
100	10	12	79	100	37	1	39	34	45	49	25	36	79	20	17	4	63	9	59	
99	65	19	75	93	67	71	43	8	50	87	84	22	11	43	50	97	98	46	30	
64	97	37	73	15	20	89	27	22	21	20	41	43	99	25	45	79	14	54	92	
81	33	51	15	33	96	57	93	91	21	36	35	62	87	43	58	66	22	43	7	
52	82	100	43	8	40	2	3	27	80	29	32	54	84	94	83	9	71	54	80	
35	22	74	66	64	11	33	24	67	50	28	28	94	45	29	12	94	9	57	44	
63	9	68	39	26	80	79	88	67	21	42	79	65	39	13	4	19	14	48	67	
23	88	12	18	95	24	89	78	40	5	3	78	92	89	79	86	64	52	28	3	
90	71	38	94	82	96	64	47	85	41	56	32	13	21	85	99	5	46	3	51	
17	25	65	49	91	3	59	31	27	49	20	82	51	76	44	4	29	11	84	39	
47	4	83	59	33	3	46	86	71	19	88	17	50	25	85	55	52	28	53	61	
24	92	48	76	49	36	18	55	24	42	5	44	76	80	5	89	78	97	9	42	
36	2	89	14	87	94	26	52	84	48	25	14	80	27	53	55	77	34	54	45	
1	54	81	79	68	7	70	84	93	79	7	28	3	2	36	42	96	9	24	47	
11	52	18	89	22	3	22	56	86	25	93	37	49	19	23	6	74	47	99	18	
80	69	6	12	80	24	43	67	45	21	71	54	75	88	73	79	89	50	5	13	
29	20	70	42	14	55	80	18	96	82	88	13	11	13	72	80	9	41	41	20	
20	33	69	95	66	17	91	48	30	34	22	82	74	4	97	18	4	25	19	6	
28	86	74	75	25	38	9	90	47	14	17	17	91	70	89	8	56	62	9	77	
50	24	39	22	71	4	1	95	36	79	6	35	78	43	61	5	32	52	80	41	
Reldue
-1	1235	-1	-1
-1	1898	-1	-1
-1	1883	-1	-1
-1	1934	-1	-1
-1	1202	-1	-1
-1	2027	-1	-1
-1	1541	-1	-1
-1	1549	-1	-1
-1	1649	-1	-1
-1	1528	-1	-1
-1	1360	-1	-1
-1	1382	-1	-1
-1	2420	-1	-1
-1	2197	-1	-1
-1	2410	-1	-1
-1	2274	-1	-1
-1	1160	-1	-1
-1	1865	-1	-1
-1	1375	-1	-1
-1	1339	-1	-1
