Families	20
Machines	20
MaxSetupTime	50

Number of Jobs in each Family
1	8	9	8	3	2	4	8	3	4	7	5	9	9	7	3	6	8	2	7	

Jobs in each Family
0	
1	2	3	4	5	6	7	8	
9	10	11	12	13	14	15	16	17	
18	19	20	21	22	23	24	25	
26	27	28	
29	30	
31	32	33	34	
35	36	37	38	39	40	41	42	
43	44	45	
46	47	48	49	
50	51	52	53	54	55	56	
57	58	59	60	61	
62	63	64	65	66	67	68	69	70	
71	72	73	74	75	76	77	78	79	
80	81	82	83	84	85	86	
87	88	89	
90	91	92	93	94	95	
96	97	98	99	100	101	102	103	
104	105	
106	107	108	109	110	111	112	

Total number of jobs
113

Processing times of jobs
1	5	3	1	7	5	5	9	9	2	7	9	2	10	5	6	1	9	7	1	
4	9	5	8	1	5	2	3	4	8	6	4	8	2	7	3	8	1	7	6	
2	10	7	8	2	9	10	3	1	6	9	5	8	3	1	2	4	7	10	6	
3	10	3	6	4	4	10	2	7	7	8	5	10	10	3	10	1	9	7	1	
6	8	1	1	9	10	6	9	9	3	6	1	9	5	2	9	10	10	10	4	
10	1	6	7	7	9	9	10	6	2	5	9	9	10	3	10	10	8	3	1	
10	3	1	2	8	8	9	5	5	9	6	2	5	1	5	2	6	2	5	9	
10	8	2	3	1	2	8	9	10	4	9	7	1	3	1	9	8	10	4	7	
9	6	1	9	6	5	4	3	1	8	9	8	1	8	4	1	4	5	8	1	
3	10	7	5	5	9	3	1	4	5	1	10	4	3	8	3	5	2	6	10	
8	2	10	7	9	8	9	5	6	3	6	8	10	6	4	1	5	1	6	6	
6	9	10	3	6	7	8	1	5	3	7	4	7	9	3	7	9	2	3	10	
1	7	2	7	10	1	10	10	6	7	10	3	3	5	2	2	3	9	5	2	
2	1	8	9	3	8	8	4	4	2	2	5	9	2	10	7	2	1	8	5	
6	7	5	9	6	3	1	2	10	2	2	3	2	7	5	6	1	7	1	3	
2	7	8	1	5	2	7	3	9	1	5	7	1	5	2	6	5	7	10	10	
9	1	5	5	8	10	2	3	6	5	7	5	6	6	7	10	1	4	9	5	
1	1	8	5	8	6	9	3	2	1	8	10	7	1	2	4	10	2	6	9	
3	4	3	4	3	10	6	8	1	2	6	5	6	7	7	5	3	3	2	3	
6	10	2	6	5	8	9	2	4	2	5	2	7	2	9	5	7	9	5	4	
1	3	10	1	9	8	3	3	9	6	3	10	8	1	1	3	8	10	7	2	
9	10	4	4	5	2	3	8	3	7	5	9	5	8	8	9	2	8	1	5	
2	8	2	10	9	7	6	9	3	8	7	9	10	2	4	6	7	1	4	3	
2	4	5	8	9	2	4	4	9	5	2	7	2	4	5	8	2	2	4	6	
6	9	3	2	6	3	3	9	10	3	4	6	2	2	10	9	9	3	4	3	
2	3	6	2	8	3	3	7	9	7	8	6	1	5	7	10	3	6	1	4	
6	9	6	5	7	6	6	6	6	5	4	5	7	1	3	7	1	6	5	8	
9	7	8	6	1	3	3	3	10	2	8	2	1	1	7	5	10	5	4	1	
10	7	3	1	1	7	5	7	4	1	4	9	5	2	4	4	10	8	10	9	
10	10	1	3	4	6	8	1	5	6	7	7	9	4	2	6	2	6	6	8	
6	10	2	10	5	2	6	5	5	2	2	4	10	7	4	9	2	7	5	8	
6	9	7	2	5	2	1	2	9	6	7	4	7	5	2	4	7	5	9	7	
9	2	8	1	6	9	1	10	6	5	4	6	2	4	5	1	1	6	1	4	
8	10	1	4	1	10	6	10	3	8	10	1	3	6	8	10	4	6	10	1	
10	8	6	6	4	4	5	3	2	1	7	10	8	10	9	9	5	5	7	7	
2	10	6	3	7	6	6	7	4	10	8	5	5	4	3	9	3	8	3	8	
6	1	8	8	2	8	7	1	2	2	5	5	10	7	5	3	9	2	8	4	
1	8	8	9	4	1	2	3	5	10	5	10	2	3	8	8	1	1	1	8	
4	6	3	4	8	10	2	2	7	8	1	7	6	1	6	6	6	5	4	8	
5	5	4	9	8	2	5	8	5	2	6	8	7	5	1	7	7	10	6	7	
3	5	10	1	3	3	9	9	4	3	3	10	6	5	3	8	1	1	1	5	
4	1	7	3	1	4	2	4	7	5	6	3	3	9	5	10	9	10	5	7	
8	8	10	2	5	10	4	6	9	7	10	1	6	4	3	4	3	1	7	7	
4	5	8	4	2	8	8	1	9	6	8	9	2	7	3	3	4	9	7	3	
5	9	7	9	4	2	7	1	2	6	5	5	1	8	5	2	3	4	10	1	
10	5	4	6	7	5	1	3	3	6	8	5	10	2	10	8	6	5	10	9	
4	5	5	6	8	9	1	10	7	5	1	5	2	5	10	4	8	8	4	8	
5	9	6	5	6	1	4	6	10	6	3	6	3	2	3	6	5	7	5	6	
4	7	7	9	2	5	5	10	9	5	1	10	9	4	9	1	9	1	7	3	
2	7	1	4	3	7	3	4	8	8	10	8	6	10	3	10	7	8	5	9	
9	7	5	8	1	2	8	1	8	3	7	8	10	9	5	9	6	3	4	4	
5	5	7	1	7	8	1	10	5	1	4	10	9	9	4	6	2	3	1	9	
5	1	8	8	4	9	3	2	10	4	3	2	5	6	1	2	6	6	3	7	
8	9	5	10	9	9	4	10	5	3	5	4	4	3	7	10	9	3	7	6	
6	7	10	4	2	2	7	5	6	9	2	8	7	3	3	5	8	8	5	2	
7	5	8	7	2	10	4	6	2	6	10	10	8	6	5	5	7	6	3	7	
10	1	7	1	7	7	2	10	3	4	9	3	9	6	9	6	1	3	1	7	
6	9	5	5	4	8	9	9	8	8	3	2	3	7	7	1	3	1	9	5	
6	6	7	1	9	10	3	8	9	2	2	8	5	3	2	1	5	9	8	1	
10	7	6	2	4	5	7	4	7	2	6	5	3	10	5	4	3	10	7	9	
7	10	4	2	1	1	4	2	8	2	1	7	7	4	10	4	1	2	4	5	
8	8	5	4	8	1	9	10	1	4	8	4	6	3	9	9	1	4	6	10	
7	4	2	7	6	6	2	10	5	3	7	6	6	3	4	4	6	4	1	2	
7	5	5	6	2	4	10	8	4	1	9	9	2	4	6	7	4	3	9	4	
8	6	4	7	2	7	7	4	9	9	10	9	3	6	10	2	7	4	5	6	
10	3	8	7	6	6	2	8	10	8	8	1	8	10	5	2	5	8	10	7	
5	10	5	1	2	8	6	9	9	8	9	8	10	9	7	6	10	6	10	1	
2	4	8	1	6	8	2	6	5	9	8	4	7	2	9	9	4	8	6	2	
2	3	9	9	4	7	8	8	7	1	4	7	5	2	4	2	7	7	8	7	
5	6	4	10	9	4	2	4	6	2	3	10	7	2	1	8	5	3	7	10	
3	7	9	7	10	1	1	1	8	6	1	6	6	5	10	9	10	7	2	4	
2	1	5	8	5	9	1	3	8	7	1	3	7	2	9	7	3	1	7	10	
8	4	4	2	2	8	7	3	5	9	8	6	6	7	8	9	3	1	9	5	
10	4	8	9	3	3	5	9	1	2	3	9	4	4	4	9	7	5	9	4	
2	6	2	8	8	4	6	1	2	6	9	10	6	5	4	3	4	3	8	8	
8	3	6	8	10	7	1	7	10	4	8	8	9	9	9	8	4	3	7	9	
6	5	3	9	8	5	9	2	7	1	5	5	1	6	2	7	4	3	7	10	
5	8	5	4	9	8	5	7	10	4	1	1	2	9	7	4	4	5	6	10	
8	3	1	10	10	9	5	2	6	6	3	4	5	5	1	9	1	7	4	1	
4	10	8	4	7	8	3	1	3	8	6	1	5	2	3	9	4	10	6	1	
6	1	6	1	3	6	6	4	1	4	2	5	3	4	5	6	3	8	10	7	
10	8	3	5	1	5	2	9	4	1	3	5	8	3	9	4	3	5	9	2	
7	5	6	7	5	9	6	5	2	8	3	3	7	7	9	6	2	2	10	5	
4	7	3	9	1	9	9	8	8	1	3	5	5	4	9	1	6	9	6	1	
5	8	5	7	1	7	3	2	6	1	10	6	8	1	1	3	5	6	8	2	
2	4	8	8	7	1	3	6	1	2	3	5	6	7	10	8	6	8	2	1	
5	8	4	6	7	5	9	4	10	5	9	8	4	9	7	6	6	2	4	10	
8	10	2	8	4	2	10	5	3	2	3	6	8	2	10	5	2	3	1	2	
5	10	4	9	4	9	6	4	2	3	6	9	1	4	6	10	9	10	8	6	
1	9	7	2	5	6	2	5	5	6	2	7	6	10	4	3	5	9	10	7	
3	3	5	3	8	1	6	6	6	9	5	2	7	8	10	7	9	10	6	7	
3	9	3	7	8	8	10	3	7	2	3	2	3	1	6	3	7	8	6	1	
9	2	4	3	5	1	4	3	9	10	10	10	9	7	7	3	1	10	8	10	
9	7	5	2	6	9	8	9	2	3	10	4	8	10	4	4	3	9	10	3	
3	4	1	7	4	8	5	1	6	1	2	9	5	6	8	8	9	9	3	9	
3	4	7	3	4	9	4	9	7	6	4	1	7	8	4	10	10	7	10	3	
7	2	3	4	9	7	9	7	9	5	5	1	9	6	10	3	7	8	9	8	
8	10	3	6	9	9	5	5	1	7	1	1	8	5	4	8	8	6	4	6	
8	2	7	8	7	5	9	10	8	10	9	10	5	6	5	10	1	9	9	8	
3	6	2	1	8	7	6	1	9	4	4	9	8	3	1	5	6	2	6	3	
3	8	9	10	10	4	2	7	8	5	9	9	2	7	2	5	8	3	7	3	
3	7	7	8	10	4	4	10	1	10	8	3	10	10	1	1	1	7	8	7	
2	8	7	6	7	1	3	6	10	4	3	8	3	1	8	2	7	7	2	10	
6	7	8	2	3	7	7	9	4	4	10	2	1	9	9	2	5	8	4	7	
1	10	7	9	6	9	4	7	9	3	6	6	4	6	5	4	9	8	1	1	
2	1	8	9	4	10	9	4	5	4	5	3	8	6	3	5	3	5	3	4	
1	2	9	8	8	10	3	3	5	8	5	9	5	6	4	1	9	3	8	2	
4	7	7	10	4	8	5	10	10	9	9	1	7	8	4	4	10	1	4	2	
2	3	8	6	10	8	8	1	4	7	1	10	1	6	4	3	3	4	6	7	
7	8	5	10	5	5	10	4	3	8	9	3	9	7	10	9	1	7	1	8	
2	7	7	2	5	9	8	7	4	4	10	3	3	6	6	5	3	4	8	10	
2	5	7	7	7	8	9	1	5	10	1	6	9	7	10	10	7	7	10	10	
5	8	2	7	7	6	2	8	7	2	9	8	7	5	2	4	4	3	9	8	

Stepup times between family, where [f][f] represents initial setup time
On machine	1
5	48	42	46	35	1	41	4	26	7	14	46	4	29	31	21	41	1	45	39	
32	35	38	7	46	17	31	37	22	6	43	31	44	21	11	20	8	12	34	40	
23	48	48	46	7	26	26	50	35	46	27	39	10	17	19	13	33	6	32	14	
42	49	33	5	6	48	49	29	46	26	31	9	2	24	7	32	27	43	46	5	
10	28	34	21	42	42	6	15	45	49	49	46	14	14	16	28	43	9	14	37	
4	24	10	14	46	50	14	18	17	9	47	14	18	43	10	43	20	50	18	34	
42	32	13	6	29	43	18	14	23	12	16	4	30	3	32	17	40	37	14	43	
15	45	19	42	33	9	37	10	8	18	24	7	42	46	3	28	15	18	26	42	
30	26	37	6	34	45	36	23	29	44	31	3	16	40	32	16	41	43	18	40	
27	19	4	4	42	26	24	20	38	26	8	7	13	50	32	26	12	13	13	6	
22	42	13	27	38	34	41	34	17	37	41	22	27	44	28	7	23	45	16	49	
42	50	36	9	39	13	25	35	7	42	3	31	48	43	47	38	40	42	14	15	
8	33	45	11	49	10	14	11	25	8	44	28	23	7	14	29	33	5	12	50	
31	14	2	12	20	33	5	48	43	29	42	39	39	29	7	22	43	22	41	25	
44	14	20	40	40	49	26	41	9	4	5	48	31	49	30	37	30	16	6	30	
29	6	8	47	12	3	15	3	14	16	48	46	49	41	32	17	32	39	37	31	
25	44	18	33	24	41	37	10	43	40	29	3	40	15	8	27	35	22	25	6	
44	31	16	39	33	39	1	44	50	26	38	25	15	16	45	31	4	24	20	4	
39	38	41	33	30	4	15	39	24	37	31	4	50	16	13	26	26	2	44	3	
40	9	37	9	15	5	36	3	47	25	16	26	45	46	35	23	27	32	3	16	
On machine	2
4	38	44	36	14	20	43	23	41	17	12	50	8	17	15	34	25	5	13	14	
1	37	40	16	27	39	38	46	7	25	45	21	41	37	16	38	10	21	26	25	
41	31	44	12	21	49	6	35	8	39	24	44	14	3	35	14	28	7	5	29	
46	14	29	18	19	4	10	44	47	48	35	40	43	27	44	2	24	18	20	6	
24	9	39	1	9	28	32	18	8	35	4	20	47	44	13	44	19	10	7	38	
9	43	48	35	32	32	28	26	16	32	2	5	23	44	37	2	34	7	23	22	
19	29	33	8	7	50	31	23	22	3	31	21	33	24	2	16	31	16	32	10	
15	23	35	9	32	22	7	33	41	22	25	34	39	28	35	36	14	48	33	38	
14	26	44	43	38	9	34	11	1	40	42	27	45	43	34	49	23	7	48	47	
10	5	15	29	44	19	4	19	11	47	17	41	46	26	18	49	44	31	19	40	
27	23	16	9	6	5	5	27	28	48	34	12	23	49	23	8	12	47	26	1	
19	41	37	22	4	25	50	48	16	42	37	15	10	41	25	43	3	42	12	45	
39	39	24	49	38	50	20	14	9	48	20	11	46	42	14	40	1	38	4	1	
49	21	46	26	34	24	14	24	33	18	20	16	48	42	8	1	25	6	36	46	
46	43	39	35	28	40	46	36	3	4	40	45	34	9	19	16	44	20	5	10	
17	29	11	38	16	38	47	29	8	30	3	34	29	9	33	44	29	39	10	27	
4	46	33	34	50	23	7	43	44	22	16	20	1	23	50	46	46	25	33	48	
28	21	37	24	42	41	29	34	2	13	20	45	42	47	25	17	43	15	38	22	
30	35	10	43	39	11	4	21	9	50	23	27	44	13	22	33	37	2	14	48	
25	45	5	37	28	25	40	28	6	35	9	30	42	17	19	3	7	34	9	47	
On machine	3
9	5	46	20	35	12	50	38	43	1	39	32	16	17	14	14	11	7	14	43	
12	41	33	38	50	39	49	43	21	5	17	20	50	35	32	28	27	8	28	10	
16	28	25	9	24	8	26	7	24	13	2	7	48	11	14	42	10	16	14	49	
5	35	21	47	50	41	47	42	5	40	36	47	13	33	8	12	32	26	2	41	
10	12	19	23	28	42	28	11	14	5	3	9	42	2	27	28	14	38	7	6	
45	24	10	3	46	47	47	49	34	49	31	19	23	14	50	40	16	19	8	20	
24	21	9	22	9	20	39	15	30	46	36	32	50	7	50	2	18	46	35	22	
11	1	31	37	48	48	32	2	47	16	21	2	23	47	4	18	32	19	7	36	
43	4	20	30	35	6	22	3	38	38	13	44	27	48	17	31	41	45	15	20	
49	49	9	19	8	27	38	37	29	5	2	8	28	28	43	35	26	3	18	19	
1	20	15	31	14	50	41	23	10	45	11	40	16	5	19	42	44	48	14	33	
37	19	35	34	32	34	21	15	26	4	32	31	7	21	9	11	14	40	14	50	
36	26	49	45	23	11	28	33	36	13	50	15	9	2	10	49	8	16	2	19	
2	28	31	40	20	38	15	48	50	12	26	38	50	40	34	22	23	48	5	39	
35	2	35	43	36	40	27	11	40	43	47	8	23	49	45	28	19	49	35	14	
13	25	48	17	25	23	17	24	2	45	9	22	12	4	47	21	9	16	37	50	
50	21	50	49	33	43	23	9	28	29	4	42	9	48	39	40	5	34	38	48	
18	17	11	37	6	32	5	42	45	7	1	11	38	18	3	7	41	31	49	42	
3	50	45	36	38	19	16	2	15	26	10	45	46	7	24	20	29	2	40	38	
5	34	14	44	23	36	17	10	47	22	43	22	45	18	49	46	40	11	19	28	
On machine	4
21	8	32	41	26	7	13	17	25	20	35	49	26	3	5	9	14	13	29	45	
18	28	10	18	39	12	18	47	28	38	6	32	34	6	20	3	30	18	29	13	
7	48	45	44	48	9	27	43	12	37	29	38	3	44	18	1	16	47	27	23	
9	32	40	47	50	6	9	11	36	50	50	33	19	38	13	21	39	21	30	39	
36	16	39	41	37	33	41	2	10	12	48	17	9	8	7	14	49	50	19	16	
44	13	31	9	6	25	23	43	6	48	17	27	44	23	17	1	9	49	34	40	
16	44	13	49	28	45	39	38	10	28	49	15	37	26	50	8	18	27	18	33	
11	13	31	45	13	6	22	23	38	7	25	16	35	47	18	44	36	4	42	29	
3	48	31	14	18	12	43	37	16	43	45	31	20	38	49	19	36	4	48	48	
40	31	35	44	15	7	9	9	31	39	41	20	43	11	40	46	45	4	4	36	
27	32	4	40	8	7	8	27	38	20	38	14	45	49	7	37	18	11	1	24	
48	29	17	4	34	20	36	39	49	30	45	37	38	30	40	33	36	32	4	12	
38	49	20	2	24	27	37	45	11	34	3	33	7	35	48	38	1	3	48	8	
19	48	24	9	44	39	35	11	2	36	47	15	27	37	33	37	19	21	21	33	
36	44	30	17	29	5	31	16	7	48	50	16	10	30	31	25	3	17	35	35	
47	45	33	42	13	38	21	10	12	49	4	35	43	15	20	38	18	21	29	42	
43	18	33	2	40	2	39	20	37	43	14	43	3	10	25	8	24	12	24	35	
1	5	49	37	46	11	16	24	44	34	44	33	18	37	21	25	3	15	37	47	
7	10	5	4	46	25	10	46	22	11	27	50	26	38	9	37	15	42	8	13	
47	19	22	6	48	7	2	44	47	14	45	49	11	16	46	44	50	24	27	44	
On machine	5
27	14	47	26	30	45	18	20	22	4	22	15	36	25	9	35	12	41	30	46	
12	5	15	29	37	17	1	39	40	43	23	33	37	42	18	27	41	50	46	8	
16	45	26	36	5	6	5	47	6	14	7	42	36	40	35	1	49	23	22	10	
28	24	16	2	2	31	7	8	35	8	16	41	19	12	2	48	21	12	34	11	
4	20	34	38	37	19	27	29	8	27	7	1	24	28	37	40	8	12	12	38	
47	35	31	10	34	25	6	49	29	29	14	24	12	6	2	4	19	19	50	19	
27	44	32	40	22	33	30	21	39	6	40	8	9	10	8	50	24	33	34	11	
21	26	48	32	4	5	19	4	28	26	11	30	21	48	1	29	33	8	5	42	
1	8	34	32	31	30	36	19	22	30	26	44	15	19	44	36	32	24	26	22	
20	3	2	39	21	27	50	33	36	2	31	7	32	24	25	41	2	50	4	41	
21	20	5	26	36	43	25	9	48	8	45	42	40	35	47	5	35	33	3	30	
33	8	49	43	3	3	22	35	15	30	41	29	37	5	5	44	11	22	42	4	
13	12	50	14	22	49	14	11	50	23	45	37	21	35	11	31	10	31	41	12	
11	22	23	30	3	12	8	6	12	33	30	19	29	26	39	20	5	45	40	17	
5	24	10	37	29	28	19	44	18	29	6	17	44	29	15	13	10	28	39	42	
33	28	46	6	46	19	44	6	43	19	25	43	23	12	1	48	50	3	36	39	
16	24	3	3	4	6	33	29	33	33	17	31	31	39	26	33	41	50	34	17	
30	3	31	46	9	43	45	40	21	14	41	29	11	7	30	9	48	50	48	23	
30	1	26	46	43	50	18	7	31	19	29	35	16	40	28	24	34	3	47	35	
16	30	20	29	21	2	7	49	9	26	12	25	5	32	23	4	26	3	15	7	
On machine	6
47	30	22	20	14	38	6	29	12	15	2	49	3	48	28	22	27	48	41	18	
10	30	29	23	42	39	16	19	11	27	37	13	48	44	10	39	3	29	20	40	
9	31	49	44	43	35	24	48	29	4	42	37	40	4	7	32	34	2	42	7	
15	46	45	29	46	3	14	29	2	48	29	2	2	17	26	47	31	15	20	43	
1	24	35	36	41	2	9	34	23	49	25	5	12	3	43	16	17	8	37	5	
10	21	14	22	43	32	38	18	45	35	31	38	49	43	6	37	49	7	36	45	
44	4	23	41	38	45	9	44	36	19	19	38	22	22	7	33	30	26	36	42	
30	20	36	8	31	7	26	15	12	1	1	44	5	38	38	42	14	29	9	26	
5	7	7	42	23	30	14	2	45	19	50	9	11	38	11	31	1	29	28	37	
34	39	46	16	48	46	40	6	26	38	13	45	42	22	50	33	35	7	48	7	
11	36	25	37	34	23	25	32	10	11	15	29	20	11	41	36	16	31	1	46	
37	8	38	21	19	42	37	10	22	14	46	24	29	1	36	9	42	46	41	22	
12	32	19	21	14	32	35	22	30	29	6	8	50	7	48	50	42	6	42	47	
41	24	13	18	49	42	41	42	38	42	26	36	15	19	15	45	3	18	11	11	
20	30	6	26	29	17	30	17	7	5	24	11	35	29	48	42	40	9	39	7	
1	14	40	46	14	43	47	31	48	49	23	45	41	18	47	9	16	11	5	41	
23	43	38	6	3	48	50	21	7	50	20	6	4	13	31	5	47	41	6	8	
40	1	23	29	10	13	7	26	32	35	32	22	5	3	14	38	32	24	38	13	
17	31	30	1	7	2	3	42	25	21	3	40	49	44	37	5	48	39	41	18	
11	5	17	48	3	50	18	16	7	18	27	39	11	45	20	40	13	1	30	48	
On machine	7
16	9	48	41	48	38	19	16	47	9	5	41	5	39	16	39	13	34	39	20	
21	31	15	4	7	8	2	46	25	20	19	23	32	6	20	22	42	8	47	3	
36	29	40	27	17	41	42	14	21	36	21	18	20	25	22	7	48	28	49	20	
4	33	24	11	15	50	48	44	38	5	43	39	29	11	16	47	2	19	16	5	
5	11	2	21	33	20	38	48	32	24	34	31	11	40	46	33	17	22	43	3	
3	38	19	19	13	16	34	20	38	2	46	39	17	19	12	18	26	18	36	4	
7	29	14	49	39	6	41	47	49	45	26	22	39	33	39	43	5	3	34	10	
32	32	39	37	9	33	37	27	13	8	45	13	7	22	41	28	38	16	9	23	
13	36	27	42	48	5	42	23	32	45	7	50	36	31	37	38	9	40	14	47	
37	32	13	40	23	22	14	20	43	29	4	6	9	1	31	48	9	20	7	44	
37	20	37	18	50	15	6	4	44	38	24	11	44	42	26	49	49	47	43	21	
28	40	48	29	38	24	15	30	45	2	42	34	41	9	46	25	18	15	4	19	
2	3	30	6	29	10	20	8	3	38	12	41	9	43	47	41	2	5	43	19	
45	7	41	32	4	23	39	41	21	27	28	36	40	31	33	37	19	9	31	7	
2	39	11	16	9	48	16	48	6	44	31	41	28	25	31	10	3	1	49	32	
25	24	2	42	31	46	47	31	6	41	42	37	21	49	7	35	39	14	9	27	
34	48	29	32	31	31	18	46	27	48	35	42	5	17	11	16	14	24	27	30	
21	9	46	47	27	46	24	32	23	35	16	38	29	4	15	17	33	17	15	8	
23	1	40	16	29	41	18	13	13	24	20	27	11	48	1	3	35	31	31	48	
19	27	24	14	11	3	29	38	42	35	18	33	46	38	6	15	18	45	17	14	
On machine	8
24	30	4	50	7	29	27	9	6	9	27	47	5	40	1	38	40	14	3	34	
50	41	7	14	5	40	28	1	10	11	17	16	20	22	10	28	37	10	13	6	
3	35	36	35	33	28	50	20	13	28	49	49	34	35	40	19	49	37	44	16	
7	50	5	28	27	14	10	1	19	41	48	49	50	42	7	8	41	15	47	7	
6	41	50	43	16	34	19	21	47	18	8	42	25	19	1	2	22	22	49	30	
50	37	10	1	6	49	42	31	46	49	34	47	44	6	33	25	36	14	11	50	
10	7	12	13	23	31	28	6	13	50	23	48	39	9	41	25	32	9	26	1	
36	46	44	11	20	12	30	32	2	31	22	13	22	23	31	40	11	19	28	16	
35	42	37	19	12	39	30	28	35	20	5	33	49	9	15	33	31	3	1	44	
36	29	41	8	22	10	49	4	42	43	43	9	12	42	6	4	25	22	28	11	
23	16	48	1	25	47	31	20	6	14	41	3	26	37	50	17	26	36	42	13	
34	45	8	39	21	12	41	33	37	3	40	12	34	46	3	27	18	24	12	16	
17	35	45	31	47	5	39	46	17	7	37	47	49	28	44	26	45	32	14	4	
31	4	16	1	3	48	28	6	33	25	7	43	32	44	3	44	7	8	20	25	
23	23	13	12	5	13	24	3	37	22	47	44	41	4	34	30	22	7	37	15	
14	4	39	20	5	48	43	34	46	7	24	11	45	25	1	43	46	42	19	20	
39	47	33	42	31	22	40	5	44	32	44	22	25	47	17	50	11	30	36	8	
2	47	19	36	24	49	39	45	15	47	25	28	47	26	19	28	23	46	9	1	
29	49	44	38	13	10	32	46	15	15	21	49	11	12	10	18	25	34	47	11	
13	14	45	49	12	43	13	17	24	19	21	17	19	43	34	44	25	13	10	7	
On machine	9
36	5	6	32	19	3	38	8	27	19	45	17	45	6	19	20	13	12	32	4	
11	12	42	45	49	1	37	3	46	24	41	15	17	14	23	15	18	18	18	12	
20	42	38	25	4	40	25	41	13	5	40	49	32	3	1	8	47	21	44	43	
30	35	14	20	28	16	45	4	4	41	5	29	41	10	9	9	31	38	12	9	
5	2	48	19	12	18	18	1	34	46	12	39	15	27	48	11	19	32	6	18	
47	28	2	15	1	7	9	21	45	27	15	50	6	33	17	36	36	46	42	22	
46	28	14	33	12	47	19	31	7	13	5	3	39	50	42	32	35	39	7	36	
42	21	20	38	42	41	40	46	21	50	30	17	22	22	26	12	9	47	3	40	
44	35	44	25	30	40	49	12	26	7	39	3	7	44	26	49	48	21	35	31	
33	36	30	20	41	27	29	25	29	3	49	29	2	25	26	24	25	35	15	14	
1	50	3	20	27	23	24	46	42	37	25	42	28	30	43	7	41	3	14	38	
44	36	38	39	27	50	10	7	49	49	15	45	26	44	4	44	43	27	29	20	
14	45	43	34	30	40	46	26	35	8	11	36	37	27	35	44	6	34	43	25	
34	37	20	36	29	15	28	30	11	23	20	18	15	1	49	23	7	20	36	43	
15	11	44	8	17	8	20	25	29	8	38	1	38	15	28	46	21	6	11	45	
41	35	2	1	11	30	37	1	12	39	29	25	33	23	31	8	24	7	9	18	
36	31	43	3	10	39	38	23	3	36	18	26	25	42	18	38	36	7	33	32	
45	16	31	24	49	19	38	35	27	9	29	15	6	48	1	2	2	20	11	44	
19	3	4	49	50	48	20	31	38	16	43	16	46	48	35	23	19	14	38	21	
23	41	32	10	15	38	6	40	13	6	14	44	21	5	17	12	48	50	36	31	
On machine	10
41	40	20	46	24	3	32	48	35	35	14	29	38	26	47	45	11	30	12	35	
23	42	33	17	30	6	34	2	16	19	50	33	35	28	10	45	23	7	23	19	
30	6	40	44	14	26	45	19	42	9	22	12	8	36	22	43	27	11	17	37	
34	38	49	17	2	2	13	34	16	45	43	32	27	17	29	32	48	50	33	48	
13	33	8	6	22	48	46	10	31	14	49	21	41	12	46	9	10	46	40	10	
15	34	18	3	27	33	48	35	25	49	25	14	17	4	35	36	21	50	36	27	
32	7	6	24	47	41	26	20	37	43	6	20	3	18	40	2	48	30	3	41	
33	27	26	34	23	2	9	19	10	26	21	14	15	31	49	42	41	31	13	19	
48	14	10	22	14	50	15	47	26	13	3	49	23	47	12	27	2	29	26	45	
33	48	22	50	8	7	12	44	29	11	2	15	18	1	8	33	3	13	50	1	
9	24	13	49	19	3	49	32	6	24	39	23	8	11	28	9	28	4	46	5	
33	6	33	37	44	5	34	2	26	30	25	10	8	1	15	10	19	42	35	26	
4	37	22	37	40	43	16	10	9	15	22	50	24	14	30	17	33	21	25	16	
39	30	9	8	33	45	43	14	40	41	45	23	22	37	44	24	32	12	8	34	
6	4	47	49	36	15	16	31	10	15	28	47	48	40	40	20	21	35	14	26	
50	24	18	46	46	6	33	48	1	8	14	27	2	30	27	35	22	48	4	19	
12	1	38	50	41	46	41	17	6	42	34	16	10	8	14	13	40	33	18	1	
11	22	7	28	24	14	29	50	16	15	42	37	20	19	40	46	14	2	13	28	
7	40	6	8	24	29	17	41	21	26	4	20	23	23	19	36	24	43	34	48	
50	39	8	32	20	8	1	13	13	12	42	22	4	29	5	33	21	13	15	28	
On machine	11
48	24	14	36	3	29	15	45	50	31	7	50	16	19	33	38	23	48	16	25	
29	30	13	43	36	2	16	40	49	21	15	21	30	20	3	41	50	12	15	44	
2	10	6	33	49	10	18	2	34	16	22	29	26	36	32	20	16	35	14	40	
40	36	23	31	21	44	13	9	31	25	47	11	46	16	36	35	34	19	9	26	
3	19	37	26	40	1	8	34	11	1	23	38	12	35	9	13	25	49	26	14	
13	43	13	35	42	18	13	4	4	21	4	31	39	50	47	49	48	8	48	4	
9	10	18	31	11	13	35	46	27	39	33	18	3	11	49	13	49	46	45	11	
35	15	44	16	22	19	13	37	28	26	17	50	7	32	13	16	31	39	12	37	
33	11	4	45	40	15	15	12	33	32	45	49	20	30	49	1	30	7	13	9	
30	28	10	29	33	49	49	2	29	29	27	49	10	2	9	22	4	17	49	42	
45	25	17	21	50	25	20	35	9	34	22	40	4	14	4	15	21	15	30	47	
16	12	36	18	34	19	20	39	10	34	2	25	36	22	24	47	27	10	24	10	
29	30	11	2	48	44	2	16	1	11	32	31	19	4	7	15	24	4	4	28	
14	18	19	41	46	8	42	4	46	17	16	20	39	38	36	22	18	37	15	45	
8	24	26	39	23	35	44	14	42	41	8	23	44	34	37	49	7	19	20	11	
41	12	34	48	44	49	25	39	49	16	7	26	49	18	13	1	8	5	5	4	
15	42	3	24	25	28	39	34	42	16	44	9	46	4	14	26	21	5	21	13	
31	35	42	48	34	34	21	20	9	22	9	42	32	12	5	19	8	27	36	5	
31	30	44	44	23	33	36	14	11	24	49	39	35	46	1	29	10	20	2	29	
8	32	6	2	8	45	3	7	17	48	23	41	33	5	5	11	40	35	23	26	
On machine	12
30	6	31	36	8	8	12	26	30	47	27	1	7	46	50	39	39	41	5	5	
20	36	24	3	14	21	46	9	16	19	22	28	40	46	36	8	14	14	11	7	
37	20	13	10	9	19	42	17	5	30	31	13	27	19	50	10	2	26	19	25	
37	2	35	38	37	19	32	49	2	10	14	34	47	12	48	42	23	24	22	5	
37	33	38	5	27	23	7	19	31	12	39	45	10	5	30	41	27	14	19	16	
46	24	26	44	16	16	41	30	25	38	3	29	35	49	3	23	32	4	5	1	
27	49	44	36	34	21	3	46	35	11	13	37	4	26	9	42	34	17	27	41	
22	18	48	30	27	11	8	2	33	4	35	24	9	30	36	22	21	6	31	34	
49	12	2	17	38	40	2	41	41	47	5	2	6	50	45	46	8	33	30	20	
46	35	14	32	16	29	11	41	7	21	31	34	20	32	26	35	4	43	1	19	
47	6	36	25	18	28	5	33	20	43	21	35	1	14	50	16	42	31	25	42	
8	29	1	20	9	34	50	27	42	37	10	40	8	48	32	4	3	13	48	19	
2	41	33	11	16	6	50	44	21	20	46	47	33	20	6	44	2	40	21	43	
12	2	12	14	26	7	14	30	45	20	3	50	17	41	8	12	10	23	35	30	
6	36	47	11	21	17	20	20	9	23	33	4	47	14	30	16	11	14	29	36	
32	47	41	17	42	14	16	6	17	13	15	7	23	43	38	25	39	18	30	1	
49	33	10	42	41	27	39	34	48	48	16	31	17	30	26	6	1	18	29	26	
44	10	12	47	13	32	3	45	38	5	39	31	15	9	22	21	43	10	43	31	
42	38	1	1	13	42	32	23	35	41	4	10	9	12	49	45	19	43	30	39	
49	31	45	25	34	26	24	12	45	6	9	49	43	3	9	15	11	34	50	6	
On machine	13
12	42	41	15	9	18	18	31	13	17	46	39	12	17	26	32	3	42	18	27	
23	17	4	14	30	3	6	16	1	43	41	46	28	30	26	11	28	32	28	34	
7	28	46	48	2	22	18	19	42	46	5	27	50	13	40	13	41	40	47	27	
43	12	25	11	3	26	44	27	42	9	38	14	14	4	5	5	7	11	10	41	
42	25	9	26	44	21	46	34	24	21	14	27	49	21	47	25	46	49	33	3	
17	4	6	35	28	6	33	46	43	44	46	24	33	13	48	40	10	40	5	43	
40	24	36	36	25	30	26	43	2	26	39	30	26	40	37	26	13	16	22	14	
25	1	38	25	34	5	17	29	12	7	38	9	47	37	7	23	9	47	21	32	
19	21	39	1	3	48	24	23	30	1	43	15	23	31	37	39	2	50	18	50	
18	35	32	21	6	29	16	1	32	18	11	45	18	47	32	48	7	9	9	1	
33	37	45	5	28	1	38	36	33	33	40	12	9	3	37	43	35	37	26	4	
2	17	37	49	22	30	20	46	13	26	15	38	23	49	49	33	16	17	44	26	
4	45	7	2	18	34	47	43	26	40	34	5	1	48	33	48	26	14	27	19	
9	23	41	7	5	36	18	36	50	17	45	8	7	37	31	6	47	25	42	39	
34	31	42	18	45	10	31	37	50	28	37	41	6	29	2	20	22	12	28	43	
24	9	46	47	46	48	35	40	28	22	25	1	48	9	42	3	43	43	44	13	
13	31	29	32	20	13	34	40	15	34	6	21	36	2	13	6	45	27	11	44	
35	45	28	15	35	36	50	42	10	26	11	38	12	50	10	48	50	46	49	37	
11	25	12	15	8	8	36	23	2	50	30	10	27	27	19	3	8	21	13	47	
13	35	44	9	21	9	2	8	37	28	6	35	37	24	36	19	28	25	21	23	
On machine	14
11	37	44	32	13	32	35	29	12	33	8	47	50	29	33	33	49	11	47	4	
46	26	24	5	23	39	44	5	1	9	36	36	15	36	40	44	41	10	49	50	
13	39	8	19	30	2	10	7	44	36	11	47	50	7	12	47	16	43	39	42	
44	42	2	2	33	21	40	6	6	34	17	3	11	26	38	35	24	18	31	4	
24	43	26	2	50	14	31	21	39	38	18	36	12	16	3	13	45	7	40	30	
43	50	17	47	23	2	45	11	8	25	4	11	8	23	26	50	37	25	25	23	
45	36	46	1	38	23	12	38	20	24	13	38	7	26	4	6	32	45	13	14	
31	11	38	43	15	11	50	8	43	47	9	22	43	46	8	5	37	19	12	37	
37	26	6	18	34	12	7	36	26	38	33	44	26	18	21	7	31	9	35	13	
32	32	19	10	3	19	21	12	13	12	6	30	13	49	23	1	14	12	7	33	
28	41	47	20	43	42	44	18	43	21	8	33	20	42	42	23	14	39	42	33	
25	15	4	18	15	20	15	19	46	14	13	35	7	31	1	1	11	19	19	27	
49	26	19	47	50	24	43	25	41	31	48	9	10	35	40	15	2	33	10	27	
5	36	18	18	48	41	38	17	46	37	5	41	23	36	48	6	40	43	47	33	
1	17	15	41	46	21	46	46	3	46	45	3	32	26	31	50	47	6	28	48	
42	27	6	26	33	22	16	37	40	20	35	16	44	35	36	30	49	35	17	10	
30	32	18	13	37	10	50	4	7	1	8	3	36	5	23	31	43	44	18	19	
50	25	30	18	12	17	19	14	36	11	21	24	12	8	26	21	9	21	22	14	
6	24	35	22	25	18	45	18	25	8	20	35	9	27	25	50	5	16	22	50	
5	47	29	21	19	22	10	21	38	19	40	42	10	28	49	35	22	48	25	29	
On machine	15
23	8	26	40	16	10	7	32	21	14	16	3	42	6	31	38	24	25	38	48	
24	27	44	21	42	22	36	22	49	31	1	9	16	22	47	42	13	19	29	19	
26	7	23	35	47	22	17	45	14	32	42	18	7	1	2	36	41	1	4	42	
25	25	12	43	23	45	9	2	17	10	5	34	27	49	11	41	11	46	27	17	
36	28	37	15	49	34	22	21	6	34	43	4	42	17	33	36	31	48	24	25	
46	16	30	46	45	46	10	27	23	12	9	35	49	20	41	39	26	50	4	16	
17	43	11	39	7	8	48	45	28	35	3	13	24	47	37	32	26	22	27	4	
12	3	36	49	20	45	47	37	23	34	37	23	41	45	26	31	2	33	17	12	
48	17	37	48	2	29	8	14	8	23	8	23	37	49	18	4	36	39	25	28	
42	16	7	30	18	35	31	10	11	26	47	39	36	24	16	40	36	40	48	5	
12	13	23	47	2	6	6	25	14	8	30	17	8	38	20	50	16	10	10	30	
48	31	13	32	41	5	37	38	9	36	33	19	21	8	40	6	40	50	26	9	
10	20	30	49	5	5	32	1	10	45	23	15	13	36	9	16	25	9	32	12	
16	24	14	16	12	30	18	50	44	34	14	8	8	5	15	33	20	33	12	48	
15	36	29	1	5	39	17	10	3	27	17	41	33	3	2	17	35	18	8	44	
6	11	19	12	30	46	8	42	21	41	7	29	37	43	11	15	12	45	46	13	
41	18	38	8	26	37	49	38	45	28	4	48	8	47	1	41	16	30	35	45	
11	31	42	3	16	26	50	6	5	20	37	41	40	43	45	45	40	47	25	13	
28	43	20	26	7	9	7	9	38	50	29	5	24	3	16	6	9	17	45	13	
46	8	16	20	2	3	20	5	37	24	5	41	13	3	11	12	1	49	46	36	
On machine	16
8	44	10	11	16	40	17	12	4	16	26	14	10	17	36	50	47	2	15	39	
3	22	30	30	14	27	26	32	4	3	34	18	23	49	15	15	4	5	14	7	
36	7	30	4	2	22	39	42	48	47	45	20	10	1	41	32	37	26	20	34	
14	42	26	11	41	18	48	44	45	22	26	37	35	28	17	4	42	42	24	37	
1	27	35	38	35	38	42	10	19	5	42	6	19	33	21	42	6	9	11	27	
16	33	47	6	41	6	15	45	43	8	6	28	25	44	19	47	10	26	38	36	
10	39	13	9	21	39	24	40	4	25	40	43	4	20	35	34	4	30	29	48	
27	35	23	39	40	4	19	40	11	14	30	29	16	19	12	30	38	20	50	27	
11	4	26	27	1	35	35	17	19	12	30	10	42	29	24	14	16	24	25	7	
22	30	49	26	50	44	8	38	39	30	49	25	36	31	38	15	33	6	41	19	
20	11	46	12	33	15	17	11	37	27	29	48	50	43	21	26	25	23	36	50	
43	22	4	44	42	15	15	31	7	11	39	13	44	29	41	43	21	36	19	29	
5	15	44	46	2	45	41	5	46	3	9	9	20	26	13	39	36	25	1	48	
23	8	3	41	49	47	4	32	14	19	22	4	49	9	24	21	26	47	43	32	
32	30	4	21	41	48	44	17	27	11	18	49	38	49	15	11	1	3	36	19	
13	6	14	22	36	29	38	12	21	15	20	2	42	8	33	34	35	35	8	47	
41	16	19	16	45	19	13	39	18	42	20	41	33	23	50	18	32	6	4	10	
43	16	13	35	47	38	39	7	30	41	2	47	16	42	12	2	44	15	25	38	
13	31	21	31	39	4	48	6	23	38	47	8	47	29	14	15	21	14	15	19	
31	41	25	9	25	11	40	5	13	42	33	44	29	45	39	46	41	2	4	20	
On machine	17
10	48	13	44	27	16	35	38	37	8	42	32	42	45	33	24	39	8	15	32	
50	35	41	42	34	35	3	38	44	21	32	16	30	24	5	35	5	18	10	40	
10	34	38	38	17	34	9	15	8	48	40	21	45	14	25	1	13	46	4	33	
12	22	24	13	3	50	39	48	46	21	22	7	8	14	47	10	47	50	5	1	
16	6	19	33	40	15	18	25	26	21	16	40	6	43	14	2	7	46	44	38	
4	30	32	14	27	49	31	30	1	4	29	44	36	42	46	43	11	19	43	31	
40	33	21	37	28	24	43	30	30	33	50	22	45	10	1	10	2	28	17	12	
28	6	35	16	42	50	5	2	23	29	14	32	30	19	35	7	35	36	36	46	
38	12	22	9	40	45	45	14	16	31	20	43	36	43	44	32	45	39	40	9	
33	28	23	38	8	39	38	12	44	31	35	30	39	49	29	4	19	9	20	7	
27	31	44	19	48	39	39	27	29	49	25	25	28	9	45	5	16	16	35	24	
48	10	1	3	21	17	7	50	18	18	21	36	13	21	49	14	24	2	5	6	
5	38	21	25	20	49	30	18	10	11	24	17	37	35	6	1	39	35	29	41	
14	32	20	12	22	8	9	38	44	44	5	16	44	9	24	25	34	19	6	7	
17	25	36	40	28	36	44	26	45	35	49	14	47	4	6	41	34	42	36	17	
9	49	42	38	17	50	27	42	14	32	10	17	2	1	39	35	21	20	3	45	
26	10	3	48	33	36	36	9	30	8	30	21	20	38	16	47	41	44	4	31	
48	28	38	29	34	14	16	10	21	36	11	46	2	41	49	40	40	19	48	29	
14	5	21	9	14	15	34	47	8	22	29	8	14	40	32	44	30	11	6	1	
31	21	32	28	6	38	25	42	47	24	3	49	46	16	22	15	35	32	46	9	
On machine	18
5	38	19	4	7	32	9	36	48	34	10	38	8	44	20	44	2	40	15	7	
3	40	13	7	41	18	34	41	21	1	35	29	47	44	20	32	6	2	38	50	
32	14	24	44	29	18	4	29	2	15	18	9	49	19	22	10	6	47	46	18	
44	31	37	39	21	10	13	11	6	25	30	12	32	37	26	43	41	47	2	22	
33	22	34	22	48	38	8	27	26	24	26	43	18	50	13	49	10	11	24	19	
9	34	7	12	47	32	34	8	10	6	24	13	6	42	34	50	30	48	44	31	
43	25	50	47	42	47	48	33	12	11	20	40	33	34	22	36	5	13	50	24	
13	32	7	48	6	4	10	37	21	40	12	16	46	40	32	8	6	45	46	33	
41	23	26	15	20	43	27	26	9	3	19	35	2	18	45	46	41	17	49	39	
31	15	25	49	17	17	43	35	46	21	38	11	1	40	45	42	15	5	28	32	
25	29	40	50	17	42	23	18	34	34	46	15	42	35	5	50	25	39	19	17	
20	44	6	18	13	16	13	10	31	35	31	19	42	42	26	1	35	48	19	38	
15	35	3	35	50	34	48	37	46	29	25	35	1	18	23	34	46	29	37	4	
10	29	31	13	38	8	7	39	48	4	32	2	15	25	26	36	14	13	46	47	
27	49	48	31	29	18	17	21	35	10	45	44	16	37	26	3	27	49	44	26	
40	17	22	15	8	35	47	3	30	10	44	45	13	24	35	41	20	25	20	47	
6	45	10	3	49	8	39	8	6	17	41	43	42	25	15	18	40	20	18	31	
17	33	13	35	37	7	36	39	29	16	9	11	35	9	37	4	5	15	45	8	
35	5	8	23	37	46	36	47	4	23	20	15	45	39	28	38	24	19	39	40	
13	25	39	26	27	42	23	1	48	1	30	26	25	4	37	38	36	8	31	18	
On machine	19
34	5	8	36	33	49	5	25	40	26	38	4	10	39	20	33	7	45	36	18	
33	33	27	49	12	38	39	32	10	42	46	6	35	50	11	10	27	19	50	36	
26	2	3	9	16	5	29	50	38	7	5	46	3	40	49	8	22	50	32	16	
4	39	33	15	2	25	36	22	12	35	42	20	17	8	18	50	16	25	42	47	
49	15	38	11	12	50	17	13	39	2	48	21	3	9	37	28	30	12	17	39	
46	47	36	14	46	17	31	44	48	31	37	28	6	13	5	34	18	26	45	50	
40	12	17	15	17	32	47	13	13	34	2	45	11	33	31	2	7	18	1	50	
37	38	4	24	10	41	47	22	50	48	38	18	23	1	7	23	16	14	32	10	
14	30	21	35	8	44	8	34	42	20	37	27	28	30	48	13	32	9	23	6	
29	20	44	22	14	24	44	6	31	39	16	33	14	22	10	3	9	27	45	19	
31	3	46	12	3	27	29	27	3	4	19	21	10	23	29	15	14	7	41	36	
49	40	44	14	36	44	12	24	50	48	40	1	35	26	24	13	27	25	18	48	
12	26	27	45	30	22	1	1	20	40	29	49	16	16	49	50	21	37	2	43	
34	24	48	47	32	9	32	26	35	1	23	12	30	8	31	32	37	26	16	24	
14	3	32	3	21	28	41	13	43	28	8	33	22	7	23	37	28	50	37	47	
28	21	42	36	23	31	43	16	28	13	30	19	5	25	26	9	42	28	5	49	
17	48	10	1	25	20	24	4	21	9	29	26	21	37	47	24	22	1	14	46	
12	34	45	47	2	33	2	18	13	38	37	9	19	33	43	7	31	47	49	19	
20	28	39	15	47	28	20	4	22	38	13	49	9	7	37	3	24	14	3	19	
5	8	33	22	27	9	21	10	8	30	8	37	46	24	28	13	32	12	20	27	
On machine	20
47	40	32	47	16	25	23	24	22	3	48	43	31	12	33	15	11	38	8	5	
4	7	22	42	16	32	23	33	34	37	40	24	40	31	5	15	23	14	42	9	
14	8	24	25	41	34	2	50	26	45	42	37	28	7	44	36	11	16	38	1	
8	47	21	32	21	36	15	42	12	5	11	50	50	10	31	20	17	40	32	30	
20	44	46	47	32	41	24	10	13	34	3	9	36	49	25	34	33	26	32	9	
19	48	44	14	38	37	15	48	48	49	20	3	38	6	49	50	41	25	37	27	
43	1	13	28	9	6	6	11	5	46	19	30	34	25	18	42	14	48	18	36	
50	12	26	12	40	23	33	33	29	33	1	30	50	23	28	23	13	40	4	18	
14	22	18	41	28	45	19	14	4	18	31	49	50	6	45	10	43	44	32	31	
49	48	26	14	46	36	21	13	40	5	34	10	48	45	14	5	7	37	14	7	
49	9	16	20	22	6	25	35	13	21	34	6	43	34	30	8	36	28	29	28	
43	35	24	39	11	28	15	13	50	26	42	22	2	43	30	16	15	37	21	33	
18	18	46	10	47	38	26	4	11	8	25	44	4	30	10	22	5	38	15	10	
29	2	7	29	50	42	46	39	24	27	25	13	9	21	44	38	2	20	23	46	
10	3	26	9	34	10	47	43	38	6	43	2	1	26	50	47	42	39	12	30	
10	22	34	22	18	8	36	27	43	15	23	26	16	37	15	47	39	33	14	34	
20	45	3	45	29	22	31	2	31	4	50	9	49	12	7	30	7	33	36	14	
49	8	32	50	23	26	12	3	32	42	1	23	41	28	33	4	41	19	26	24	
7	47	38	42	14	16	3	28	19	32	17	17	27	43	9	36	47	4	27	21	
43	11	11	3	50	32	45	12	14	11	13	44	7	15	18	36	26	23	46	17	
Reldue
-1	2120	-1	-1
-1	274	-1	-1
-1	1188	-1	-1
-1	1206	-1	-1
-1	2113	-1	-1
-1	235	-1	-1
-1	1019	-1	-1
-1	601	-1	-1
-1	1124	-1	-1
-1	1146	-1	-1
-1	215	-1	-1
-1	2104	-1	-1
-1	1106	-1	-1
-1	108	-1	-1
-1	1701	-1	-1
-1	1955	-1	-1
-1	607	-1	-1
-1	18	-1	-1
-1	1618	-1	-1
-1	87	-1	-1
