Families	20
Machines	50
MaxSetupTime	50

Number of Jobs in each Family
3	10	7	8	7	1	2	1	8	3	6	2	10	1	7	8	5	10	8	9	

Jobs in each Family
0	1	2	
3	4	5	6	7	8	9	10	11	12	
13	14	15	16	17	18	19	
20	21	22	23	24	25	26	27	
28	29	30	31	32	33	34	
35	
36	37	
38	
39	40	41	42	43	44	45	46	
47	48	49	
50	51	52	53	54	55	
56	57	
58	59	60	61	62	63	64	65	66	67	
68	
69	70	71	72	73	74	75	
76	77	78	79	80	81	82	83	
84	85	86	87	88	
89	90	91	92	93	94	95	96	97	98	
99	100	101	102	103	104	105	106	
107	108	109	110	111	112	113	114	115	

Total number of jobs
116

Processing times of jobs
2	10	4	2	1	7	7	7	6	7	3	10	7	2	6	10	6	8	2	1	3	5	8	10	8	10	3	1	4	7	3	3	8	7	3	1	1	10	3	6	3	3	6	4	8	4	8	6	7	10	
4	1	1	1	9	4	10	5	7	3	3	9	7	8	7	3	3	3	10	6	2	6	5	7	4	7	8	6	9	2	1	5	7	7	5	2	10	1	2	6	6	1	9	8	2	7	9	7	4	1	
1	10	2	2	3	1	8	10	10	1	9	6	9	1	10	7	7	7	3	6	2	7	9	2	1	2	8	1	7	7	9	8	8	9	9	1	7	5	10	4	1	6	10	7	4	1	10	8	5	8	
2	5	2	4	9	6	6	1	3	2	10	6	8	9	6	6	6	8	1	1	1	3	2	7	4	10	4	2	6	8	7	2	3	8	10	2	4	2	9	5	1	8	5	1	10	1	10	8	4	3	
10	1	7	3	4	9	10	4	3	6	6	2	8	8	2	10	1	10	3	6	10	10	2	10	1	9	2	8	8	2	5	6	1	7	2	10	5	7	9	7	10	10	1	3	7	6	5	6	6	9	
1	1	9	3	6	8	3	9	3	6	2	1	4	2	4	3	6	6	4	1	8	5	3	3	1	7	10	10	4	6	1	6	1	8	2	7	1	8	9	8	4	2	3	4	5	5	4	1	10	5	
1	8	2	5	1	3	5	4	2	2	7	7	7	9	5	10	6	2	9	6	2	9	8	7	7	4	10	2	7	9	8	9	4	7	2	6	10	9	10	1	4	7	7	10	9	7	10	4	7	5	
5	8	1	6	3	5	10	10	9	1	7	7	5	5	8	2	7	6	5	3	2	6	6	3	7	10	9	3	10	4	6	5	8	10	6	1	4	2	8	5	8	10	3	2	8	1	3	5	3	6	
6	5	7	3	9	6	6	8	6	1	10	5	9	7	6	5	2	4	5	2	7	1	1	4	4	4	4	8	7	6	2	9	2	10	6	5	1	2	9	9	10	4	1	6	4	6	8	6	9	7	
7	7	9	6	7	4	1	8	3	1	10	8	8	2	5	8	6	7	3	7	10	7	2	4	7	5	4	9	1	8	6	5	10	7	4	6	5	8	9	10	8	5	6	5	10	7	7	9	9	7	
9	9	6	10	7	3	3	6	4	5	2	7	3	3	5	5	10	10	6	2	6	4	9	10	10	1	8	10	1	9	5	9	3	10	1	1	4	2	6	9	5	7	4	5	10	10	3	7	10	3	
7	4	9	1	10	4	3	8	2	6	7	10	3	7	3	2	5	3	1	5	10	4	9	4	4	5	1	3	8	7	10	5	4	10	3	3	10	9	10	8	7	2	7	7	2	6	6	8	1	5	
1	10	2	6	8	8	2	1	6	1	4	10	5	9	3	4	4	5	9	5	4	8	3	2	8	8	8	4	9	1	1	1	10	7	2	7	7	7	1	4	1	5	10	8	10	1	2	8	8	9	
6	9	10	8	3	6	2	9	5	5	1	2	2	3	9	10	7	8	3	6	5	7	7	2	4	10	10	9	3	10	10	4	9	5	2	5	9	10	2	10	4	9	5	7	3	6	7	7	1	4	
2	6	9	5	2	6	5	8	5	1	5	6	5	8	8	5	2	5	7	5	9	3	3	5	4	7	1	7	2	2	8	9	1	3	1	5	3	7	1	4	5	1	2	8	9	3	2	3	10	8	
9	4	4	5	1	8	9	5	6	2	6	5	1	2	5	1	9	8	6	5	1	3	5	2	6	9	2	1	1	4	3	9	7	8	4	3	3	9	8	9	6	5	2	10	2	5	9	8	3	9	
1	2	9	10	1	10	6	2	4	5	9	7	4	3	6	7	7	5	5	8	9	7	8	1	9	5	7	8	5	6	5	7	3	4	10	9	9	8	2	5	8	7	6	8	1	10	10	8	7	9	
3	5	3	4	8	2	5	4	7	3	7	6	3	6	1	6	3	9	9	4	9	1	5	7	5	1	4	7	6	8	6	7	7	5	10	8	2	4	1	3	7	9	1	4	6	1	6	9	3	5	
1	7	7	3	7	4	6	1	9	3	3	4	2	5	6	7	9	4	9	8	4	4	8	10	4	10	2	1	4	1	5	8	7	2	3	7	3	4	9	5	5	6	2	10	1	7	9	3	3	4	
4	10	3	5	7	3	1	6	9	5	2	1	10	6	4	9	4	8	6	4	7	10	8	2	8	5	5	10	4	8	3	5	6	6	2	1	6	7	7	2	9	2	3	7	7	5	7	8	2	9	
9	1	1	2	8	10	9	9	1	3	7	1	3	3	3	1	3	5	1	1	4	10	3	4	10	7	2	1	2	8	8	9	4	3	9	8	4	8	3	8	9	5	2	8	7	10	2	2	7	7	
7	9	6	8	2	6	10	2	7	10	7	3	1	6	2	2	9	5	5	5	3	4	10	10	9	9	10	9	4	4	5	3	1	4	6	7	7	3	5	10	3	7	10	9	8	10	1	6	6	5	
5	2	5	7	9	5	9	6	5	6	1	7	4	9	10	8	5	5	6	6	8	10	7	5	7	2	2	10	8	9	6	2	3	3	4	10	10	4	7	10	9	10	7	8	5	4	9	8	7	8	
10	5	3	8	2	3	7	3	9	9	3	1	3	3	8	10	1	3	7	7	10	3	2	2	6	1	8	7	8	10	3	1	7	2	2	3	6	2	2	2	9	9	9	10	3	9	4	3	2	10	
9	6	9	7	10	5	2	10	6	7	9	5	6	1	10	8	9	1	6	2	8	5	8	5	10	8	1	5	10	7	10	3	1	4	9	2	9	7	7	3	6	6	5	4	1	8	2	5	2	2	
7	3	3	4	6	7	8	2	8	4	6	2	3	9	10	6	3	4	1	3	10	3	2	9	7	4	10	6	5	10	10	5	2	3	8	5	5	1	3	9	8	3	8	1	6	2	4	1	5	2	
5	6	1	5	8	3	8	7	2	2	2	4	7	7	1	4	6	7	8	4	6	9	4	1	1	1	2	4	4	3	2	6	5	9	10	4	7	1	10	10	2	2	7	2	2	1	10	4	2	6	
3	8	5	10	9	6	9	6	4	10	7	10	4	3	10	10	9	6	8	9	1	3	2	1	8	10	7	4	9	10	6	9	3	4	6	3	10	5	10	6	10	9	3	6	9	5	1	10	10	8	
6	6	7	10	6	6	7	8	1	4	5	9	4	5	5	10	1	8	6	5	5	1	6	8	10	10	10	1	9	10	2	1	5	4	8	10	7	9	7	7	1	3	5	3	6	4	2	9	5	1	
8	5	9	5	10	10	4	3	3	1	4	4	7	1	7	4	3	3	10	3	1	10	8	4	5	7	4	1	5	10	10	8	2	1	10	7	9	1	3	7	3	1	9	4	4	5	9	6	9	10	
5	5	7	10	7	1	9	1	3	3	7	10	2	2	5	8	2	3	5	9	9	4	5	8	10	4	2	2	9	3	8	6	6	5	3	4	7	5	9	10	7	1	7	4	9	7	10	8	7	2	
8	3	10	1	9	10	10	8	7	5	3	2	6	2	4	1	3	8	9	5	2	3	9	6	7	6	4	10	1	6	7	7	1	4	5	2	2	7	6	10	7	2	8	3	4	2	6	7	4	8	
4	5	3	7	10	3	4	3	7	8	2	7	1	6	6	3	4	3	5	3	8	2	4	6	7	5	9	1	10	9	8	5	10	7	3	8	7	6	4	4	10	2	7	1	10	3	10	6	9	3	
4	6	10	4	6	2	7	7	2	8	6	4	6	3	2	3	6	9	5	7	6	2	2	4	4	7	5	3	3	9	9	3	8	4	8	10	8	2	3	10	5	5	3	1	6	8	9	8	3	6	
2	7	4	7	7	8	8	3	5	3	1	5	4	7	10	4	9	7	2	8	2	4	9	1	7	3	8	9	6	4	6	3	4	6	9	4	9	8	5	3	3	5	2	7	8	3	10	9	2	8	
10	9	4	9	5	2	1	5	6	1	5	1	1	6	8	9	7	1	4	5	10	8	2	1	5	1	10	5	6	9	3	3	10	5	2	8	4	1	5	7	3	1	7	10	9	9	5	10	10	8	
6	2	4	3	4	8	2	8	1	9	7	4	4	7	1	2	9	1	1	2	10	9	3	7	8	10	7	8	1	2	8	1	3	6	4	4	7	5	6	6	4	2	2	1	6	10	1	2	2	10	
6	7	9	9	6	7	4	6	4	9	1	9	7	4	10	4	9	9	3	8	4	10	2	6	8	9	3	10	9	4	4	8	6	3	4	1	3	2	4	8	1	3	3	1	2	1	9	5	4	5	
7	1	5	1	7	2	5	5	1	8	6	4	9	6	5	9	9	4	6	5	7	7	2	9	7	8	6	1	6	3	3	4	6	4	10	5	4	3	7	3	1	8	9	9	6	10	10	9	9	8	
10	4	8	5	8	2	9	3	5	5	7	6	1	9	6	1	7	9	2	3	4	4	3	8	7	1	10	7	6	7	8	10	1	8	5	6	6	9	6	7	10	5	7	8	4	6	10	5	8	7	
2	8	4	7	8	5	7	10	2	8	4	6	10	2	9	10	5	1	8	6	1	6	4	5	5	5	6	10	10	10	5	8	5	8	6	4	1	6	5	6	7	5	9	2	6	6	4	7	3	2	
4	1	7	2	6	2	8	5	7	9	9	2	8	7	1	8	9	4	1	6	4	9	10	2	8	4	4	4	5	2	5	5	8	2	3	2	6	4	2	3	6	5	3	10	3	8	7	2	7	3	
3	1	4	2	2	10	6	9	9	7	7	4	10	3	7	9	3	5	4	8	1	3	4	3	7	1	9	7	3	10	4	3	9	10	8	7	6	3	7	4	3	10	10	10	6	7	10	3	7	4	
1	6	9	3	4	6	5	2	10	8	7	9	8	9	2	3	7	7	8	7	9	10	1	4	2	1	4	3	10	5	6	6	5	4	8	3	9	3	10	6	1	10	2	9	7	2	8	3	8	7	
6	4	2	5	6	1	1	6	9	3	2	6	1	8	9	10	3	5	10	2	6	8	6	2	5	3	10	2	7	4	9	3	5	6	4	5	2	3	6	5	6	5	1	6	5	9	3	2	4	3	
4	1	8	8	6	4	3	2	8	5	9	3	5	1	5	8	7	8	8	7	9	4	2	7	3	10	8	7	1	10	7	2	6	3	7	5	10	5	4	2	5	8	6	5	5	8	3	6	3	10	
4	7	9	2	5	5	5	9	5	2	8	5	7	10	9	1	5	10	1	4	10	5	8	6	8	9	1	6	1	9	5	3	6	1	6	8	8	1	1	1	9	1	1	10	10	10	5	5	5	5	
10	8	9	8	3	6	9	4	2	5	1	5	6	2	9	7	4	10	5	7	2	4	10	4	6	2	5	4	4	1	4	3	8	1	8	5	1	9	1	8	5	8	9	1	9	4	10	5	9	4	
7	5	6	2	4	4	4	2	6	2	6	9	5	8	10	7	9	9	4	3	3	3	4	6	9	10	10	5	6	6	6	3	1	3	5	1	9	6	4	4	5	2	10	8	7	6	6	8	1	6	
1	6	9	7	7	6	2	6	6	1	3	2	4	5	5	6	10	5	8	1	8	2	3	8	5	10	8	1	5	7	3	10	7	2	7	4	4	5	2	7	1	9	4	4	5	3	1	9	10	10	
4	8	1	5	10	10	2	7	4	1	2	4	9	3	8	5	3	8	10	5	4	7	8	7	4	3	1	1	8	3	5	1	1	4	5	10	9	4	6	7	1	2	8	2	10	3	4	4	5	9	
7	10	1	3	3	5	2	4	8	2	6	7	9	10	10	1	10	3	5	6	10	2	10	2	3	7	4	1	2	4	2	1	3	1	9	9	10	4	8	9	8	7	9	6	6	3	1	5	3	2	
10	6	3	3	5	10	10	6	9	8	7	2	10	2	7	6	3	3	5	6	2	3	7	1	2	2	3	1	9	6	10	9	10	8	9	5	8	3	6	5	8	7	7	8	1	3	1	7	4	7	
9	5	1	6	4	5	7	8	3	1	8	3	7	10	1	7	8	9	9	1	1	4	6	5	3	2	2	2	9	10	3	6	8	3	4	8	1	3	10	3	8	8	10	6	8	4	5	8	1	1	
3	10	8	10	9	9	5	9	5	3	7	1	2	8	7	9	1	3	6	8	1	3	1	8	6	1	4	4	1	3	1	3	2	1	3	6	8	2	7	1	7	6	2	9	5	8	4	10	3	2	
3	10	8	4	4	4	7	6	9	3	1	1	3	4	7	9	4	3	5	6	8	5	8	10	7	1	1	5	10	2	4	7	3	10	10	9	8	10	8	10	7	9	1	4	2	5	10	6	4	4	
2	1	1	7	10	2	4	6	6	6	4	1	2	1	2	6	6	6	3	10	3	2	5	5	6	6	4	3	2	2	3	5	10	4	3	10	9	7	2	1	3	9	8	3	3	4	4	1	7	5	
1	5	5	5	8	7	3	5	7	8	7	10	8	5	4	4	3	7	5	2	5	7	2	6	8	5	7	4	5	1	1	6	6	6	4	3	6	1	6	10	9	6	3	1	9	1	7	4	6	7	
9	10	8	9	10	2	8	10	6	1	8	6	5	1	1	4	7	2	5	9	10	9	6	3	7	9	4	2	1	10	2	2	4	7	8	4	2	7	5	9	1	10	8	1	2	7	10	6	5	2	
7	5	7	5	4	1	3	6	2	7	7	8	2	9	7	10	8	5	5	1	4	6	4	6	8	3	4	6	2	5	6	9	9	6	2	7	8	9	3	2	10	1	8	7	8	4	1	4	4	9	
2	5	6	5	10	6	2	7	9	10	8	8	6	8	5	6	1	3	8	2	4	3	7	9	3	6	8	1	1	2	9	2	2	1	9	7	8	2	2	6	2	1	2	1	1	8	5	1	7	5	
8	1	7	4	1	5	7	10	9	9	10	4	7	7	2	5	10	9	10	6	9	9	3	6	9	4	5	9	5	2	7	10	8	9	1	6	6	8	2	9	1	10	3	3	8	4	10	6	10	5	
10	7	7	5	7	5	3	5	10	4	4	2	9	6	5	5	6	1	2	4	9	7	3	10	5	7	5	2	7	2	7	4	1	7	8	6	7	10	7	2	1	4	3	3	8	1	9	6	7	2	
7	8	5	3	8	8	3	3	3	1	9	10	9	10	9	10	7	9	2	10	4	4	3	8	7	5	3	7	10	9	1	9	2	6	8	7	4	8	7	6	7	6	10	7	6	5	4	5	9	9	
8	3	8	1	10	5	3	3	6	9	6	5	10	3	1	2	8	7	3	8	5	6	2	4	5	5	10	4	6	9	9	5	3	1	5	7	7	9	8	7	6	9	1	1	1	4	6	2	1	1	
8	1	4	7	6	6	7	7	1	1	4	10	1	9	10	8	4	6	6	9	4	5	10	5	3	9	9	2	5	8	4	2	5	3	10	9	9	6	7	10	9	2	9	3	9	2	9	5	5	6	
4	8	9	10	10	1	4	3	10	7	1	2	4	2	5	5	9	2	10	10	8	3	6	3	9	2	1	3	8	7	6	2	1	6	10	4	4	10	10	6	4	1	3	3	3	2	9	8	6	2	
2	5	4	2	4	9	8	6	4	5	8	8	10	3	7	10	9	9	8	9	6	5	6	10	8	4	10	8	4	1	9	7	9	3	9	8	4	4	7	3	6	10	8	10	9	9	4	10	2	8	
10	8	9	9	5	7	1	7	4	1	1	5	6	1	4	6	1	9	8	10	3	10	5	8	1	2	5	4	2	3	7	7	9	10	10	9	7	10	9	9	8	10	5	5	2	2	5	9	2	4	
3	6	6	3	5	8	1	1	4	4	2	6	10	8	10	1	6	9	6	8	2	4	8	4	4	8	10	2	2	5	6	1	1	8	3	5	7	9	6	4	6	1	9	9	6	4	7	5	9	1	
4	6	2	8	8	1	6	5	3	5	9	4	6	2	10	3	8	10	2	10	6	4	8	9	3	9	6	5	8	1	10	2	7	4	4	3	4	5	3	3	1	10	1	7	5	4	6	10	6	4	
2	9	8	10	5	2	6	4	6	3	7	9	5	1	8	8	6	4	10	5	3	2	8	10	10	3	1	9	8	4	1	8	2	10	4	3	8	1	8	1	7	9	2	10	3	4	1	3	8	6	
9	10	7	2	10	7	3	6	7	9	4	5	1	10	1	8	5	2	3	3	2	8	5	5	8	5	7	8	3	3	6	4	5	2	6	4	7	7	4	2	7	3	1	10	10	9	2	3	1	5	
6	2	8	7	2	1	1	9	4	5	4	1	1	6	1	6	1	10	6	8	6	7	2	1	8	7	3	3	9	5	5	3	8	8	9	5	3	6	3	8	3	10	2	9	6	7	7	2	3	1	
10	6	4	3	7	6	5	4	10	7	8	6	9	3	1	7	7	7	6	8	9	3	7	5	4	1	5	4	8	2	4	7	7	5	2	4	3	5	9	5	3	1	5	7	1	9	4	3	4	3	
4	7	7	5	3	7	3	7	6	4	10	7	2	6	8	3	3	2	6	8	10	5	2	3	5	4	6	6	3	4	2	5	6	6	4	5	7	2	8	1	3	8	4	6	8	8	9	10	4	2	
4	5	1	9	10	1	10	1	2	5	5	9	8	4	6	7	10	9	6	6	2	5	4	5	8	4	2	6	6	1	3	3	3	7	5	7	7	6	6	3	10	1	9	6	2	5	6	2	8	6	
10	9	10	10	1	8	8	9	8	9	9	1	1	9	6	4	6	9	1	8	1	8	3	10	7	2	2	7	10	1	10	8	3	3	6	2	4	9	5	3	9	9	7	4	10	7	2	6	6	2	
4	9	2	5	8	6	3	4	10	3	4	10	8	7	8	2	6	1	7	4	2	7	10	10	2	6	3	10	5	3	10	4	2	6	6	10	8	1	8	8	9	10	5	2	2	5	10	1	6	3	
5	3	8	4	8	10	7	5	9	6	2	2	4	5	4	2	6	6	1	2	8	8	2	10	1	3	9	4	8	8	2	7	2	3	2	5	6	9	3	8	7	4	6	1	7	6	9	4	10	9	
6	6	10	5	8	8	5	7	9	2	10	8	7	6	9	6	3	5	9	9	8	5	2	4	8	6	10	7	10	5	2	7	3	6	2	7	8	5	6	10	8	2	8	5	9	6	7	1	7	7	
3	3	4	3	5	6	8	10	3	4	10	2	10	8	6	5	8	10	8	10	6	2	1	9	2	6	1	8	9	2	5	8	9	10	7	8	5	4	6	6	10	9	1	6	3	4	10	1	5	5	
9	7	10	3	3	10	3	2	7	3	1	5	7	10	3	2	9	9	7	1	7	5	9	5	5	4	7	3	3	6	6	7	9	1	4	1	1	5	4	10	9	5	8	3	8	4	7	2	3	1	
3	8	3	7	2	10	1	8	1	3	4	4	9	2	7	3	2	6	3	4	7	2	10	6	10	7	10	7	9	9	9	7	8	2	8	4	5	2	10	6	2	10	8	6	6	3	10	5	9	3	
8	4	1	2	3	9	9	9	10	8	2	5	2	7	10	2	2	5	5	7	9	6	4	3	7	9	2	4	7	1	8	4	7	8	2	1	10	2	8	6	10	3	4	10	7	9	7	4	2	2	
7	2	7	8	8	3	6	10	4	2	6	4	9	5	8	4	3	4	3	7	4	8	3	4	2	9	7	2	6	6	9	7	1	1	1	4	1	3	5	6	4	2	6	10	3	2	4	7	2	3	
4	6	6	1	7	10	2	10	4	10	4	3	3	4	6	5	5	2	10	10	1	8	5	9	8	8	7	6	6	9	2	8	1	7	6	4	7	3	1	5	3	6	9	2	8	6	9	8	10	5	
8	2	1	10	9	5	5	4	1	10	6	1	9	9	3	5	8	9	1	6	5	5	6	3	8	6	4	2	5	1	4	5	4	3	5	2	2	8	2	7	4	6	7	7	4	6	3	9	4	1	
10	4	2	9	6	4	3	4	3	8	1	5	6	5	2	10	3	7	8	7	2	4	6	4	3	1	7	1	6	1	10	6	3	8	5	10	6	1	5	5	9	7	1	10	6	7	8	5	10	9	
10	6	9	2	8	10	9	8	9	7	1	6	7	9	8	7	9	1	5	5	3	10	5	3	8	7	10	2	5	5	3	5	2	10	9	8	4	3	9	8	7	1	1	2	6	6	1	7	3	7	
9	4	3	7	5	9	10	7	9	5	9	6	7	6	10	5	2	10	1	8	5	7	2	10	5	2	10	6	8	8	7	7	7	7	9	9	2	2	10	1	9	1	7	9	6	8	1	10	3	5	
5	4	9	5	1	3	7	4	4	9	10	8	3	2	3	8	4	4	9	5	9	5	9	1	9	1	1	5	1	6	3	5	9	8	2	10	1	6	5	8	8	8	3	5	5	4	1	7	10	4	
4	2	9	8	2	5	1	5	10	4	2	5	3	7	6	9	3	7	9	10	6	2	1	4	1	6	3	10	7	5	4	7	3	7	10	8	10	10	5	4	7	3	10	9	5	3	2	4	2	8	
10	2	1	3	4	9	2	9	5	3	1	5	8	4	8	9	6	8	9	6	4	10	9	9	7	3	7	1	1	1	6	6	7	2	8	8	5	8	9	4	10	5	3	7	4	3	6	3	1	8	
3	4	9	5	3	2	3	10	10	5	10	8	4	6	9	4	5	1	7	3	3	6	4	2	2	3	1	1	4	1	1	8	1	3	2	10	5	10	7	5	10	10	7	1	9	5	5	10	9	3	
3	9	8	7	2	3	5	9	3	6	7	3	10	10	4	4	1	8	8	10	9	2	2	2	9	4	3	6	1	1	10	3	4	2	9	5	6	6	8	2	3	5	10	3	4	9	9	9	8	6	
2	6	2	2	2	9	10	7	5	6	6	10	1	6	6	2	6	6	2	10	1	5	9	8	2	3	2	1	7	2	10	10	7	3	9	8	8	10	8	4	10	8	9	7	9	9	9	5	7	3	
1	6	2	10	5	2	6	10	6	6	3	7	8	5	10	5	10	5	9	10	10	8	1	4	2	10	10	6	5	8	5	1	2	4	4	8	2	6	2	8	9	8	7	4	5	2	2	7	3	1	
10	4	9	3	8	5	6	9	2	9	8	7	1	9	6	2	9	4	4	7	5	3	6	4	7	2	2	3	2	2	8	1	5	9	8	1	1	7	8	3	2	5	6	2	10	1	9	4	3	6	
3	1	8	5	7	10	6	1	7	1	10	6	6	8	4	2	3	3	7	6	6	7	9	3	3	7	8	1	8	10	1	1	7	6	4	10	8	6	3	3	10	1	3	2	8	8	10	7	8	5	
8	9	1	6	5	2	8	3	7	4	4	1	5	2	6	3	2	4	6	7	5	9	3	8	5	3	9	4	4	5	3	9	7	5	1	1	8	2	10	1	10	1	4	9	9	4	10	3	3	2	
2	6	9	10	4	10	2	2	1	10	7	7	2	2	5	6	3	7	9	5	10	1	7	2	3	9	4	5	4	2	2	2	3	8	4	1	8	6	8	7	9	10	5	4	1	6	10	7	6	9	
10	7	4	10	6	8	6	6	10	2	1	6	7	8	8	2	5	5	8	4	10	3	4	8	1	6	6	9	5	2	9	2	3	2	1	6	2	1	1	8	4	6	9	1	4	10	2	3	4	4	
2	3	9	9	9	1	6	5	3	1	2	5	5	4	3	7	10	3	2	1	1	6	2	5	7	8	3	7	7	3	3	9	4	4	1	5	4	8	4	8	7	5	10	5	6	3	3	8	3	3	
10	2	10	5	6	10	6	7	6	4	2	8	6	8	1	5	10	3	8	7	1	2	1	9	4	8	6	7	5	2	8	3	10	9	5	7	7	10	10	7	6	6	1	1	6	9	2	7	5	3	
4	2	9	4	9	7	10	10	2	8	9	8	1	7	7	6	9	9	6	10	6	1	5	10	6	5	4	8	4	3	9	8	3	2	1	7	8	4	1	8	6	6	1	1	4	2	4	2	4	3	
10	6	3	8	9	7	7	1	9	10	5	9	6	1	5	10	4	6	1	9	7	8	2	7	3	2	5	9	9	9	10	6	3	2	2	7	9	1	3	1	6	8	2	1	10	1	8	8	8	5	
4	7	1	4	7	5	4	3	4	10	1	2	1	5	1	5	1	9	9	5	10	4	8	4	10	2	5	1	1	9	7	10	8	3	6	9	4	10	2	6	9	4	6	7	7	6	7	10	10	4	
1	9	6	2	1	7	5	1	5	7	6	5	10	6	6	1	6	1	8	6	3	2	1	7	4	8	10	3	6	9	7	10	10	3	4	8	3	3	8	5	10	5	1	4	5	5	6	9	6	10	
3	4	3	5	10	9	9	9	1	10	8	5	8	6	7	7	3	3	9	10	5	4	10	7	10	7	10	3	8	5	2	1	8	4	3	10	10	3	2	9	2	3	10	1	5	1	7	7	3	5	
1	7	8	5	2	7	4	2	6	4	7	3	4	3	4	3	10	3	1	4	9	3	9	2	1	9	7	1	6	9	6	8	8	1	3	2	10	4	8	3	3	10	6	3	4	4	7	7	6	1	
9	4	9	2	10	10	6	7	6	9	3	2	4	8	8	9	9	9	1	7	5	4	10	2	2	8	7	8	2	8	3	10	1	8	9	1	4	10	4	3	4	1	6	10	5	9	1	1	4	8	
7	5	8	1	10	4	8	4	8	5	4	8	10	1	5	10	8	9	2	1	1	1	8	5	1	4	9	5	1	3	3	1	4	2	5	10	4	4	4	9	6	7	9	10	9	2	5	6	10	2	
3	8	10	6	10	5	6	5	8	2	5	6	3	7	2	9	6	6	9	4	3	8	1	7	8	3	3	4	6	5	7	1	6	1	10	5	7	8	7	10	7	2	4	10	3	1	4	8	9	5	
2	4	10	5	3	10	9	4	8	5	7	7	2	1	10	2	6	2	2	5	2	6	8	4	8	3	8	6	1	5	8	9	3	6	1	3	6	7	7	9	3	4	3	7	6	6	10	3	9	9	
5	2	4	6	8	3	2	4	6	1	10	8	7	6	10	2	4	10	8	10	5	10	10	7	8	1	3	7	8	3	3	6	1	2	3	2	8	6	7	6	8	8	3	4	9	1	2	2	7	2	

Stepup times between family, where [f][f] represents initial setup time
On machine	1
41	33	5	39	15	46	16	20	21	42	15	4	39	23	2	18	4	34	37	17	
46	43	37	47	31	34	8	3	32	5	36	14	19	47	45	48	48	1	26	9	
48	17	12	43	33	31	47	4	39	5	8	27	25	32	8	36	18	6	43	2	
6	28	27	41	23	31	8	38	5	18	45	37	33	8	24	28	22	43	3	8	
49	16	11	1	44	36	25	14	15	29	36	20	42	40	46	40	37	22	33	16	
24	38	21	29	42	10	24	23	31	1	41	8	3	6	14	5	8	20	19	10	
22	44	26	42	41	34	41	45	24	2	26	23	34	26	46	9	11	44	30	45	
31	40	4	23	35	4	2	46	45	30	43	4	49	27	25	50	14	12	44	25	
49	49	31	34	27	27	17	40	10	16	10	7	16	10	48	41	22	28	20	50	
25	44	40	1	41	16	47	39	37	17	16	44	44	21	36	37	8	5	49	24	
12	5	18	31	7	8	2	11	8	41	29	28	36	19	13	14	48	6	49	12	
47	14	28	20	45	5	9	32	2	2	42	24	48	43	11	7	14	11	25	25	
20	47	50	25	35	12	32	38	48	23	16	7	8	12	32	40	40	40	28	21	
9	38	11	10	8	35	7	4	8	42	37	15	42	30	1	50	40	10	20	47	
37	37	49	20	20	8	37	6	39	47	15	15	6	19	7	12	42	23	36	7	
39	10	16	5	11	47	12	28	17	8	6	8	21	19	47	10	47	49	38	8	
20	16	32	19	21	7	21	28	13	33	43	6	28	33	1	25	47	7	14	46	
18	40	26	10	27	47	22	46	44	7	42	36	45	6	23	30	20	14	31	35	
11	43	16	49	46	44	50	11	38	31	21	19	25	42	48	33	25	13	17	26	
48	43	19	20	35	11	14	47	14	7	28	9	13	13	33	16	32	39	13	31	
On machine	2
2	36	35	46	9	36	19	14	15	32	27	11	33	15	41	11	1	30	37	46	
10	50	15	36	5	45	9	4	40	48	47	23	27	46	8	18	43	11	24	7	
47	21	37	5	4	27	1	46	45	12	38	47	5	1	14	4	34	4	35	10	
26	3	6	45	44	28	15	11	34	50	37	50	17	39	4	18	32	32	21	21	
34	3	4	15	36	29	15	20	45	19	2	19	32	18	24	47	48	46	12	43	
41	22	2	37	23	29	50	3	14	45	41	27	27	28	16	1	4	36	49	23	
33	3	48	5	35	34	26	17	47	3	6	38	3	5	35	40	3	30	50	18	
29	30	49	18	50	44	25	2	43	6	21	31	40	2	6	11	17	34	37	19	
39	11	1	26	21	29	42	7	4	29	25	35	26	16	48	8	27	38	29	27	
11	16	32	21	34	14	28	6	19	49	44	33	11	49	28	2	6	3	41	41	
5	48	27	43	36	50	12	24	42	7	25	15	44	8	30	20	36	2	33	23	
24	7	19	49	19	45	35	32	8	5	24	13	27	26	1	7	19	1	42	13	
12	25	8	44	49	27	22	25	21	25	23	29	11	16	41	35	36	32	50	49	
13	5	43	37	19	41	38	7	47	23	20	38	18	3	28	4	20	11	50	12	
25	24	11	39	9	1	23	46	49	46	23	32	45	3	34	7	16	9	22	31	
14	16	21	33	33	15	20	10	40	26	33	39	38	44	41	42	6	47	5	12	
48	17	23	36	16	45	40	43	2	3	34	35	29	29	4	3	6	42	50	11	
48	22	34	44	20	6	29	34	7	45	48	39	25	50	10	47	28	35	42	48	
24	22	41	2	32	8	16	11	46	4	47	50	10	16	17	2	5	19	26	30	
37	14	16	1	28	45	47	32	2	46	34	7	18	14	44	36	40	32	47	5	
On machine	3
45	1	8	8	43	16	27	2	17	20	20	18	14	3	39	25	15	3	3	10	
17	11	3	45	42	4	9	50	12	4	17	13	17	50	40	37	5	37	48	34	
29	42	27	13	19	10	32	14	24	41	1	30	22	7	44	48	6	8	30	20	
29	2	50	7	11	44	34	18	5	2	13	50	44	4	14	46	26	5	17	38	
42	25	14	22	46	9	40	2	27	6	15	45	23	4	32	46	40	21	48	12	
15	34	15	32	34	14	5	32	32	5	43	3	39	1	32	28	8	46	34	4	
5	20	44	12	43	43	41	44	42	31	7	11	24	43	44	4	24	43	22	44	
36	14	29	44	29	25	28	6	9	33	10	22	23	49	3	8	48	6	18	46	
18	32	33	18	26	43	49	40	21	11	45	34	5	49	39	38	39	20	10	33	
2	40	48	15	40	10	28	10	44	40	32	4	49	29	37	23	5	38	4	12	
5	35	11	18	2	12	11	40	32	15	27	5	17	31	13	14	8	14	13	32	
34	47	47	41	3	7	47	45	49	49	48	9	30	40	18	9	5	38	28	50	
26	44	7	46	48	29	44	39	48	36	30	22	30	25	40	20	49	20	12	42	
27	21	48	35	28	28	1	7	19	42	27	45	13	12	15	25	48	35	33	23	
4	30	30	35	41	8	50	29	5	23	22	17	29	37	27	30	16	31	45	39	
4	17	45	45	12	21	21	42	18	46	33	40	5	25	4	22	1	17	8	36	
46	16	20	48	33	25	28	29	45	45	30	33	32	33	9	26	45	8	19	22	
18	3	40	5	34	15	16	36	25	44	5	28	30	41	25	35	17	23	25	15	
39	6	2	8	7	13	36	10	11	49	3	46	28	24	1	38	50	9	25	20	
47	23	34	46	44	14	27	36	15	19	47	6	40	9	8	41	26	42	7	43	
On machine	4
6	10	41	46	25	29	40	22	6	16	14	28	28	49	8	16	37	21	16	13	
38	36	46	45	12	28	18	36	31	9	35	43	21	6	7	1	50	20	14	21	
15	37	6	17	9	5	46	8	5	8	31	27	46	17	8	37	2	46	13	6	
23	10	24	8	3	13	28	43	8	11	47	24	39	29	46	38	30	29	20	9	
37	36	14	35	27	18	48	30	40	28	49	32	36	40	23	16	18	10	23	7	
28	16	2	3	35	43	32	16	31	15	49	3	5	5	20	36	20	41	38	35	
29	16	50	4	17	37	15	27	24	8	17	6	11	42	21	2	43	26	38	50	
7	13	27	40	35	5	12	17	20	9	23	23	42	34	44	47	46	22	21	17	
7	33	11	28	17	26	50	36	27	41	15	36	42	4	5	22	27	44	46	26	
14	15	49	27	5	47	39	28	24	31	17	1	36	3	38	6	42	21	35	19	
7	29	45	34	41	37	9	32	38	28	47	14	23	13	32	49	15	37	8	26	
36	23	24	26	43	16	27	17	12	42	49	6	32	47	3	49	21	22	7	29	
22	10	10	47	10	12	5	32	2	35	10	4	42	42	31	41	18	18	43	27	
34	17	23	2	34	10	37	21	44	7	30	12	38	25	18	29	19	23	7	39	
29	33	48	32	23	33	15	49	45	14	41	17	14	46	2	6	43	40	30	5	
10	20	14	40	44	32	45	40	31	42	6	11	50	31	8	35	21	45	26	28	
27	32	43	50	21	5	22	19	43	28	17	17	5	24	46	47	46	39	49	30	
26	18	14	43	7	50	14	42	14	41	27	45	15	44	11	39	36	35	27	48	
12	19	24	49	29	27	23	32	41	49	1	7	42	28	26	15	5	6	3	41	
5	34	37	36	35	26	39	30	41	48	16	9	49	10	14	21	19	5	24	2	
On machine	5
47	31	27	20	24	44	21	34	36	22	37	29	24	50	35	13	40	32	24	44	
48	33	13	12	17	12	11	16	29	32	9	28	21	48	50	48	43	44	34	6	
45	7	9	44	2	2	27	35	10	2	22	49	3	42	24	1	24	5	10	47	
19	32	20	39	43	38	33	25	24	40	40	1	27	27	24	7	19	18	50	10	
34	9	38	22	29	42	26	2	11	43	25	48	35	21	41	34	34	7	21	39	
9	29	11	30	16	9	26	21	50	15	34	23	37	17	21	41	21	48	28	39	
15	6	39	12	42	11	23	3	28	1	4	8	8	34	34	25	34	45	7	15	
36	22	38	4	7	24	22	20	3	50	2	21	3	34	22	14	39	42	6	25	
27	12	38	4	2	34	14	50	25	16	2	32	32	4	15	44	48	11	26	15	
3	25	46	23	28	26	50	39	13	49	41	9	41	42	43	47	19	23	27	50	
11	29	47	16	24	9	3	14	24	48	32	44	38	39	9	14	49	50	6	28	
32	29	13	15	9	22	8	10	18	18	36	11	17	23	8	41	12	29	39	8	
27	40	46	40	34	2	49	25	22	34	36	31	44	1	2	28	33	49	22	38	
7	25	11	7	17	16	8	4	6	13	40	35	41	38	24	43	17	20	29	31	
5	24	31	46	24	14	35	7	13	1	33	33	48	4	41	41	23	13	48	36	
1	41	27	33	12	24	10	22	30	11	44	49	30	46	21	3	32	6	36	10	
38	8	40	48	17	9	34	49	36	44	44	30	43	33	15	2	30	6	20	17	
40	25	35	29	47	40	31	27	9	40	31	44	47	20	11	20	1	27	38	7	
17	45	19	31	30	22	17	5	48	6	16	36	17	6	33	33	13	29	4	36	
10	33	42	48	32	47	19	8	11	50	48	22	48	39	50	44	29	50	32	41	
On machine	6
10	22	20	35	1	23	49	10	50	20	23	36	12	46	37	42	49	1	11	34	
6	28	1	5	9	26	24	4	12	49	47	11	19	43	28	43	49	32	30	46	
14	35	42	14	10	10	47	25	29	41	49	26	11	34	15	2	6	20	39	48	
5	19	31	43	14	1	21	15	4	47	24	49	15	50	50	15	23	41	47	23	
39	39	27	10	23	32	18	43	34	13	50	44	45	14	33	7	30	11	12	12	
34	26	23	29	31	25	5	33	26	41	43	39	34	24	6	33	24	2	7	42	
4	14	33	11	15	18	21	8	6	23	7	33	36	9	40	15	1	31	38	25	
39	44	9	4	15	15	42	11	38	39	48	26	5	48	4	37	16	27	24	35	
25	44	36	17	15	38	14	49	43	13	33	43	40	3	21	43	48	25	39	1	
25	18	48	35	4	40	43	28	41	5	39	12	13	9	17	18	47	45	18	21	
39	29	17	27	16	32	6	38	40	35	22	41	1	8	10	22	6	16	38	49	
3	23	31	3	48	4	49	42	45	23	39	23	45	11	8	22	24	5	8	7	
7	40	11	34	35	23	35	30	23	28	21	3	39	21	20	41	6	24	50	15	
3	42	29	8	35	30	14	10	25	28	22	11	12	14	19	8	5	46	18	10	
45	50	14	26	11	46	1	22	21	26	10	50	6	33	49	13	22	11	20	43	
24	5	43	18	28	47	18	16	38	8	37	30	17	28	37	15	9	27	14	42	
15	39	21	1	40	33	14	20	45	7	48	2	5	48	4	41	16	24	42	25	
23	21	22	15	36	43	20	39	48	6	33	28	6	12	43	44	8	7	44	42	
45	18	9	3	37	19	40	41	35	33	37	10	43	3	39	30	32	1	36	2	
5	27	11	48	34	19	14	30	21	6	21	30	16	48	36	14	17	18	37	46	
On machine	7
23	43	34	4	2	37	9	23	33	6	24	45	14	49	47	27	42	40	25	34	
50	13	46	40	17	47	42	43	10	44	19	5	10	36	47	18	12	6	4	5	
3	31	35	17	10	10	16	37	22	13	21	34	13	39	20	48	25	32	18	49	
5	2	42	11	34	37	36	30	18	34	19	40	43	15	29	5	4	16	11	24	
28	20	39	38	17	15	32	48	31	24	8	43	13	38	45	1	15	20	23	6	
9	16	24	7	23	16	27	9	20	39	42	24	1	32	48	22	16	30	32	37	
4	18	40	40	5	10	35	46	6	40	27	36	41	23	50	11	25	32	15	5	
43	39	18	5	22	15	18	28	44	4	33	15	29	18	37	23	8	49	30	1	
12	41	44	18	14	32	34	37	8	18	10	15	50	4	43	48	36	40	33	4	
47	7	44	20	21	19	42	33	23	24	27	36	10	12	35	35	4	15	2	17	
18	36	8	46	39	40	15	22	46	22	39	11	11	23	19	3	49	28	7	50	
20	22	16	7	43	26	27	49	31	27	20	4	15	49	8	36	46	20	12	5	
46	18	23	45	38	38	31	30	41	34	24	41	44	37	47	12	15	25	40	6	
40	2	42	13	7	9	15	16	37	32	21	50	21	49	35	1	15	8	28	42	
2	27	25	14	39	48	20	26	38	29	3	29	20	46	8	29	1	35	50	7	
11	4	40	8	21	12	23	21	23	17	43	1	29	21	37	11	33	26	43	40	
3	16	50	19	35	37	8	23	16	42	30	15	19	38	43	5	47	2	7	46	
29	47	5	27	9	45	45	41	34	43	44	42	26	32	22	40	18	32	44	32	
34	34	17	15	37	12	12	30	28	37	2	17	10	22	41	42	39	4	2	32	
48	40	21	4	24	22	35	19	32	28	1	3	9	23	45	47	12	27	48	17	
On machine	8
33	48	35	1	17	36	20	15	29	15	11	26	45	41	42	26	36	41	10	17	
35	31	40	37	9	6	39	26	4	10	2	23	31	30	37	4	5	9	18	11	
42	1	47	30	15	14	31	44	1	44	46	7	48	29	45	13	15	39	28	44	
2	24	29	1	27	48	19	23	15	1	10	42	9	25	50	22	47	24	16	45	
37	43	17	43	39	13	30	4	25	20	42	49	3	11	12	8	47	31	37	47	
21	5	26	3	1	11	28	2	15	28	33	19	35	28	28	21	42	39	27	44	
12	18	14	21	35	34	37	45	17	23	9	21	45	18	19	34	28	23	3	46	
25	45	41	13	34	24	18	18	23	50	10	27	49	12	5	34	18	45	27	47	
19	49	42	17	14	25	27	43	1	12	48	34	27	14	38	20	25	6	29	42	
29	33	46	46	15	6	2	36	14	49	18	10	5	10	20	19	10	26	34	18	
31	12	22	26	43	24	37	50	32	24	13	41	12	28	32	11	39	4	33	48	
35	5	47	16	1	26	35	39	20	1	31	49	39	41	32	5	2	2	4	49	
32	3	39	48	2	2	25	20	11	15	2	16	24	42	6	9	37	8	27	25	
48	5	41	30	7	13	9	50	46	25	32	23	39	37	12	5	32	7	21	49	
39	15	25	24	16	31	14	49	23	30	1	20	20	16	20	42	6	1	41	3	
28	22	7	34	19	24	12	45	46	49	21	44	36	37	42	18	46	20	22	30	
3	18	35	28	10	45	16	3	43	40	44	46	37	49	22	19	24	2	50	30	
24	28	44	23	35	40	5	49	50	43	21	36	41	25	29	45	41	28	13	44	
1	23	43	6	26	5	7	14	46	16	19	10	25	27	6	14	41	16	11	46	
46	25	16	2	23	24	23	46	34	25	12	46	6	2	17	45	14	22	5	27	
On machine	9
29	47	37	10	1	1	34	32	34	25	47	2	21	19	28	23	48	19	21	37	
29	25	49	30	37	46	28	27	4	12	29	13	40	14	39	10	6	31	23	46	
41	14	23	16	2	44	22	35	6	25	26	24	28	19	28	15	31	50	45	34	
23	43	9	38	29	31	3	39	44	47	34	18	24	40	42	7	41	13	31	5	
37	14	46	8	42	30	19	39	17	17	28	46	20	12	29	26	39	5	37	42	
48	3	37	15	49	24	21	5	30	50	31	32	23	3	24	41	38	3	5	41	
7	23	33	24	12	19	21	38	7	46	12	33	23	27	42	28	17	34	39	34	
28	49	2	5	1	48	33	30	28	24	49	14	39	35	9	33	5	2	10	1	
42	40	7	29	21	1	16	44	2	9	22	46	24	9	14	13	38	5	16	4	
49	26	3	32	35	36	38	18	24	26	8	32	4	35	43	40	16	38	14	40	
31	19	8	37	23	21	50	9	38	34	24	17	36	6	34	35	14	19	36	9	
10	3	18	6	30	27	35	45	24	43	31	9	41	5	17	48	10	13	13	47	
37	44	37	1	38	21	44	41	16	20	10	6	43	33	32	42	27	25	36	12	
47	29	32	13	9	15	7	1	5	9	13	38	14	8	42	8	9	29	24	23	
48	42	35	22	29	33	28	45	34	35	47	33	46	31	45	44	14	16	7	43	
25	8	8	25	45	3	21	27	4	12	43	18	20	19	9	19	10	23	14	8	
14	41	5	43	5	20	36	1	11	9	41	46	7	42	48	23	41	35	42	27	
32	18	45	27	28	20	47	31	44	4	8	7	13	32	5	41	26	27	24	8	
5	41	26	42	10	20	48	7	41	29	25	5	19	35	28	48	50	42	19	47	
36	35	45	9	39	33	50	10	17	49	42	29	46	12	24	26	43	39	10	47	
On machine	10
35	14	28	14	24	39	2	5	22	27	50	33	32	18	38	28	22	37	38	26	
41	28	30	22	50	23	45	17	31	37	16	27	8	37	37	35	5	7	15	25	
6	42	21	2	10	8	21	44	20	16	36	26	42	48	34	18	13	9	18	50	
4	26	5	29	47	46	21	45	6	32	28	17	22	21	30	4	17	47	37	6	
20	11	4	49	38	16	2	46	4	27	43	31	49	29	50	43	16	28	28	28	
46	29	3	24	27	25	44	9	43	30	41	46	14	25	48	17	28	44	19	31	
45	40	41	22	14	32	35	37	30	24	8	28	23	40	46	2	3	1	6	24	
19	43	49	12	12	28	26	26	50	27	16	48	30	44	30	28	40	1	20	23	
18	21	50	16	35	28	38	38	8	37	21	41	47	21	16	36	12	48	11	14	
33	19	36	33	20	31	2	39	5	39	49	26	17	42	22	14	5	38	36	46	
15	7	49	15	10	39	36	38	40	32	12	33	35	38	3	19	35	2	16	14	
16	44	26	43	50	8	27	4	30	10	40	46	28	21	17	35	2	39	31	7	
45	28	50	24	48	12	33	18	34	31	46	24	35	28	46	34	14	26	43	17	
45	15	24	17	42	19	22	39	40	49	25	14	25	33	40	45	46	45	39	14	
42	28	17	43	15	36	2	7	18	36	13	37	25	40	46	11	34	9	11	7	
27	41	25	35	24	27	12	12	15	36	31	29	22	9	35	28	38	31	6	11	
22	38	50	32	46	12	4	48	25	18	1	12	8	43	11	3	35	36	45	10	
44	9	16	12	37	19	27	18	40	7	35	1	31	27	32	10	10	29	15	6	
6	29	31	11	20	15	41	33	49	24	16	10	43	18	35	20	30	34	45	14	
46	48	25	48	13	7	22	43	20	44	26	15	8	20	2	43	18	4	1	15	
On machine	11
39	6	39	31	12	43	16	29	40	15	40	36	10	10	14	1	5	33	13	50	
22	8	43	37	4	32	16	44	33	31	41	49	48	31	18	25	17	9	22	28	
21	29	5	37	28	22	36	17	46	14	8	37	4	44	6	46	44	5	43	5	
34	40	23	28	10	14	35	41	45	45	37	37	37	12	14	44	13	26	21	31	
8	40	9	37	20	24	2	12	9	16	9	50	19	48	25	38	46	17	8	46	
45	27	35	3	30	34	10	29	30	47	37	11	45	38	45	15	28	48	36	48	
33	26	44	45	2	40	15	32	16	13	31	28	21	4	10	32	42	47	19	7	
20	39	10	10	9	30	19	15	32	19	44	17	37	7	12	1	1	27	13	18	
30	45	5	35	50	20	7	19	15	46	17	20	1	14	27	49	38	20	9	23	
36	40	12	9	12	48	23	25	12	10	24	38	17	10	46	14	6	1	48	15	
13	16	30	22	33	13	4	49	30	42	42	17	37	46	1	32	15	3	37	19	
35	17	32	29	40	43	9	8	43	21	14	22	39	29	4	25	47	16	33	43	
4	24	9	30	20	45	32	5	29	46	1	38	6	35	23	48	1	7	37	41	
22	29	14	41	17	29	48	19	6	17	20	1	50	25	41	21	40	15	33	46	
17	5	12	25	14	22	13	43	20	31	12	39	20	34	4	9	50	7	41	19	
38	50	22	13	10	12	2	26	37	4	8	7	40	18	42	39	49	37	29	2	
48	9	25	4	29	12	34	3	13	18	8	8	14	32	22	5	28	27	30	17	
16	31	8	39	10	41	45	9	24	32	19	33	34	35	3	41	38	15	12	47	
6	48	33	19	5	13	5	25	1	38	37	1	41	30	37	11	12	14	15	17	
23	27	18	21	18	25	8	3	17	49	38	6	40	17	41	9	50	30	20	13	
On machine	12
48	20	17	1	12	15	2	21	36	40	49	23	18	42	39	16	49	39	42	46	
34	9	43	48	42	29	29	50	8	30	3	44	24	7	11	35	26	18	3	42	
16	17	36	12	1	27	7	25	45	28	49	40	45	21	12	3	2	41	36	29	
41	23	1	5	26	7	27	12	28	33	20	27	34	7	48	5	40	31	25	28	
7	39	17	22	37	22	2	14	30	36	49	8	44	20	43	14	9	35	25	45	
12	44	14	35	13	17	26	14	40	32	31	41	30	22	12	7	10	49	50	14	
21	19	32	33	35	28	28	23	41	39	45	15	6	12	11	22	11	37	18	20	
48	46	19	21	44	17	18	49	6	2	38	17	8	13	10	40	46	36	33	13	
26	42	18	49	48	46	34	21	29	43	42	9	25	6	13	45	2	6	41	46	
46	47	49	21	17	38	5	40	10	43	35	27	35	19	21	5	9	18	47	28	
7	20	46	21	17	47	13	40	4	13	5	4	30	3	25	39	4	12	20	43	
49	15	44	45	17	9	21	25	42	47	2	24	44	6	36	13	14	34	37	35	
6	26	30	3	27	40	10	1	28	50	16	8	9	16	3	44	29	45	50	29	
4	39	48	33	33	31	49	50	8	28	29	40	10	43	5	38	21	14	28	23	
32	23	35	25	15	39	14	2	24	31	30	13	3	16	46	43	50	10	10	4	
10	38	28	7	34	17	46	46	28	50	4	18	50	28	22	45	24	46	48	20	
35	45	30	20	17	25	15	40	47	34	4	45	38	15	47	23	39	29	39	1	
40	29	13	15	20	44	10	33	37	43	34	10	48	22	24	12	22	43	36	27	
2	6	32	47	34	9	26	37	22	16	4	14	49	22	40	39	17	37	3	21	
6	14	39	11	46	40	18	17	6	15	12	1	48	27	48	25	6	28	35	10	
On machine	13
29	18	21	15	28	4	50	48	23	8	13	42	21	10	13	9	9	32	45	5	
34	2	24	26	42	46	15	5	35	33	20	48	28	22	48	45	27	14	35	6	
13	45	2	19	8	35	16	24	7	46	4	15	2	42	42	3	44	26	8	21	
30	23	30	50	7	11	45	34	24	11	26	29	30	48	50	27	2	23	48	7	
34	48	25	31	27	19	14	36	27	4	6	26	44	11	14	43	23	15	13	24	
22	44	19	18	34	36	7	24	11	16	24	21	4	34	37	6	8	28	50	6	
24	30	2	40	5	40	49	20	40	25	11	8	26	2	31	40	5	9	36	3	
31	45	20	33	39	35	27	10	24	25	36	29	31	17	37	36	16	35	45	22	
35	40	7	42	26	42	11	50	43	15	34	9	33	1	7	13	42	33	5	39	
25	25	20	42	20	8	7	29	35	38	8	34	14	36	27	30	44	48	25	1	
45	27	31	14	5	39	43	13	42	23	1	17	30	17	18	21	7	34	11	24	
40	46	1	37	41	31	48	2	15	3	29	40	6	4	4	43	1	22	30	17	
29	1	23	50	44	34	11	29	40	7	8	16	37	9	20	13	12	3	21	44	
36	32	37	28	27	19	20	42	11	44	17	28	41	16	19	27	17	47	21	46	
35	5	37	12	28	10	16	7	42	27	42	43	32	39	47	39	48	27	14	42	
3	18	43	19	48	2	29	24	33	10	35	18	39	25	9	1	39	15	28	23	
43	44	23	44	8	20	30	7	22	19	18	19	50	18	28	28	1	36	18	43	
8	25	17	4	12	31	21	38	41	24	42	27	8	25	13	4	6	9	13	35	
14	39	9	22	16	13	9	18	21	44	16	23	17	33	17	13	7	19	9	50	
48	8	27	34	22	37	31	46	32	46	5	11	41	11	30	48	16	14	19	12	
On machine	14
1	48	32	10	42	35	43	27	7	50	1	10	25	29	8	24	14	27	9	15	
3	36	25	44	4	48	46	19	5	44	20	45	23	23	19	13	13	19	29	21	
30	33	49	44	11	8	14	34	29	7	41	16	18	19	39	23	12	8	48	10	
11	37	4	41	41	5	43	12	39	47	27	22	10	19	11	2	6	30	39	30	
9	21	31	22	50	17	47	36	19	9	5	4	48	3	10	10	21	19	36	39	
10	11	34	16	35	29	43	11	30	34	39	25	34	12	31	1	50	39	25	3	
6	25	42	37	27	5	10	47	24	16	30	35	49	11	43	45	26	28	2	2	
2	34	37	23	11	2	44	1	46	35	19	6	18	27	23	40	19	31	23	43	
25	11	25	36	30	40	4	23	22	5	15	50	42	31	9	15	35	40	16	24	
49	50	49	32	27	7	16	15	4	29	40	50	14	39	37	31	4	38	2	21	
43	48	29	19	1	30	27	42	12	17	26	3	8	1	40	13	42	27	20	24	
1	16	16	2	28	11	40	32	16	26	50	11	5	44	3	46	44	37	34	50	
17	25	3	27	27	22	35	7	16	3	48	28	34	9	31	16	35	43	7	31	
11	5	45	32	41	16	11	46	14	46	39	42	22	11	17	13	42	26	34	32	
5	43	34	44	31	2	50	37	36	27	49	16	6	38	42	31	14	23	35	30	
50	47	45	41	2	13	26	39	30	41	24	15	6	37	44	14	22	28	32	7	
43	24	29	38	13	49	43	9	47	18	30	43	18	29	37	29	26	16	35	40	
16	22	6	9	43	18	19	9	30	44	11	21	23	33	19	39	12	28	31	32	
18	45	47	5	48	41	34	11	27	40	2	11	4	19	29	19	20	31	12	7	
3	11	27	24	48	43	11	40	46	45	30	18	9	23	39	30	41	35	12	49	
On machine	15
31	35	6	9	42	42	26	43	10	11	33	9	3	45	5	7	9	24	45	9	
50	2	50	24	22	37	4	11	10	31	34	12	32	22	37	33	17	29	44	30	
50	34	3	25	16	35	3	9	42	44	14	26	2	27	48	36	5	39	8	40	
40	5	30	35	8	13	14	18	29	17	50	41	45	21	34	42	45	6	28	10	
5	35	24	6	3	7	21	8	49	10	3	20	17	26	40	36	27	26	13	3	
32	6	38	50	27	30	50	21	41	37	10	16	16	31	10	25	5	26	41	41	
40	17	40	44	42	47	16	33	15	39	10	32	12	10	48	7	23	14	15	18	
34	32	19	29	22	44	20	15	23	29	6	18	25	43	47	30	8	6	36	8	
42	11	16	29	38	2	47	17	24	25	25	36	28	33	13	23	2	10	22	45	
47	48	34	32	40	36	48	30	50	43	2	23	29	29	3	25	24	29	7	14	
8	1	33	5	31	24	12	28	31	15	29	35	31	18	2	1	14	35	6	36	
41	30	24	14	37	33	13	22	43	29	45	3	4	29	33	25	32	37	37	37	
22	18	25	15	32	43	19	18	7	6	31	10	13	16	31	7	30	42	33	26	
36	33	7	1	39	41	26	47	14	19	43	46	34	15	9	34	35	30	35	18	
37	25	42	14	34	2	27	19	27	11	16	18	47	21	34	15	25	33	15	36	
47	7	11	27	42	21	16	10	47	3	34	44	3	3	31	12	2	32	23	41	
33	19	13	3	32	50	48	21	28	23	3	48	27	17	1	18	10	50	44	50	
36	8	39	50	46	4	26	16	48	44	1	20	41	29	47	2	40	2	49	45	
34	11	10	3	18	27	33	5	17	40	28	50	12	16	35	30	1	25	31	46	
18	8	14	16	17	33	24	36	10	49	32	13	20	15	28	36	7	47	35	17	
On machine	16
28	50	44	39	43	46	39	45	11	1	24	40	47	20	1	16	17	24	12	24	
6	10	41	30	34	33	13	45	9	13	9	15	26	28	24	28	40	2	22	40	
11	31	27	22	26	1	13	6	20	29	46	41	10	31	7	20	6	30	39	30	
4	10	36	33	14	44	5	10	16	11	8	41	10	50	33	46	38	25	38	41	
46	6	40	15	28	10	33	36	41	3	45	45	8	29	32	14	25	30	32	22	
39	27	14	8	49	14	33	7	41	40	18	49	1	31	47	21	26	29	32	44	
14	43	20	33	34	29	18	29	50	28	32	30	7	14	49	48	41	8	8	11	
5	37	22	36	47	9	47	2	19	18	20	8	27	9	24	36	2	4	34	18	
3	39	45	31	45	11	19	41	46	26	42	26	28	6	40	11	44	6	13	21	
37	13	1	9	1	28	27	44	41	27	41	18	25	41	43	18	24	48	22	1	
18	37	46	46	7	25	33	16	20	33	13	6	17	17	8	16	2	21	30	28	
10	1	6	4	23	29	35	9	33	11	46	29	36	34	15	18	48	19	23	49	
11	7	46	49	5	8	13	27	25	37	17	11	42	31	34	46	50	8	40	42	
48	12	47	28	26	34	26	30	46	26	45	28	44	7	25	24	35	50	8	46	
34	44	25	28	11	34	41	3	25	2	21	44	48	19	4	8	7	4	37	24	
22	38	6	48	21	19	50	30	21	41	9	20	13	37	31	31	46	11	49	14	
33	16	48	41	18	33	11	17	41	48	34	47	16	11	27	10	4	7	1	18	
29	4	16	12	40	13	8	41	23	19	15	22	25	25	32	25	38	20	8	47	
14	38	23	48	26	50	35	21	21	9	26	40	49	40	28	12	16	8	24	24	
46	49	1	36	33	28	41	12	12	49	28	18	44	30	1	41	8	26	48	9	
On machine	17
42	6	26	39	6	40	19	28	4	29	47	22	47	34	15	11	48	15	23	46	
26	23	31	4	16	37	42	13	40	33	21	46	36	42	8	2	22	19	31	15	
27	14	10	7	16	44	5	35	17	30	36	31	45	32	9	4	8	4	32	7	
23	45	3	2	11	11	17	37	16	6	38	3	39	14	40	29	32	13	20	1	
14	3	9	11	30	50	15	19	42	19	34	20	31	41	1	29	28	35	6	36	
23	12	10	46	13	43	48	1	33	1	19	14	47	11	1	45	2	22	50	6	
49	16	41	4	19	35	47	33	31	44	45	32	37	26	7	12	32	4	8	5	
49	34	32	23	50	45	4	17	9	25	13	41	5	12	31	49	10	18	1	26	
42	41	42	36	1	43	50	11	10	37	25	12	42	10	17	20	14	6	2	9	
21	20	15	7	47	40	48	43	34	12	26	11	29	1	29	46	20	44	14	9	
50	14	44	19	12	31	37	19	14	17	15	27	26	20	40	36	31	33	24	8	
47	24	42	9	41	17	34	33	12	18	29	40	49	34	47	29	3	14	45	44	
19	25	39	6	37	48	31	41	7	12	47	41	2	37	2	15	27	48	10	7	
24	24	6	33	14	40	25	20	44	37	16	9	21	26	11	6	43	29	29	1	
21	16	39	8	18	2	15	44	16	16	9	33	14	38	31	22	9	4	16	14	
30	31	10	18	38	18	3	15	23	9	1	16	14	6	6	29	41	5	2	47	
33	43	3	17	23	17	16	34	47	30	14	14	48	19	38	16	38	45	45	38	
47	33	2	13	12	33	4	18	14	50	49	33	12	1	16	15	26	40	49	9	
49	17	22	9	4	8	19	50	46	41	9	20	18	37	29	42	5	31	20	46	
11	34	30	8	28	6	26	39	16	21	49	17	10	40	41	5	5	3	38	31	
On machine	18
44	49	40	31	18	12	35	13	25	47	24	42	48	24	34	2	39	31	41	34	
37	18	48	2	35	27	31	30	44	36	38	7	35	1	27	49	48	45	47	40	
4	13	19	49	7	38	42	38	46	49	49	6	25	9	5	32	32	13	8	9	
23	21	25	46	33	35	45	37	49	30	28	33	27	20	49	38	32	46	9	19	
7	27	15	30	22	22	38	1	1	30	15	4	3	31	29	12	49	31	9	30	
19	38	44	48	26	23	22	37	40	22	13	41	8	15	2	6	33	17	23	38	
2	13	41	20	39	44	16	8	50	42	45	32	35	33	5	43	14	46	34	39	
45	2	14	25	5	26	37	38	36	50	24	47	28	18	30	3	23	45	32	4	
44	45	38	4	13	47	34	7	2	46	35	8	29	16	4	47	1	31	34	40	
7	3	5	10	11	3	31	23	18	18	18	43	46	1	37	1	40	1	12	16	
14	12	43	49	26	6	5	11	40	1	39	47	28	23	24	25	18	5	11	27	
19	26	45	36	14	29	33	33	4	20	39	45	33	18	23	27	44	9	11	28	
14	19	13	11	25	9	5	2	29	40	46	35	3	35	22	8	28	31	50	5	
21	36	48	15	40	48	24	31	28	42	25	4	10	4	7	48	26	32	31	23	
19	41	33	29	42	46	20	16	5	4	7	16	26	2	7	1	4	35	35	9	
22	50	34	24	40	42	11	46	48	50	24	26	33	3	50	10	5	43	30	36	
25	8	47	21	11	39	22	33	27	7	45	1	26	8	3	35	38	32	44	31	
4	43	24	27	36	36	24	35	31	48	47	19	13	21	31	32	32	9	49	2	
13	31	6	48	18	47	12	35	3	5	30	41	17	10	39	20	27	11	20	39	
21	29	32	1	14	20	42	1	29	47	1	44	30	17	13	41	35	30	28	40	
On machine	19
38	44	36	14	17	12	2	33	17	4	38	37	50	39	38	14	45	11	11	12	
39	6	38	8	34	37	19	45	23	6	15	12	12	23	17	43	26	26	50	47	
23	3	48	40	3	14	31	37	41	11	48	15	21	27	43	32	27	23	35	25	
40	25	18	12	12	42	23	18	34	15	17	2	6	43	19	5	26	3	33	39	
26	32	7	20	11	37	14	40	13	3	35	48	3	46	31	36	2	37	5	48	
14	48	24	40	40	24	14	39	46	37	2	5	21	14	3	6	16	33	44	47	
50	48	41	35	45	36	24	24	17	4	46	6	17	28	32	42	38	5	46	6	
7	40	5	33	34	49	37	17	42	1	17	21	27	48	7	8	25	11	41	29	
36	45	23	46	37	19	41	16	33	37	5	49	47	44	42	27	40	34	7	39	
42	25	31	20	24	45	19	15	31	7	5	16	6	18	43	30	41	50	46	27	
42	2	47	22	29	14	8	7	13	17	42	26	39	12	37	50	4	46	42	28	
16	35	46	27	27	39	6	14	25	43	6	24	24	19	20	44	49	24	26	25	
29	43	35	3	36	44	24	22	6	46	10	11	49	42	48	22	13	42	29	21	
23	21	49	15	7	38	41	9	6	47	31	42	32	35	31	39	36	3	30	18	
22	19	26	10	1	15	26	2	15	48	44	30	16	50	23	32	25	3	5	27	
9	18	13	44	34	12	23	37	12	49	41	4	13	7	32	26	23	13	46	3	
7	49	24	32	39	14	12	2	30	28	35	28	21	48	6	7	37	38	46	5	
21	18	38	16	10	45	35	16	31	27	4	10	28	10	47	35	7	26	16	44	
27	34	27	21	3	32	12	41	20	38	17	4	49	23	33	26	49	9	29	47	
26	3	12	49	9	5	24	17	39	44	5	26	42	45	22	32	32	35	15	26	
On machine	20
34	42	41	50	43	20	20	9	26	18	35	3	14	16	30	38	22	9	37	17	
34	4	34	39	12	38	37	47	10	35	36	2	37	16	49	12	5	34	11	36	
6	18	4	2	13	4	35	13	22	10	20	45	9	18	47	38	42	32	19	44	
26	50	29	18	41	2	43	11	13	13	16	30	17	39	2	5	49	7	24	36	
41	16	29	47	41	25	48	42	10	37	21	20	13	45	28	14	13	6	41	13	
3	25	43	19	38	26	30	14	45	8	43	10	36	28	37	33	41	27	9	5	
2	33	21	33	44	11	46	10	1	17	3	1	49	13	49	33	14	10	6	25	
25	35	25	49	41	38	33	30	46	42	42	41	28	5	16	26	29	18	4	34	
21	38	50	44	9	34	34	49	25	41	42	30	32	31	40	30	7	42	31	1	
28	50	37	5	20	32	14	29	24	7	42	36	5	35	40	36	39	47	10	1	
39	15	14	33	43	4	27	20	7	45	45	9	31	27	21	7	25	33	7	31	
3	34	43	3	16	8	49	19	1	2	2	32	19	24	15	10	18	5	6	36	
9	28	4	44	36	49	44	13	9	48	48	40	15	50	11	9	23	46	41	48	
35	18	35	35	18	30	3	14	37	33	35	49	5	45	26	29	49	23	38	9	
31	27	27	47	45	27	13	50	46	50	49	46	30	48	10	40	17	13	49	44	
47	11	29	10	9	4	26	44	39	28	2	49	21	10	35	24	41	19	15	8	
4	37	34	3	11	27	8	36	45	14	13	13	28	27	12	10	35	50	48	3	
32	26	20	39	35	8	49	18	5	32	48	6	49	16	40	9	8	39	9	48	
38	17	31	43	31	38	19	20	37	5	16	14	10	17	43	36	43	18	24	15	
37	31	40	7	32	42	9	14	24	4	27	10	27	41	17	18	46	31	14	39	
On machine	21
32	49	23	8	28	32	23	45	43	37	20	1	38	14	33	18	42	19	41	21	
11	8	23	15	16	38	18	15	14	49	33	10	12	37	14	27	38	19	21	8	
2	7	24	47	5	11	23	26	8	14	16	21	8	39	43	43	10	42	28	25	
20	26	2	28	45	1	9	4	8	41	17	8	46	22	25	36	27	12	20	4	
16	18	12	10	5	29	21	13	47	47	4	49	25	23	11	31	19	26	26	31	
38	34	20	16	34	46	49	38	27	4	32	26	35	27	22	31	7	16	40	20	
38	2	46	14	2	26	6	22	15	8	15	45	11	24	9	36	13	16	16	26	
45	36	12	46	10	10	13	19	26	32	46	14	14	43	14	18	49	26	11	24	
5	42	39	22	9	22	2	14	15	36	29	23	23	48	25	13	43	40	23	39	
23	3	1	21	16	39	30	24	9	35	2	7	37	46	16	42	9	27	15	41	
22	17	4	10	10	47	46	46	41	1	30	49	41	47	33	46	20	10	46	37	
41	3	45	42	45	11	47	23	4	23	5	26	14	10	29	34	14	49	43	21	
49	20	14	27	32	43	7	35	48	7	12	16	29	32	44	32	34	22	42	29	
19	48	28	35	29	41	3	11	33	13	49	19	23	27	26	7	15	4	49	27	
1	7	36	42	47	20	27	19	38	48	17	41	39	24	28	36	21	28	39	34	
42	24	26	7	34	3	31	15	22	21	47	18	21	38	25	15	40	50	4	17	
43	44	8	27	11	31	44	4	13	14	19	40	9	44	39	34	10	36	7	45	
32	32	35	49	16	49	44	22	50	32	10	47	11	11	25	42	23	21	46	7	
8	23	44	47	5	19	39	29	12	5	21	49	20	7	28	29	34	13	29	30	
2	41	45	3	37	41	36	18	25	4	14	31	25	9	38	8	11	34	20	43	
On machine	22
34	11	49	19	35	28	29	20	33	26	13	1	28	46	4	14	30	48	23	10	
30	44	20	16	9	2	43	6	2	32	27	12	9	9	13	29	39	10	14	36	
9	21	18	21	44	34	19	1	18	50	41	9	2	11	6	48	5	44	5	12	
27	42	11	34	19	37	1	22	21	19	34	30	19	43	20	18	21	40	3	41	
22	32	20	18	35	33	49	2	21	29	14	27	42	40	4	35	41	35	14	22	
40	26	13	19	12	34	27	32	28	37	34	45	29	45	37	37	13	30	32	47	
29	2	44	36	22	21	8	50	1	15	2	12	47	44	19	26	6	45	32	46	
12	4	20	46	32	38	36	32	43	36	39	39	44	46	19	48	11	38	49	49	
18	26	40	3	10	8	15	41	30	50	3	31	23	43	32	43	15	48	43	24	
7	11	31	30	46	8	23	3	10	49	41	13	15	27	46	14	40	9	36	41	
26	41	27	5	41	37	4	16	49	15	4	32	11	41	19	39	28	44	9	6	
14	33	48	11	10	2	21	23	18	11	20	5	25	47	42	17	15	19	11	27	
6	34	41	2	50	32	6	21	18	13	14	29	32	49	17	26	30	17	9	23	
40	37	1	19	41	12	25	6	49	1	31	16	35	33	30	42	43	40	29	43	
26	38	30	2	8	20	42	10	40	46	7	8	49	5	16	38	31	46	29	10	
47	48	6	21	31	6	40	16	47	9	27	16	37	11	28	40	48	34	38	50	
29	40	17	5	4	15	48	42	16	12	17	37	8	2	6	1	28	47	49	16	
25	20	3	42	25	50	30	30	22	43	32	43	39	24	48	44	50	20	34	16	
45	18	12	16	21	47	44	8	25	26	4	24	14	14	19	9	36	21	27	6	
49	31	32	22	30	39	16	3	35	3	50	39	40	5	38	17	30	11	43	34	
On machine	23
23	24	31	24	1	10	25	24	39	16	25	8	11	14	16	5	43	13	22	3	
41	42	12	8	16	21	31	9	46	48	18	3	30	28	38	45	5	27	27	34	
36	13	23	15	32	8	17	17	6	48	12	43	19	29	14	34	1	17	10	44	
6	10	30	40	37	38	39	34	31	35	28	1	14	15	31	40	11	11	34	29	
29	10	40	16	21	6	28	8	19	44	14	4	19	19	6	27	29	26	32	44	
46	46	22	34	9	39	43	40	44	37	48	12	21	32	14	33	17	45	27	7	
11	12	43	35	5	24	35	46	16	35	31	50	6	2	2	18	48	38	3	14	
48	25	30	38	1	30	24	24	42	8	30	45	1	11	4	20	49	36	50	43	
42	17	48	27	17	36	17	32	45	29	29	19	24	12	27	19	43	48	39	36	
24	23	20	30	40	32	25	10	47	8	34	28	6	23	3	40	15	13	25	32	
14	46	39	22	49	2	7	2	2	41	18	40	16	5	9	30	24	20	47	13	
38	12	38	15	27	11	50	30	43	9	19	10	13	18	14	44	25	19	4	13	
24	28	32	3	45	26	37	7	16	16	5	2	24	1	37	35	3	13	29	28	
18	38	46	3	20	3	49	25	33	3	18	42	5	5	10	16	3	33	38	8	
33	48	48	15	41	8	1	28	28	1	31	34	32	44	22	44	15	31	35	38	
14	29	36	8	28	19	50	14	44	15	10	39	36	28	15	34	5	48	44	41	
46	28	28	35	7	8	20	46	7	45	35	1	11	34	42	21	20	37	16	27	
18	20	45	15	10	39	28	11	40	13	28	40	5	32	6	24	14	14	27	15	
15	36	24	37	27	49	42	48	21	50	23	31	13	18	4	47	12	12	17	14	
18	44	17	4	23	47	38	47	44	23	20	23	25	32	40	31	17	5	20	41	
On machine	24
4	22	14	44	42	13	33	13	12	5	25	28	9	31	35	9	4	39	35	15	
34	23	13	30	50	49	28	33	42	2	27	49	48	32	49	43	13	13	46	13	
8	46	23	8	39	41	20	37	6	44	35	14	2	1	12	30	30	23	21	11	
32	19	12	5	27	49	34	31	46	42	4	14	50	12	38	11	47	32	17	1	
29	32	37	33	22	15	20	5	1	16	48	21	48	4	34	46	3	41	11	45	
16	30	18	23	9	22	35	15	47	24	18	4	3	50	41	19	14	21	10	15	
1	50	26	15	6	49	34	29	45	23	10	7	5	39	23	28	6	26	8	25	
5	1	19	4	50	5	39	1	39	2	22	17	18	47	18	46	27	26	18	9	
35	8	27	9	26	2	35	11	7	20	41	44	11	14	18	47	19	45	30	10	
38	14	39	36	39	48	34	27	46	28	9	5	36	43	33	3	6	40	44	32	
15	40	2	9	5	23	43	37	11	24	32	14	49	12	34	44	9	17	25	23	
24	22	48	17	34	12	50	9	23	10	17	50	22	34	13	17	38	22	20	24	
19	44	9	50	2	39	16	19	14	33	27	34	30	5	17	38	24	22	47	19	
2	50	3	25	12	44	15	45	44	42	28	41	1	35	33	23	18	27	7	38	
5	25	27	1	19	47	9	39	14	28	36	42	46	15	39	12	12	12	13	46	
45	1	19	14	23	44	40	14	48	35	45	11	49	26	10	18	10	10	3	43	
49	11	19	26	14	15	5	21	32	16	30	25	29	25	5	15	20	39	4	11	
16	44	34	19	41	28	15	18	49	24	14	3	24	5	10	15	3	8	13	21	
1	25	44	7	34	11	3	39	21	45	8	30	9	44	32	39	33	19	46	4	
8	2	9	20	12	24	33	1	4	47	23	46	35	31	24	22	40	46	41	34	
On machine	25
6	1	12	14	20	28	5	20	44	27	15	13	18	3	16	12	10	12	46	15	
37	40	20	43	14	7	46	2	46	13	45	2	40	1	17	2	8	50	39	3	
15	23	29	15	48	44	28	3	23	46	40	26	8	43	47	30	22	36	6	16	
20	48	2	41	17	19	29	46	14	8	21	18	6	27	8	33	46	5	20	50	
13	29	37	42	19	24	25	16	36	41	49	44	6	31	20	25	17	12	49	17	
41	44	41	45	11	47	6	28	5	49	50	49	28	3	48	17	39	29	5	35	
50	8	3	38	22	10	3	48	23	34	47	34	22	41	28	44	15	12	1	2	
49	1	5	48	25	3	5	17	17	34	4	29	23	5	21	37	13	36	24	17	
26	42	48	23	12	46	1	21	15	1	16	16	1	7	47	7	12	37	44	27	
32	19	49	41	5	10	37	49	37	12	22	34	2	43	12	2	24	8	44	18	
4	22	1	20	21	46	7	38	20	31	20	28	17	5	35	33	24	1	20	29	
25	18	47	3	19	28	19	31	33	24	50	33	17	9	50	34	32	47	26	47	
21	1	28	18	24	12	28	43	14	28	23	29	46	22	33	4	36	33	17	47	
33	22	48	12	25	31	12	26	44	21	6	43	37	36	12	14	43	39	34	45	
10	43	6	33	21	44	42	12	16	24	31	46	40	10	44	15	31	32	20	35	
30	45	29	34	33	9	43	20	21	14	37	9	22	49	10	27	2	41	42	33	
49	43	32	17	37	35	23	4	39	12	34	17	2	18	37	38	2	36	22	40	
31	29	7	45	26	49	35	15	50	6	5	37	23	14	20	34	24	29	39	21	
33	26	48	38	7	7	39	6	33	28	41	42	32	1	19	39	43	2	37	18	
28	37	19	5	9	50	25	12	41	24	49	12	27	2	35	23	10	48	30	5	
On machine	26
36	40	13	20	44	49	23	15	5	44	38	45	21	36	37	22	32	21	4	29	
48	14	8	18	43	47	36	14	4	26	43	33	5	13	34	16	7	40	9	27	
46	23	19	48	35	18	27	43	20	49	4	13	9	48	43	21	35	14	8	25	
44	18	45	1	17	23	20	30	42	22	48	21	34	28	7	29	8	16	28	38	
23	5	38	13	5	39	44	15	20	11	34	11	48	30	4	44	13	27	3	48	
1	11	32	14	48	30	44	10	16	30	31	10	20	10	35	8	18	18	6	42	
32	10	46	12	2	39	7	26	39	33	29	27	12	24	49	7	35	36	2	30	
19	10	29	44	4	48	29	38	12	41	19	44	50	42	45	50	31	38	35	30	
22	6	40	18	17	14	48	5	11	24	24	1	13	43	28	9	42	38	21	48	
10	17	12	5	26	17	12	12	42	23	41	34	29	49	27	33	25	37	4	42	
18	22	35	35	12	16	36	2	4	39	2	15	41	41	15	29	42	37	48	20	
47	12	45	42	18	4	24	48	21	27	27	32	27	20	2	40	27	7	34	33	
23	11	46	12	36	6	9	10	50	37	16	1	13	30	5	33	32	34	18	49	
22	15	2	3	23	41	43	14	7	37	43	38	23	14	47	4	12	49	23	44	
10	31	45	13	13	29	49	49	45	37	44	18	19	23	45	40	8	39	50	43	
8	15	24	45	33	39	20	17	23	23	2	35	30	35	49	42	12	32	40	7	
6	40	9	38	35	13	1	49	49	19	22	41	43	19	49	38	37	25	2	30	
45	7	33	21	24	46	38	2	12	4	8	6	14	14	16	27	14	46	23	2	
29	11	17	30	11	27	25	14	16	31	26	16	49	17	30	19	27	26	44	34	
21	32	38	50	8	6	17	1	33	42	23	20	10	31	13	43	30	26	8	44	
On machine	27
15	42	6	10	48	21	5	4	33	48	4	12	48	10	3	49	30	44	21	13	
36	43	38	17	41	18	45	22	22	4	33	6	28	33	40	3	45	45	28	32	
40	6	16	12	25	30	20	21	19	36	20	47	39	41	17	18	36	50	15	45	
46	12	7	17	45	6	33	39	45	38	30	16	25	41	44	10	5	27	21	48	
31	35	26	37	37	18	41	5	50	14	2	12	2	4	3	50	50	36	37	33	
37	13	25	25	26	50	14	8	18	15	12	5	28	14	31	34	44	42	28	10	
29	46	14	25	21	4	22	47	18	49	38	24	11	12	19	4	13	34	39	28	
21	45	42	17	15	17	17	13	30	22	30	41	42	28	44	4	32	7	32	6	
28	17	10	29	12	18	47	21	12	28	22	40	30	24	4	30	50	29	48	8	
1	9	29	19	32	1	41	19	36	31	31	18	5	16	40	1	34	6	28	40	
6	13	41	11	38	9	15	27	49	42	7	40	22	7	44	7	13	16	25	11	
38	8	27	42	6	6	26	16	11	8	27	23	49	44	48	13	13	47	31	26	
36	7	40	35	10	25	30	9	30	39	30	15	1	17	34	42	16	46	13	8	
38	14	26	11	9	31	18	6	18	21	27	16	39	2	21	17	43	27	30	5	
37	28	12	15	40	19	26	28	15	30	2	16	44	5	45	21	37	34	26	21	
19	6	38	18	24	39	28	28	33	25	13	36	6	31	36	3	3	20	36	7	
38	19	34	23	9	46	13	49	14	33	21	15	30	47	16	47	11	2	50	28	
4	48	32	7	50	24	45	44	3	5	40	43	16	2	26	3	4	22	5	17	
25	7	29	8	46	8	37	7	2	17	17	19	42	29	25	23	2	10	11	1	
15	38	37	46	29	17	15	14	49	22	12	30	4	48	12	7	48	47	26	9	
On machine	28
22	35	1	11	10	19	19	31	41	43	16	19	36	5	46	50	17	31	31	33	
26	47	15	22	30	18	29	48	36	4	38	38	13	50	5	4	1	20	39	35	
38	14	10	36	7	50	16	2	44	32	17	11	30	34	20	43	35	8	1	37	
19	1	29	4	13	10	49	16	29	41	13	1	17	38	27	34	47	20	6	36	
3	48	1	44	41	29	8	46	31	6	17	6	39	14	20	29	34	14	26	25	
39	28	17	11	7	35	44	3	3	9	43	12	36	24	2	43	9	6	9	42	
16	4	31	40	11	11	23	13	28	20	22	45	49	22	43	5	20	21	41	43	
27	3	19	4	4	14	31	7	42	47	27	31	50	42	23	21	35	42	27	14	
7	13	43	40	30	11	23	12	13	39	40	33	23	38	27	7	22	40	8	37	
36	28	41	2	18	12	9	49	4	27	8	50	34	13	16	42	24	7	32	10	
44	1	15	34	6	46	26	22	29	14	12	43	2	30	33	20	6	8	1	27	
28	41	27	15	14	9	19	19	34	19	4	40	20	50	45	13	2	38	19	28	
21	48	49	18	39	23	12	17	37	33	18	28	45	6	42	39	47	17	10	39	
16	32	18	3	30	29	36	8	46	37	14	10	24	37	6	10	38	43	9	48	
49	35	42	34	15	50	47	43	47	2	16	49	42	17	4	25	43	2	25	30	
38	6	13	34	1	29	44	16	4	48	19	41	27	14	41	5	1	48	10	30	
12	7	17	4	11	35	39	1	27	35	20	27	34	44	11	37	50	32	40	45	
3	44	21	15	31	26	28	10	11	2	17	30	16	21	45	17	14	11	35	25	
29	45	15	17	2	34	44	31	49	16	31	3	10	3	6	10	25	44	6	42	
23	9	47	2	42	44	31	9	6	49	20	32	47	11	14	6	42	50	18	34	
On machine	29
13	25	6	9	16	6	45	17	47	36	11	40	8	9	3	8	24	49	41	26	
45	6	29	49	41	35	45	5	34	2	29	31	7	4	26	47	45	43	25	21	
45	28	49	10	2	10	36	7	46	37	14	15	11	31	6	47	47	14	38	48	
20	19	15	44	41	4	26	9	23	24	10	46	29	49	26	36	7	4	43	21	
9	39	15	21	24	27	38	7	10	30	23	25	25	5	3	9	29	36	1	39	
23	36	38	36	46	21	6	30	35	48	12	38	6	11	18	36	35	14	5	46	
13	39	2	24	10	8	32	41	17	39	44	8	27	12	6	38	10	10	34	19	
15	49	17	5	24	19	12	24	33	26	17	3	6	11	41	2	10	30	35	20	
40	20	27	28	32	11	47	36	14	49	36	6	40	20	1	19	9	4	2	23	
29	31	2	15	38	11	8	32	9	41	16	21	41	18	41	48	10	47	45	1	
42	2	15	8	28	17	42	9	35	21	21	6	3	41	8	48	11	24	25	8	
7	43	15	19	12	15	37	36	20	23	8	18	12	47	5	45	16	10	26	32	
38	18	19	46	36	35	28	47	16	49	28	13	32	37	27	7	48	15	6	21	
41	6	1	31	13	11	4	18	43	9	44	14	24	29	10	21	10	43	28	15	
36	4	48	34	43	4	37	35	18	17	27	3	49	21	9	17	19	33	2	15	
18	13	40	47	7	26	15	49	19	44	16	19	7	21	11	3	36	29	50	19	
42	1	20	27	14	28	11	33	9	15	7	25	21	8	29	18	30	1	44	41	
27	18	1	21	41	36	13	10	38	7	19	20	16	31	3	41	34	43	24	15	
24	48	15	11	4	47	17	40	35	23	14	22	21	22	9	45	3	22	37	45	
39	26	7	34	16	50	22	25	24	38	31	48	39	30	48	41	26	31	44	5	
On machine	30
33	11	48	43	11	24	48	42	1	18	32	5	28	50	13	47	45	36	17	27	
6	31	28	37	36	10	43	48	16	30	9	28	47	35	39	22	28	12	10	33	
6	36	31	3	34	31	31	4	2	4	44	45	37	21	6	36	32	7	31	5	
33	39	17	45	47	22	9	20	41	5	15	19	34	50	39	5	8	34	42	44	
10	10	48	49	46	10	48	35	34	24	22	43	37	28	10	7	34	8	13	2	
33	9	31	45	40	33	26	1	27	11	19	29	13	48	37	44	14	37	31	23	
9	33	26	5	10	47	39	21	7	29	45	1	9	28	13	45	3	8	12	4	
34	43	7	5	32	34	27	19	9	11	31	30	8	26	49	38	25	6	35	33	
35	31	32	14	39	9	37	24	40	23	7	7	42	45	8	19	37	6	43	27	
24	36	7	9	36	43	22	11	6	19	49	20	45	10	38	27	46	17	37	50	
38	10	3	18	40	14	30	44	4	21	47	10	46	18	38	20	27	10	31	45	
35	39	2	41	33	9	29	40	45	3	12	15	8	24	15	11	29	8	20	44	
8	27	17	29	33	48	46	35	13	47	4	30	33	24	33	31	26	48	29	30	
41	2	46	17	48	18	16	27	50	48	34	24	1	18	3	12	19	19	45	8	
10	2	22	49	36	33	39	49	4	31	8	37	44	14	44	8	9	50	43	40	
36	14	44	13	16	21	36	29	17	19	35	4	9	42	21	39	19	42	10	37	
36	32	32	26	47	48	26	3	8	9	17	47	45	32	39	22	20	17	47	36	
14	46	34	18	35	24	30	7	15	35	41	41	47	18	3	46	7	42	11	32	
28	41	30	1	12	36	41	13	15	17	35	35	30	3	35	3	46	31	16	49	
37	3	18	49	43	16	36	50	11	11	6	44	26	44	5	47	32	50	22	37	
On machine	31
17	11	1	48	37	21	44	25	16	40	35	23	31	27	41	22	49	35	34	26	
35	36	8	20	7	25	17	18	3	35	21	47	6	14	31	47	37	16	32	33	
18	39	27	26	40	7	10	24	10	34	19	12	6	19	50	38	41	18	9	3	
49	33	40	34	18	40	43	36	26	40	6	16	20	9	15	42	49	9	37	25	
16	26	30	48	36	45	47	33	37	38	45	22	11	48	31	7	21	9	2	15	
4	25	34	8	25	16	40	21	36	26	4	13	48	10	3	35	44	37	14	10	
40	50	43	8	26	36	41	29	42	40	8	11	36	13	23	13	43	21	50	9	
38	20	6	20	13	10	11	47	26	46	29	6	2	19	26	30	1	13	27	12	
16	23	7	25	10	49	24	38	34	33	46	14	3	41	3	10	31	28	26	2	
36	1	8	44	33	48	3	35	26	15	35	27	11	8	22	42	33	20	22	20	
10	17	11	50	10	12	21	23	48	45	17	12	23	24	25	32	10	34	47	11	
38	31	2	14	21	17	2	49	6	27	48	48	11	12	39	33	40	36	23	15	
16	38	41	9	18	42	6	15	18	5	45	42	24	38	34	19	39	20	2	43	
11	49	40	35	32	15	25	30	24	22	50	17	45	47	28	17	15	42	27	49	
30	47	19	1	2	14	9	19	23	20	5	9	40	1	37	18	17	32	22	14	
32	27	7	16	46	17	17	40	3	5	27	30	46	19	14	47	21	27	36	15	
40	1	47	32	15	19	37	33	6	13	5	20	24	17	16	24	39	8	8	20	
24	6	42	24	25	42	38	9	19	31	4	12	32	40	27	18	44	30	4	28	
7	44	28	26	21	22	13	8	4	46	3	37	22	43	20	13	11	23	42	5	
49	18	3	37	42	21	13	22	17	1	34	30	19	43	8	14	16	40	13	29	
On machine	32
31	13	18	28	7	24	38	13	42	4	14	50	11	42	41	1	21	28	20	3	
15	21	27	22	14	19	12	13	2	2	4	36	48	22	39	34	7	40	47	15	
19	17	49	32	12	49	37	23	41	26	7	36	47	16	18	32	5	14	24	37	
18	28	35	19	4	48	50	9	23	42	45	6	9	27	47	25	39	45	17	7	
35	41	1	16	48	44	9	33	17	32	3	23	6	33	27	5	23	45	31	17	
42	45	35	3	50	32	15	40	11	16	17	4	50	37	40	41	38	12	20	9	
12	50	50	16	23	45	4	26	42	11	11	42	32	8	47	31	47	18	5	4	
30	3	42	26	25	15	37	17	27	21	28	41	19	2	3	16	50	22	44	25	
11	40	49	20	25	18	20	48	1	38	24	13	48	41	20	23	1	4	5	21	
2	29	2	4	21	48	42	6	32	21	13	39	13	26	34	15	27	17	17	37	
35	9	46	50	24	21	30	10	18	19	47	14	45	39	31	47	35	40	4	23	
10	23	23	9	16	17	15	6	17	2	23	17	20	23	9	37	38	23	43	13	
25	24	1	37	8	26	27	19	20	34	18	20	8	2	45	13	17	11	28	24	
36	16	35	10	35	21	21	30	32	37	9	2	17	37	36	34	7	11	10	16	
31	12	13	13	4	1	44	22	34	15	47	1	19	39	49	32	49	41	47	7	
8	6	11	32	9	24	18	46	49	38	45	29	48	15	36	23	27	30	48	28	
27	26	11	1	29	42	31	48	36	2	7	42	23	39	33	9	46	31	12	17	
19	45	45	14	22	41	13	15	43	33	8	47	49	41	28	16	38	30	12	25	
32	13	19	43	13	46	6	47	48	3	8	17	24	11	12	25	5	32	18	27	
16	37	18	27	22	2	27	19	33	28	26	44	42	8	34	17	47	13	24	46	
On machine	33
27	48	22	29	43	17	6	12	38	33	2	37	50	35	1	31	38	42	47	50	
7	35	49	19	26	12	39	10	16	24	28	38	6	10	15	27	6	20	11	26	
37	36	30	4	25	7	48	35	49	18	13	18	29	40	9	49	47	6	9	26	
11	4	18	17	44	46	29	22	1	39	38	45	40	13	8	42	39	25	15	6	
41	23	4	37	17	17	25	9	50	3	19	25	18	11	3	13	8	32	12	25	
25	40	41	50	1	46	29	46	34	33	43	34	42	24	31	37	8	31	27	37	
26	39	27	28	42	30	10	50	28	49	22	26	16	11	1	48	8	35	33	4	
40	40	14	48	26	13	11	37	28	31	3	21	25	40	24	43	37	5	21	38	
6	27	2	31	18	33	45	18	25	2	10	27	36	50	8	36	48	8	50	47	
32	44	24	27	35	44	50	22	49	10	2	25	19	20	22	8	34	26	23	29	
48	41	21	49	27	25	5	44	45	46	26	21	16	27	43	42	1	41	35	27	
47	28	6	38	2	3	12	8	14	4	5	45	42	14	19	32	14	21	42	32	
40	28	24	32	27	44	32	32	1	25	34	12	22	12	38	12	4	13	20	31	
35	27	12	8	16	20	10	49	32	19	7	39	19	32	16	47	28	44	28	35	
27	15	19	24	21	4	47	10	13	38	49	8	14	22	41	30	25	14	19	32	
26	29	25	49	15	9	29	37	48	43	14	1	44	15	28	13	49	21	35	6	
19	1	13	6	10	19	20	48	27	9	35	27	3	28	3	15	26	45	33	29	
47	34	13	10	27	3	15	24	38	28	18	31	7	3	3	34	31	9	22	20	
12	40	38	29	31	33	42	25	15	37	13	48	7	49	41	15	6	41	34	11	
5	21	43	39	5	23	46	46	28	33	3	49	11	8	15	12	8	49	22	48	
On machine	34
19	15	33	21	49	42	50	4	45	5	25	43	29	23	14	12	10	20	43	9	
50	25	49	35	13	19	14	1	45	41	42	20	31	46	33	21	10	7	23	16	
5	18	9	26	50	13	43	10	14	6	8	4	33	34	20	2	48	12	16	38	
2	30	30	46	48	41	23	35	31	35	1	17	16	16	11	46	2	5	17	4	
40	44	20	7	37	15	14	34	32	29	25	19	27	36	12	1	5	13	2	9	
13	26	14	10	41	34	6	42	34	2	5	36	36	39	10	33	19	25	8	39	
34	27	41	1	39	2	10	9	42	22	13	24	23	32	38	49	38	4	50	8	
23	45	34	5	3	34	49	15	13	42	47	27	27	25	47	19	40	22	19	1	
16	34	10	39	20	6	24	33	8	3	36	48	13	48	8	12	18	42	42	34	
13	25	45	46	31	22	7	33	5	21	4	36	33	21	24	40	1	32	32	46	
41	34	35	36	11	25	30	12	48	26	4	50	26	16	46	40	8	8	5	31	
48	19	5	8	14	32	15	35	4	12	37	8	36	21	23	49	42	40	2	42	
49	35	4	46	21	37	4	6	2	17	4	32	1	14	16	40	31	20	3	12	
21	1	25	4	38	23	2	23	31	26	14	46	28	47	19	21	31	40	6	19	
39	17	20	8	26	12	34	32	2	46	30	4	21	22	36	44	36	43	38	42	
32	40	42	49	45	1	47	17	26	46	36	44	8	15	16	10	18	1	26	50	
11	4	19	27	49	27	23	12	14	13	34	10	2	35	30	4	21	27	15	26	
43	36	1	1	21	31	22	8	27	9	24	38	2	27	11	6	18	49	10	49	
32	50	20	18	37	47	7	37	49	49	12	5	15	25	12	26	17	13	23	36	
11	25	31	15	36	2	7	24	29	15	24	33	21	10	7	37	37	3	11	11	
On machine	35
3	10	29	40	19	19	50	18	47	2	20	15	9	5	46	32	5	4	49	35	
21	17	16	14	25	15	27	24	44	32	3	26	17	7	46	32	3	35	7	10	
27	37	5	5	47	21	31	33	49	26	43	7	14	14	46	35	13	14	49	11	
11	19	25	15	8	12	14	45	23	38	41	45	2	12	14	30	26	35	18	9	
16	46	14	27	48	15	9	25	13	1	1	31	27	13	27	36	11	29	1	10	
46	38	50	3	46	2	8	28	28	24	44	8	43	34	4	26	30	41	18	24	
49	36	19	49	40	37	46	3	33	15	36	10	16	1	29	28	35	5	20	23	
44	8	39	30	6	37	19	13	49	24	44	9	5	38	40	45	38	26	31	19	
42	2	4	33	24	30	28	32	49	38	49	38	3	45	31	35	10	29	1	42	
34	18	32	26	39	4	35	36	11	39	38	23	43	42	50	43	33	14	11	4	
33	20	14	17	20	37	17	30	45	41	41	15	4	6	22	29	22	27	34	37	
18	38	11	5	13	23	11	47	29	16	36	32	22	16	18	43	22	27	9	28	
28	21	6	37	34	14	36	47	6	26	17	38	25	31	14	37	15	8	6	14	
32	47	32	34	29	7	29	24	36	45	12	33	17	43	40	37	30	41	35	3	
39	12	12	1	9	27	35	31	11	41	11	1	19	12	9	8	37	25	16	29	
13	12	35	20	29	24	35	46	14	49	11	3	37	26	12	4	18	9	22	23	
35	8	7	1	30	14	35	33	44	14	12	8	34	41	34	40	23	40	46	15	
34	19	37	25	26	19	24	3	49	20	49	33	16	19	19	28	46	14	25	30	
43	3	10	24	31	1	7	15	1	41	35	17	39	12	39	3	13	3	9	22	
30	22	40	15	31	5	6	49	42	3	8	31	43	46	47	23	12	47	44	32	
On machine	36
40	2	36	23	7	13	12	3	21	41	1	34	29	36	23	20	26	23	4	44	
34	6	26	11	26	16	2	30	5	41	46	13	43	17	1	35	49	40	31	49	
30	3	12	20	12	33	8	37	6	5	33	29	20	33	23	36	31	1	1	33	
27	11	49	18	49	34	1	26	13	1	24	33	33	8	48	21	16	48	1	47	
31	14	41	18	30	2	9	45	13	11	34	39	35	13	47	14	49	11	35	48	
42	32	41	30	14	40	24	21	8	39	34	4	3	34	28	32	19	24	50	20	
11	13	36	48	25	17	6	22	16	6	2	16	44	2	9	48	5	11	47	43	
34	46	9	36	49	17	35	19	40	16	23	19	31	5	25	43	2	36	40	36	
26	49	47	21	21	49	49	47	17	37	14	47	4	13	23	15	37	5	10	34	
43	5	32	18	40	49	31	3	34	29	50	31	50	24	4	25	26	35	17	1	
3	4	38	50	39	42	28	18	32	18	32	20	16	8	5	50	25	5	14	11	
27	31	8	30	8	14	1	36	17	19	8	30	38	29	1	50	47	22	5	22	
16	22	37	37	19	9	23	15	29	1	9	31	37	30	7	28	32	1	34	29	
6	8	33	10	37	21	38	38	47	3	47	42	16	43	26	10	36	8	46	36	
24	39	41	50	44	18	21	23	12	50	35	43	17	45	22	12	47	37	17	13	
41	22	9	32	46	27	30	12	21	8	44	48	23	11	6	27	6	7	10	9	
1	37	36	21	34	24	9	6	32	6	43	22	27	8	43	17	21	13	38	3	
48	12	6	24	20	42	14	20	26	28	46	26	2	30	7	1	41	5	37	48	
33	8	2	4	48	44	31	30	49	40	27	43	46	26	45	24	41	33	30	23	
14	11	50	37	2	47	44	47	31	39	19	17	7	28	12	36	34	32	17	9	
On machine	37
40	4	6	36	41	40	11	19	30	47	50	45	30	29	26	8	16	7	27	33	
24	45	9	46	34	1	44	8	27	48	26	3	13	11	43	48	29	43	44	42	
34	32	18	32	48	29	3	15	43	14	47	15	20	17	22	24	4	29	36	42	
6	13	34	26	19	19	46	5	39	7	28	13	20	34	17	20	49	29	19	4	
7	22	48	29	35	22	46	44	17	50	27	23	36	9	5	9	44	4	29	24	
37	41	43	46	22	20	19	44	46	44	32	1	29	13	39	15	42	49	20	7	
20	43	28	4	45	27	33	18	16	49	35	43	21	16	46	46	26	36	29	30	
43	41	16	20	8	21	28	46	7	23	29	8	38	26	49	18	39	15	46	20	
19	1	13	18	25	43	13	42	33	33	22	30	40	17	5	21	8	49	32	45	
11	35	13	26	9	45	5	28	13	43	11	12	24	43	37	5	15	26	34	29	
16	13	41	5	5	3	40	19	4	12	42	9	30	43	45	25	16	17	35	12	
44	2	32	9	37	48	4	17	2	33	20	9	5	36	44	33	15	28	46	50	
20	31	28	12	19	35	20	37	9	39	10	47	48	10	37	27	47	39	40	42	
19	9	28	18	2	27	2	6	29	1	28	20	45	25	1	24	6	16	40	27	
40	27	6	34	44	9	26	12	43	25	39	34	1	10	17	3	35	3	34	15	
21	11	30	21	46	23	44	44	19	46	35	14	50	16	14	17	27	42	42	24	
11	12	15	11	44	43	29	22	11	5	8	22	34	42	18	43	2	49	13	40	
7	23	24	6	15	30	39	12	41	45	19	46	47	44	6	32	1	40	49	43	
6	31	41	27	10	35	18	39	42	38	5	8	32	43	43	8	7	12	7	14	
10	37	34	15	19	15	36	17	39	29	5	5	35	8	47	46	28	38	33	41	
On machine	38
33	28	45	1	11	14	22	28	15	8	50	3	4	25	43	39	30	3	8	30	
37	35	49	44	49	4	22	34	36	38	10	49	23	2	26	16	48	31	9	20	
11	31	16	15	44	13	22	24	33	43	16	21	2	31	35	16	20	14	38	24	
20	39	5	42	21	33	24	37	15	16	32	45	30	20	36	47	21	37	9	39	
47	35	50	43	15	46	7	32	39	2	30	26	5	48	25	11	23	33	24	2	
42	22	4	32	5	8	38	36	45	2	20	33	14	47	1	16	5	36	15	1	
49	47	32	35	12	18	4	20	33	44	13	41	28	15	13	22	49	37	31	9	
35	42	39	27	18	26	30	12	33	18	9	19	25	3	30	49	1	15	20	29	
9	48	42	17	20	14	12	12	48	45	25	43	6	44	47	21	33	7	29	37	
38	37	23	21	12	31	43	18	44	15	20	32	4	36	22	15	12	1	26	40	
44	20	16	50	38	16	49	37	20	16	16	48	16	40	9	50	19	6	49	50	
11	11	7	11	11	35	37	25	36	24	16	49	34	32	9	47	2	15	3	22	
4	19	12	10	16	50	30	1	40	29	4	34	29	7	13	6	49	37	44	46	
20	39	28	3	33	34	34	40	47	26	37	5	11	36	5	29	20	10	5	25	
15	37	31	9	17	49	16	7	40	22	1	29	23	35	14	16	15	5	29	8	
23	43	37	19	43	16	6	36	37	1	7	38	35	1	4	30	8	16	36	17	
49	45	33	12	42	6	34	27	43	6	35	8	29	32	42	18	35	34	28	2	
31	3	21	33	22	3	30	29	19	5	27	40	42	47	27	32	30	21	6	17	
10	13	45	38	10	11	5	5	6	5	46	5	43	29	19	43	18	22	6	37	
30	39	32	2	16	23	36	32	5	9	39	13	39	25	30	34	23	7	25	10	
On machine	39
25	27	44	2	37	8	37	31	20	3	15	15	8	21	44	27	44	19	49	33	
46	18	24	35	1	15	31	2	26	30	30	9	17	4	30	34	40	27	12	43	
6	2	11	34	48	21	5	36	31	34	30	33	26	36	19	48	11	38	1	49	
21	47	12	44	22	24	22	17	40	38	10	23	11	41	41	8	41	15	11	43	
25	31	19	30	24	30	9	43	29	28	1	43	13	15	47	1	11	8	22	15	
16	26	24	33	27	36	46	41	20	4	3	10	2	2	42	42	30	21	26	16	
50	9	13	39	35	16	13	7	29	34	39	48	6	13	12	6	42	17	17	41	
9	4	16	26	27	19	12	43	38	5	12	9	37	38	46	49	24	37	14	28	
23	5	32	19	15	11	43	15	38	7	27	3	14	2	33	21	33	32	12	47	
6	34	24	44	29	49	34	47	14	41	32	29	20	40	7	19	4	27	2	38	
49	41	47	5	32	42	21	28	48	32	5	42	26	18	16	36	43	9	1	34	
32	33	50	34	8	45	16	15	10	26	36	4	20	9	7	37	41	13	43	32	
44	26	23	8	20	29	49	30	28	50	44	8	25	42	25	2	3	24	10	24	
49	43	29	20	16	28	40	1	37	5	21	13	21	10	36	31	5	26	10	1	
25	2	10	24	21	25	39	18	17	20	14	37	28	20	35	25	9	14	41	31	
40	14	5	17	31	6	29	13	3	11	14	26	7	32	46	16	32	12	13	45	
20	47	28	50	11	19	34	27	11	16	24	8	4	3	24	22	6	19	7	35	
34	42	12	5	23	27	2	41	47	9	49	30	19	9	44	11	8	16	12	43	
36	20	2	32	29	50	41	21	16	16	16	27	18	35	38	21	4	6	1	7	
23	30	22	15	7	46	45	39	1	12	14	35	35	18	22	10	32	47	15	22	
On machine	40
21	9	40	4	13	26	46	20	9	12	33	28	11	49	39	34	49	29	26	7	
12	12	27	36	1	37	27	6	17	38	9	30	9	35	29	2	25	19	33	26	
46	32	39	13	37	20	33	46	21	26	48	46	37	30	16	22	36	38	28	48	
20	44	4	19	13	29	38	41	19	3	8	5	46	18	7	26	13	27	36	33	
19	10	15	6	38	46	49	23	48	29	41	3	50	33	13	47	9	15	5	4	
1	27	27	12	35	4	5	23	26	41	28	7	12	49	45	1	50	8	46	5	
22	13	44	36	7	7	39	12	49	50	24	42	21	19	48	27	20	47	47	29	
4	46	46	48	8	46	15	47	15	30	47	46	7	3	37	6	8	3	11	38	
3	1	46	26	5	2	8	8	18	14	3	27	12	29	12	23	49	48	14	1	
45	36	19	44	41	45	18	1	15	15	13	34	19	49	44	31	19	17	14	20	
43	44	14	16	26	30	44	44	15	7	33	34	3	38	37	39	31	2	14	35	
39	19	22	29	16	49	33	48	37	1	7	30	35	6	19	7	44	22	41	1	
48	27	11	9	41	9	1	28	39	39	19	8	40	7	27	16	3	47	32	23	
27	40	17	4	7	18	50	8	8	45	4	8	39	26	34	23	8	50	35	1	
23	15	43	5	47	32	18	47	6	20	33	21	15	50	41	48	49	49	14	50	
13	35	34	17	25	5	8	29	2	20	35	23	30	1	11	9	29	4	14	19	
22	48	46	49	20	36	18	12	11	10	42	19	26	42	19	8	1	24	47	17	
22	32	43	37	38	8	5	50	7	21	41	38	4	43	26	33	20	38	42	21	
40	12	7	8	47	5	25	30	22	44	6	36	44	8	11	27	15	40	28	46	
3	8	40	15	29	13	10	43	16	27	22	20	39	41	50	6	41	29	28	19	
On machine	41
21	30	31	26	15	9	7	4	25	48	28	9	27	19	10	35	43	18	13	10	
10	35	12	43	9	43	11	42	36	44	38	15	50	35	38	10	26	11	11	22	
40	14	28	35	14	7	5	3	12	2	12	15	31	38	21	11	2	26	33	17	
3	19	16	29	21	25	9	8	30	9	41	39	45	43	13	1	44	36	41	15	
5	24	40	7	19	22	37	33	7	2	20	48	31	32	11	11	27	27	49	40	
8	45	23	48	39	16	10	8	33	42	12	3	5	29	28	22	31	5	18	12	
47	5	16	38	28	49	8	10	14	44	22	49	36	14	48	44	34	11	7	32	
32	34	32	26	24	29	18	8	47	15	15	15	41	41	45	36	12	40	15	6	
40	11	13	26	8	25	29	20	37	14	38	21	50	23	8	3	19	23	22	1	
34	1	44	12	15	9	16	41	49	9	21	31	35	19	25	32	25	18	9	21	
1	34	8	27	47	9	28	41	19	48	13	22	46	13	33	11	27	5	5	21	
33	10	25	36	35	11	6	29	6	45	6	27	23	38	37	37	11	4	1	6	
27	8	28	42	14	29	49	43	25	18	49	20	48	22	32	34	12	41	25	30	
12	26	11	8	40	37	42	40	17	14	1	16	2	45	21	14	22	28	30	41	
24	6	1	37	21	15	48	16	15	1	25	10	39	24	16	20	44	17	41	42	
33	10	13	3	32	43	42	32	22	42	25	40	13	18	30	33	21	9	23	47	
42	5	22	32	44	3	23	49	35	7	20	20	29	26	32	23	41	12	45	18	
11	32	30	7	32	23	25	20	9	48	3	22	30	16	3	2	33	25	18	44	
10	40	23	30	16	4	5	45	19	23	41	9	16	50	26	20	5	17	9	36	
18	7	11	41	44	49	16	29	5	18	43	24	35	44	27	45	45	5	49	21	
On machine	42
15	20	18	21	32	41	8	19	15	41	36	43	6	21	15	25	6	8	21	21	
29	23	31	12	21	17	23	47	8	21	23	44	5	38	25	20	37	28	46	13	
23	46	25	12	1	1	49	8	15	45	37	21	16	23	36	40	13	24	48	24	
21	3	49	32	20	10	24	11	50	1	42	38	41	26	40	47	5	36	18	48	
3	31	28	32	5	48	18	10	2	19	19	22	2	48	35	9	36	21	31	21	
13	41	47	10	50	26	27	22	7	5	22	9	37	40	23	30	33	24	26	48	
19	48	36	47	22	17	4	14	24	17	1	5	43	41	28	5	15	19	4	27	
11	15	19	5	26	40	33	25	6	42	6	37	16	18	31	50	6	48	28	24	
4	2	14	14	24	27	34	4	26	35	49	33	42	43	14	45	43	40	26	41	
4	20	17	28	38	28	19	37	33	19	37	44	21	46	50	31	41	25	46	48	
29	21	25	13	48	43	44	5	21	19	17	9	38	31	13	15	28	46	25	48	
8	33	40	40	49	19	6	35	14	18	13	20	43	42	33	24	16	25	49	34	
32	20	18	20	45	26	18	22	33	21	9	22	4	8	48	21	30	25	1	42	
41	19	36	5	26	12	24	21	27	44	36	15	3	8	47	45	43	15	10	29	
15	1	24	33	31	17	30	45	28	12	41	44	6	21	25	30	9	32	47	45	
49	48	33	37	8	43	39	36	18	26	44	28	12	34	7	21	1	9	34	41	
13	14	16	31	43	24	45	1	7	32	41	20	6	44	5	28	36	14	1	12	
13	35	46	2	42	42	5	4	50	33	50	8	2	40	31	40	25	20	7	20	
30	25	35	16	39	32	20	3	23	32	12	16	30	41	18	33	30	46	26	46	
40	19	46	11	31	27	30	36	47	5	49	49	45	22	42	11	3	27	7	35	
On machine	43
45	46	23	47	40	6	26	9	28	15	22	10	10	15	41	12	43	49	27	2	
27	40	33	43	11	19	8	21	42	2	43	14	29	33	6	39	46	31	43	42	
16	27	49	21	20	6	38	14	38	6	2	32	3	27	33	45	22	27	33	49	
9	8	24	2	8	35	14	42	4	33	20	18	42	3	44	33	19	29	24	15	
4	17	13	31	1	45	5	35	40	27	46	5	26	19	29	4	25	32	29	12	
20	38	31	13	34	36	41	44	47	29	5	50	28	17	9	32	12	26	48	29	
28	44	7	32	9	30	18	35	25	46	16	45	44	20	41	15	23	2	16	17	
11	37	41	2	25	36	36	30	5	28	31	38	32	38	36	35	47	32	2	21	
2	1	15	37	35	46	2	6	48	4	38	25	48	47	36	41	36	21	42	36	
13	40	3	22	15	39	16	9	18	7	16	40	2	1	12	22	19	1	2	48	
34	12	7	36	35	37	27	48	48	32	23	39	42	24	12	42	49	45	13	29	
48	5	32	3	10	39	50	35	48	38	4	22	34	41	29	29	19	37	5	13	
49	14	12	1	17	33	10	25	46	43	25	33	47	43	19	35	29	21	22	25	
1	20	14	15	39	41	34	31	28	29	19	11	30	44	42	24	6	16	16	42	
43	45	27	8	27	23	12	44	50	31	44	25	3	49	34	33	24	50	33	13	
41	1	38	27	24	2	44	31	42	26	42	2	13	9	5	43	40	16	35	20	
31	13	33	28	18	42	26	23	49	15	10	46	43	25	7	28	37	27	9	27	
15	18	1	39	10	10	14	28	39	27	23	49	43	45	13	16	17	37	45	35	
42	2	5	39	48	45	7	40	30	32	44	46	47	48	40	23	39	22	29	40	
40	44	47	43	16	30	32	44	24	46	42	27	17	8	30	3	8	32	19	41	
On machine	44
40	48	30	15	33	45	37	21	39	3	39	16	45	16	5	46	48	38	18	47	
22	16	46	8	8	47	31	17	2	4	1	39	26	44	50	15	46	33	17	12	
32	1	46	48	50	32	4	8	49	43	41	40	30	46	32	37	6	7	21	8	
16	14	17	44	49	22	5	48	50	4	11	48	5	14	35	14	35	7	20	26	
45	25	1	46	18	3	50	15	46	2	16	48	36	14	31	38	9	8	40	9	
46	8	21	25	47	31	9	17	42	7	41	2	49	17	2	45	7	12	47	16	
33	20	36	6	38	3	15	20	6	44	19	7	3	23	26	11	3	48	48	46	
43	10	8	33	13	23	22	14	21	21	24	41	45	25	14	29	49	4	48	28	
23	30	6	11	29	10	27	27	13	46	37	29	2	49	37	34	50	48	7	17	
34	34	19	24	6	37	24	16	9	18	27	2	29	16	36	30	16	37	21	21	
10	12	16	9	25	6	35	16	28	16	34	7	46	29	6	12	45	37	3	24	
1	50	16	47	50	32	22	46	11	27	32	31	5	28	39	27	13	7	33	9	
26	20	13	29	48	21	47	13	43	16	14	13	22	39	48	8	29	7	41	47	
21	43	15	21	22	7	4	41	20	40	42	24	20	49	34	41	21	23	36	20	
23	43	37	3	39	43	19	49	39	27	7	43	1	10	46	37	30	31	31	50	
22	12	7	41	15	2	28	27	31	46	41	5	21	5	10	17	5	2	45	28	
3	37	48	16	18	17	3	10	27	33	30	1	16	33	25	27	45	3	27	44	
31	6	38	12	48	26	3	16	49	45	36	50	3	36	13	24	10	44	12	38	
5	30	2	7	12	33	47	15	25	37	25	35	24	47	44	29	5	6	13	21	
43	42	29	6	34	45	36	48	38	37	34	29	18	24	16	21	17	30	3	8	
On machine	45
5	16	13	1	42	42	42	14	45	24	11	39	4	38	18	30	3	32	20	32	
31	22	1	11	41	25	34	29	46	41	37	22	24	13	46	10	6	18	30	5	
38	39	2	17	26	9	21	26	13	27	25	23	43	7	30	15	21	42	23	21	
2	48	42	7	17	21	33	28	39	30	25	29	11	27	25	17	31	5	5	36	
18	32	7	19	18	25	5	19	40	41	1	21	22	39	6	44	6	36	46	27	
46	24	14	47	33	4	25	30	5	31	13	11	37	30	10	4	25	11	36	36	
8	10	46	15	17	3	32	42	46	21	49	50	46	37	23	24	36	27	48	8	
27	49	19	33	23	26	48	21	19	48	32	1	9	20	38	26	1	20	36	3	
13	9	23	5	50	46	35	31	12	46	34	4	37	28	1	41	1	42	39	5	
44	32	42	30	39	20	31	8	21	49	36	24	49	42	32	42	17	8	39	39	
35	11	27	29	43	21	17	7	37	12	23	17	33	40	40	30	21	42	12	45	
45	39	21	48	48	19	16	8	50	34	11	44	28	9	16	6	4	29	11	13	
34	11	50	7	5	15	19	4	33	18	48	15	11	16	50	40	31	41	15	49	
49	40	9	42	35	39	38	33	33	20	43	10	11	22	4	32	14	6	49	29	
7	39	9	37	36	24	5	17	26	3	20	26	13	27	21	24	38	47	47	5	
23	50	9	41	9	13	47	6	47	47	19	41	10	15	26	37	4	39	27	42	
5	1	35	12	26	40	28	18	28	10	25	13	47	34	50	38	44	5	24	47	
50	19	15	13	12	13	50	25	30	27	5	10	4	34	20	4	44	6	33	2	
8	42	25	40	19	8	42	13	22	29	18	29	1	32	50	45	29	37	47	16	
40	10	3	25	42	13	19	12	46	5	48	6	4	48	15	11	22	30	33	35	
On machine	46
27	41	31	18	49	49	28	43	29	48	42	10	24	46	12	23	9	14	12	8	
15	49	47	38	29	42	39	43	16	31	13	15	21	43	8	41	24	7	45	42	
37	36	37	9	38	31	3	17	47	18	39	2	10	37	34	30	30	2	37	33	
36	15	2	20	9	30	29	17	15	40	7	46	40	26	8	31	11	10	3	46	
29	2	40	7	39	34	16	21	50	24	25	23	8	1	33	47	10	40	20	28	
48	20	4	9	33	37	28	47	35	48	45	25	50	46	3	24	14	1	35	11	
38	15	28	42	18	36	19	38	44	25	31	11	30	45	29	14	27	41	19	7	
15	28	19	33	32	34	39	40	8	49	47	11	8	9	1	48	27	11	9	49	
45	50	47	14	22	34	48	34	30	1	33	17	25	25	45	19	10	43	39	20	
22	32	35	26	13	22	4	38	16	38	21	21	41	11	31	19	29	26	37	14	
42	5	35	31	27	13	23	50	8	8	12	48	47	39	16	24	33	1	34	21	
25	21	1	43	26	12	43	8	8	24	49	39	38	22	16	7	34	43	37	29	
9	3	16	32	40	15	2	30	37	26	9	9	21	15	18	19	4	1	13	44	
16	35	23	27	41	34	33	17	33	27	19	50	42	42	1	46	18	4	10	32	
38	10	50	11	20	16	37	20	49	20	10	48	15	19	36	24	4	50	27	39	
8	33	36	34	19	49	10	24	43	33	38	33	2	47	22	16	1	35	3	42	
36	23	40	2	23	20	37	31	45	38	30	50	35	30	27	40	31	15	35	15	
7	49	29	28	10	38	6	22	18	5	26	40	42	9	7	24	45	32	20	48	
46	11	42	9	5	38	37	28	47	16	9	42	37	17	25	9	33	14	39	44	
16	7	24	46	39	49	30	6	16	44	43	46	15	23	33	9	3	35	10	49	
On machine	47
23	45	11	38	40	43	40	45	31	10	23	29	18	8	19	38	10	20	29	7	
30	37	1	19	12	36	22	11	45	28	20	3	50	37	2	10	29	17	6	41	
29	13	42	31	42	8	46	20	17	3	26	34	44	3	46	6	14	4	7	41	
44	50	19	7	34	17	13	1	20	32	36	15	37	12	48	28	11	20	4	27	
39	28	6	47	6	6	5	22	32	45	26	38	5	36	33	10	38	34	35	21	
24	2	37	34	24	50	8	40	26	33	5	5	6	23	9	42	23	10	20	5	
22	47	43	41	39	33	22	45	8	1	41	26	25	30	39	8	48	5	14	31	
42	22	40	23	28	46	28	49	34	2	29	43	24	25	47	15	34	40	12	7	
36	27	38	40	48	32	11	11	37	7	12	11	41	28	47	16	40	48	31	20	
38	33	45	3	40	50	7	46	45	36	45	2	50	13	12	4	5	45	7	30	
4	37	46	48	50	18	15	11	16	8	37	25	11	20	16	1	35	24	43	49	
39	20	46	2	16	7	18	24	12	24	6	30	22	5	36	36	4	47	29	19	
16	23	9	21	4	11	47	14	22	5	28	4	15	12	40	5	34	35	10	4	
50	43	14	23	25	21	49	9	20	15	4	29	42	17	2	4	45	39	44	30	
9	42	41	46	36	13	10	8	14	9	25	36	19	20	4	3	15	32	12	37	
21	38	31	11	1	15	22	18	37	15	16	39	15	46	21	16	19	16	4	37	
47	20	41	12	3	48	46	48	1	17	37	24	48	32	24	31	47	20	29	4	
34	6	32	36	26	24	16	17	13	4	31	29	17	19	26	12	30	42	34	13	
13	45	49	42	23	38	40	10	41	42	48	7	11	24	48	4	32	21	31	36	
37	27	31	37	43	28	26	49	15	31	20	48	31	2	16	30	40	43	37	7	
On machine	48
3	48	5	5	3	50	8	7	36	44	34	29	35	39	20	34	28	30	48	30	
6	12	14	44	8	41	6	27	20	46	16	35	39	40	22	50	2	21	20	30	
21	50	35	30	19	35	2	28	16	5	16	3	44	22	46	30	12	4	18	45	
28	23	49	31	25	20	35	5	32	1	12	35	6	14	23	24	9	40	7	38	
34	26	6	33	28	26	48	50	20	5	35	3	40	12	35	50	9	15	29	49	
20	29	45	41	39	44	48	43	20	38	26	38	32	33	13	1	45	48	32	38	
41	5	15	6	17	1	28	45	1	21	39	33	42	46	35	42	8	1	26	30	
1	34	19	29	4	10	29	23	34	46	34	22	46	32	2	15	47	39	13	19	
20	16	38	5	49	12	24	9	16	39	49	35	13	36	14	11	46	3	16	47	
46	4	34	23	17	43	23	20	40	37	34	19	28	2	49	9	2	27	8	25	
26	3	4	12	48	49	50	24	14	35	2	7	28	33	15	23	5	3	19	13	
20	37	35	40	44	26	19	42	31	15	22	46	26	5	22	9	33	36	15	48	
12	42	27	16	18	50	50	13	7	36	41	23	25	44	30	47	50	33	6	4	
34	22	8	43	31	34	6	40	16	17	34	5	43	48	45	44	39	46	7	10	
45	25	26	2	47	28	7	17	3	6	40	34	35	7	15	23	23	17	7	36	
6	36	33	47	17	24	28	28	47	21	43	30	43	46	27	25	5	37	11	24	
39	31	11	19	23	28	21	11	3	19	15	21	22	40	11	12	31	27	26	15	
35	3	26	36	10	13	9	4	17	25	34	22	26	31	18	11	9	26	28	25	
13	32	9	8	10	31	32	17	14	27	1	19	48	26	20	34	2	1	47	26	
25	30	15	26	50	38	1	20	6	30	25	17	43	2	6	36	48	1	35	3	
On machine	49
2	21	41	3	46	32	32	28	16	43	15	35	22	10	10	35	42	20	16	10	
30	25	50	40	43	18	17	29	38	31	41	2	15	29	38	30	1	24	6	30	
18	27	27	2	31	47	7	3	39	13	6	42	10	9	4	4	12	26	4	27	
12	3	4	13	1	40	1	31	2	26	10	47	6	15	41	34	7	18	10	3	
36	12	48	11	22	46	46	15	18	15	43	9	35	12	43	26	2	41	42	1	
29	47	32	12	4	33	28	32	17	42	49	29	39	10	34	10	33	42	1	31	
27	1	35	20	13	24	13	23	26	16	21	48	8	42	41	32	34	13	12	17	
47	18	7	27	49	19	38	12	26	47	32	36	38	10	9	50	22	26	6	20	
49	41	43	18	25	43	35	27	41	2	35	20	1	37	36	45	27	1	46	47	
47	42	10	38	38	43	23	7	8	19	10	36	30	38	26	2	27	47	43	12	
46	43	42	36	19	22	5	40	5	43	47	7	27	6	17	36	5	13	40	4	
39	1	44	2	21	19	10	33	24	45	33	14	48	19	25	24	30	1	39	49	
36	13	32	31	22	4	4	1	38	6	47	25	9	3	48	24	25	25	34	29	
35	5	35	34	14	4	21	45	28	19	41	42	17	13	18	7	9	8	40	2	
36	11	23	50	25	4	45	30	12	43	16	36	44	11	41	4	3	37	45	5	
24	35	3	2	4	22	20	6	23	35	20	43	42	46	38	9	14	20	44	2	
20	8	25	27	11	39	24	20	47	40	10	7	14	36	41	28	10	5	46	3	
42	33	14	45	31	2	33	8	27	8	14	13	2	8	42	3	8	40	41	15	
26	31	36	42	39	24	23	34	46	2	45	41	36	11	16	19	11	30	29	11	
50	6	40	26	46	5	17	3	34	5	29	40	30	9	36	30	16	15	43	12	
On machine	50
26	10	10	29	47	16	33	49	42	22	18	47	43	11	10	13	4	14	36	47	
29	3	46	34	7	4	46	37	23	34	2	7	50	17	23	42	36	31	9	13	
8	10	34	16	42	50	13	48	20	28	5	22	18	2	15	31	28	50	40	26	
4	48	43	7	37	13	14	32	12	46	16	21	40	29	8	29	1	4	40	40	
27	49	29	34	10	42	43	31	27	45	2	3	11	4	23	5	31	18	6	15	
7	16	46	29	12	49	6	1	29	34	26	28	26	33	22	41	46	43	20	27	
44	36	4	36	23	33	46	5	34	1	2	4	50	21	38	18	38	1	32	2	
38	44	12	27	14	18	50	21	38	30	40	4	5	40	1	11	14	36	45	25	
11	33	36	43	17	18	8	6	18	46	45	6	2	40	27	30	44	1	41	38	
27	17	18	28	10	16	43	11	16	6	39	8	16	38	26	2	34	39	16	37	
11	50	22	28	46	40	32	24	31	12	15	19	12	14	2	8	13	47	42	7	
48	47	26	24	49	28	38	24	12	7	44	31	8	39	41	18	26	41	4	9	
1	33	28	24	38	32	21	43	36	23	33	12	39	22	28	35	10	38	27	8	
40	50	25	25	21	4	14	6	39	40	25	26	31	10	34	14	19	19	16	45	
26	30	15	43	5	4	36	22	31	34	37	35	5	2	18	16	10	31	15	26	
46	40	1	44	29	40	46	23	7	17	23	41	8	12	31	34	21	12	3	39	
1	34	7	12	35	2	12	28	46	5	24	36	36	45	10	11	43	16	31	42	
11	13	24	24	28	38	26	31	10	26	45	1	34	37	32	50	18	41	43	10	
7	25	41	24	5	6	44	48	18	3	19	8	38	42	4	16	37	22	48	33	
2	41	22	36	27	24	1	20	26	22	5	46	35	19	23	8	3	2	43	12	
Reldue
-1	1249	-1	-1
-1	2619	-1	-1
-1	2422	-1	-1
-1	476	-1	-1
-1	677	-1	-1
-1	2060	-1	-1
-1	1151	-1	-1
-1	1883	-1	-1
-1	472	-1	-1
-1	1703	-1	-1
-1	2902	-1	-1
-1	760	-1	-1
-1	2142	-1	-1
-1	1177	-1	-1
-1	1404	-1	-1
-1	2379	-1	-1
-1	2340	-1	-1
-1	908	-1	-1
-1	2322	-1	-1
-1	2787	-1	-1
