Families	40
Machines	10
MaxSetupTime	100

Number of Jobs in each Family
2	1	7	4	1	2	7	9	1	1	7	4	9	5	10	9	6	6	8	8	2	1	6	1	2	5	10	1	10	2	9	2	1	4	6	1	8	10	4	1	

Jobs in each Family
0	1	
2	
3	4	5	6	7	8	9	
10	11	12	13	
14	
15	16	
17	18	19	20	21	22	23	
24	25	26	27	28	29	30	31	32	
33	
34	
35	36	37	38	39	40	41	
42	43	44	45	
46	47	48	49	50	51	52	53	54	
55	56	57	58	59	
60	61	62	63	64	65	66	67	68	69	
70	71	72	73	74	75	76	77	78	
79	80	81	82	83	84	
85	86	87	88	89	90	
91	92	93	94	95	96	97	98	
99	100	101	102	103	104	105	106	
107	108	
109	
110	111	112	113	114	115	
116	
117	118	
119	120	121	122	123	
124	125	126	127	128	129	130	131	132	133	
134	
135	136	137	138	139	140	141	142	143	144	
145	146	
147	148	149	150	151	152	153	154	155	
156	157	
158	
159	160	161	162	
163	164	165	166	167	168	
169	
170	171	172	173	174	175	176	177	
178	179	180	181	182	183	184	185	186	187	
188	189	190	191	
192	

Total number of jobs
193

Processing times of jobs
8	7	7	2	7	5	7	4	7	5	
3	8	4	1	10	5	2	3	7	4	
4	5	7	9	8	7	2	4	9	10	
4	4	7	5	9	3	5	6	4	7	
6	3	9	5	4	5	8	8	10	7	
4	6	5	5	9	4	6	1	8	7	
2	8	8	2	2	1	8	7	5	4	
8	9	6	5	8	2	5	4	5	1	
8	8	10	1	1	9	8	10	9	3	
8	10	2	9	4	8	5	7	4	3	
6	5	7	9	10	6	3	4	6	7	
2	10	10	8	3	2	2	9	2	4	
9	7	9	3	1	2	5	8	6	4	
2	2	5	1	9	8	1	10	10	1	
1	7	8	3	1	10	4	6	8	5	
6	1	6	8	9	8	8	7	2	5	
4	8	7	4	5	5	10	4	8	4	
6	9	4	1	7	4	2	8	5	10	
8	10	1	8	2	3	3	8	6	8	
1	2	10	2	3	4	4	5	9	2	
1	3	9	8	5	10	1	6	7	10	
1	10	10	6	2	2	7	9	9	4	
8	10	5	1	10	10	7	6	4	3	
9	4	7	2	10	6	1	8	6	6	
10	5	6	4	6	3	2	9	7	2	
5	7	1	5	6	8	9	4	5	7	
3	5	10	4	3	8	3	10	3	2	
3	9	8	5	7	10	6	9	4	5	
1	1	5	1	8	10	9	7	3	8	
5	9	4	6	6	7	2	4	6	9	
5	6	4	10	2	8	10	3	1	9	
6	9	4	6	6	9	8	2	8	1	
2	8	7	8	6	8	6	3	7	7	
2	10	5	1	6	5	5	7	2	2	
5	6	10	7	3	10	8	1	9	5	
5	9	2	10	1	6	1	9	6	6	
10	1	5	2	10	4	3	8	1	1	
9	7	6	4	2	4	9	9	1	5	
8	3	1	3	4	6	4	5	10	10	
9	7	8	5	9	1	1	2	9	3	
9	7	9	4	6	6	4	10	2	4	
2	5	3	6	10	4	6	9	10	5	
4	10	4	8	3	9	1	2	3	5	
8	5	8	1	10	4	7	8	6	4	
10	1	1	6	8	1	1	4	4	1	
6	3	9	5	6	9	5	2	8	8	
1	2	7	2	5	2	7	1	10	10	
7	7	8	2	4	8	2	10	1	3	
7	5	10	2	4	2	2	7	3	10	
4	3	4	5	2	4	4	10	9	7	
8	6	1	10	1	1	1	4	6	4	
3	3	1	4	8	6	6	5	2	4	
1	9	4	9	8	3	2	10	10	1	
5	10	3	7	1	3	1	8	5	3	
9	9	1	7	3	6	1	2	6	4	
2	3	10	5	9	6	1	3	10	4	
2	7	9	7	8	3	5	3	10	5	
7	4	7	9	5	3	8	7	7	10	
5	4	7	2	6	5	5	9	10	8	
1	2	4	2	8	4	1	3	8	4	
10	8	3	4	9	8	4	9	5	4	
4	1	9	6	9	4	9	5	3	3	
4	6	8	2	7	5	6	1	3	6	
6	10	5	9	2	6	1	9	9	4	
7	9	6	6	4	5	1	10	1	4	
3	7	9	8	10	8	1	5	1	7	
10	10	7	7	10	8	9	10	10	4	
2	6	2	8	9	5	10	9	4	5	
3	8	7	7	5	2	10	2	5	2	
4	2	9	8	6	6	10	10	4	6	
5	9	5	8	4	6	6	5	2	7	
7	9	4	7	10	1	9	2	3	9	
8	8	6	6	3	7	5	10	2	4	
2	9	8	2	10	10	5	2	7	2	
2	7	10	6	3	4	3	4	9	7	
4	3	9	10	4	4	1	10	4	2	
2	1	8	4	4	2	9	5	8	8	
4	2	3	1	1	10	2	3	1	1	
4	8	2	1	4	4	8	1	10	5	
10	7	10	1	7	3	1	4	4	10	
4	7	4	1	4	8	9	4	4	7	
9	7	9	7	7	5	7	8	10	8	
10	5	3	6	3	7	9	7	1	6	
4	7	9	2	10	1	5	1	6	6	
7	4	3	10	10	3	10	8	8	9	
5	6	3	1	2	6	3	6	1	10	
4	8	7	3	6	10	5	10	10	4	
6	7	4	9	1	9	7	10	9	8	
4	6	1	7	3	9	4	4	8	4	
3	10	5	2	4	9	2	6	7	4	
1	1	7	1	1	2	5	9	3	6	
9	10	7	2	10	9	4	6	4	4	
5	5	2	3	10	9	9	1	2	9	
4	10	1	2	1	5	8	4	2	6	
10	9	9	2	8	3	7	3	6	8	
4	7	10	9	3	6	9	6	10	6	
6	3	9	5	7	9	5	4	4	6	
7	4	8	6	1	8	7	1	2	6	
2	6	2	3	4	5	5	4	7	2	
7	9	4	6	10	2	5	7	2	10	
10	6	6	6	1	3	3	4	2	8	
8	8	2	2	10	8	4	7	1	8	
3	3	2	2	4	10	5	9	7	2	
5	8	9	6	2	2	9	10	4	4	
9	3	3	6	8	4	1	3	2	7	
8	6	9	10	6	9	2	6	10	4	
4	9	5	8	1	4	3	3	2	3	
2	4	7	2	9	2	10	7	4	7	
7	4	6	8	3	8	7	5	4	5	
7	8	3	9	10	6	2	4	8	3	
4	10	7	8	9	5	2	10	10	3	
9	9	4	10	6	5	10	7	1	6	
10	6	10	1	7	1	3	9	10	1	
10	10	5	9	4	4	6	10	10	1	
5	8	2	4	4	10	5	4	2	10	
3	10	1	8	2	6	2	7	5	3	
7	5	7	3	6	1	8	9	9	10	
4	8	4	7	3	1	8	5	4	9	
3	5	9	8	9	9	10	5	5	3	
7	3	10	9	10	7	1	8	7	6	
9	1	8	10	1	7	3	9	10	4	
9	8	7	4	2	6	5	6	6	10	
5	4	8	2	10	10	2	9	8	5	
5	9	1	3	10	10	2	2	7	5	
9	5	4	6	4	1	4	2	3	7	
6	6	7	10	5	5	5	7	5	1	
1	1	8	6	7	3	1	2	7	7	
1	10	3	7	5	6	4	5	8	1	
2	1	1	1	7	3	3	3	8	4	
5	2	4	3	9	2	1	10	9	4	
8	3	4	10	2	6	3	8	9	10	
6	8	2	5	10	4	6	6	9	7	
5	10	2	1	3	4	1	7	2	5	
1	9	1	10	2	2	10	4	6	2	
8	3	5	10	1	2	8	6	3	10	
1	6	9	6	8	3	8	4	1	10	
5	8	2	7	10	2	6	2	8	10	
7	10	3	7	10	6	3	3	9	5	
10	5	9	8	3	10	4	10	1	10	
1	5	6	9	8	10	3	9	10	9	
6	10	8	1	1	8	3	8	4	2	
4	5	9	2	4	2	4	7	1	10	
1	8	6	8	4	7	9	6	5	3	
9	9	7	1	2	8	1	7	9	9	
8	9	6	5	2	6	2	7	4	4	
2	9	4	10	8	6	7	6	7	7	
6	2	5	1	6	2	6	8	8	7	
5	7	4	8	4	9	4	7	2	9	
1	1	7	10	2	3	10	1	3	3	
9	10	3	8	2	6	2	4	3	1	
2	6	4	2	3	6	7	5	4	2	
3	2	9	6	8	7	9	2	9	2	
1	9	7	7	1	5	1	8	6	1	
5	6	4	5	6	9	7	7	8	6	
10	3	10	10	1	6	1	1	10	3	
8	10	7	5	6	7	3	9	2	6	
3	8	7	8	10	9	4	2	7	9	
4	3	9	7	9	2	3	2	4	5	
2	2	8	7	6	10	2	5	4	3	
1	1	10	7	2	5	2	1	9	2	
2	5	6	1	9	4	4	1	2	2	
7	6	5	5	8	1	7	5	10	9	
2	4	1	8	10	2	2	5	9	1	
8	4	10	3	1	3	9	8	3	4	
10	6	5	1	5	4	7	7	5	9	
2	9	5	5	9	3	6	3	2	2	
7	10	5	9	6	8	5	6	2	5	
7	2	9	4	5	7	5	3	2	4	
2	1	8	7	9	7	10	4	9	9	
9	4	8	4	7	5	6	5	8	5	
1	3	2	10	3	3	3	6	10	2	
9	8	7	8	5	1	7	2	8	9	
2	5	9	1	1	6	10	2	8	1	
9	8	2	10	4	9	4	3	10	10	
3	1	7	4	3	10	4	5	9	3	
6	10	6	9	4	3	7	4	10	2	
5	4	8	10	9	2	5	5	3	5	
1	6	4	3	1	8	3	10	1	10	
6	3	2	4	3	8	8	5	1	1	
4	6	10	8	10	5	3	8	5	3	
9	6	9	4	6	3	2	3	3	3	
8	10	9	7	5	8	6	7	4	7	
2	10	1	8	7	1	8	10	7	7	
4	5	9	7	3	7	10	10	3	1	
3	5	10	7	7	4	1	5	3	4	
3	7	6	5	10	3	7	3	1	9	
7	10	10	7	9	6	6	3	10	5	
8	2	5	5	5	8	4	8	1	8	
7	3	10	6	2	7	5	1	2	6	
5	4	4	10	8	9	9	10	7	10	
3	1	9	9	5	3	4	10	6	5	
1	6	8	2	1	2	10	6	6	9	
8	10	9	7	10	6	4	5	3	5	

Stepup times between family, where [f][f] represents initial setup time
On machine	1
73	92	50	100	29	88	73	73	27	13	80	62	80	86	28	37	8	66	57	62	18	74	32	76	32	40	99	38	96	84	93	48	83	11	35	4	33	97	68	89	
7	64	96	38	50	99	71	64	17	28	6	52	85	73	22	7	23	66	15	63	78	97	86	57	54	1	100	24	84	55	83	5	52	47	29	71	42	94	91	26	
23	43	97	95	74	77	53	42	87	84	23	86	32	64	20	72	31	100	53	51	42	39	30	82	70	64	1	90	70	63	41	40	34	62	63	22	32	30	82	2	
67	50	87	21	92	18	69	84	87	7	85	16	28	5	97	47	96	1	86	59	67	1	26	93	45	65	49	88	66	21	20	88	38	48	85	40	93	44	7	86	
97	22	47	21	90	62	59	5	14	71	7	91	38	31	43	42	26	73	20	43	61	44	32	7	52	2	96	42	79	89	41	46	39	24	37	45	7	64	50	86	
3	53	20	64	41	96	15	38	7	23	30	26	36	94	63	79	94	46	34	15	96	98	95	71	82	91	75	36	78	85	5	70	63	13	74	98	30	38	58	34	
30	93	41	1	47	67	60	89	52	19	64	63	3	40	78	54	59	77	75	53	7	64	43	40	11	23	50	6	42	58	43	5	86	22	6	42	67	4	79	57	
71	55	88	41	94	86	10	52	19	91	39	49	24	96	68	56	29	39	80	47	22	25	52	62	27	76	54	70	83	94	47	44	21	46	53	91	7	52	66	94	
74	70	30	93	49	20	54	75	61	87	27	93	1	7	59	87	45	97	59	6	26	59	94	94	67	58	92	80	74	37	80	95	96	34	90	32	90	87	57	9	
62	100	82	81	29	40	58	76	96	25	35	15	89	69	47	12	66	36	1	19	94	30	30	8	77	35	39	75	13	52	85	59	29	30	57	42	72	26	37	94	
18	91	92	79	88	12	70	80	82	41	69	78	57	93	90	84	59	96	71	2	92	1	10	40	91	27	65	100	47	22	75	34	46	28	52	55	69	58	100	15	
60	97	3	26	66	37	40	62	82	12	9	16	79	11	57	27	96	15	79	10	71	94	48	29	33	11	39	34	81	24	1	97	17	89	24	12	21	82	78	20	
1	81	77	92	45	54	53	43	42	24	19	25	52	26	78	24	89	75	90	55	17	56	5	86	17	47	62	25	44	24	92	40	61	96	8	28	26	59	17	89	
10	13	51	96	75	63	7	78	41	80	20	57	7	19	63	15	97	7	66	60	18	81	49	74	12	25	61	92	55	53	4	78	13	79	90	31	71	66	10	57	
81	79	33	63	78	62	68	29	66	4	37	41	48	83	27	29	96	60	83	100	94	44	50	76	32	49	44	4	93	66	28	60	49	4	37	29	71	3	84	99	
11	37	98	11	31	20	80	79	76	56	76	58	90	64	10	60	44	95	43	50	93	35	78	33	5	70	100	23	52	18	76	35	25	39	92	15	42	40	35	87	
12	70	31	45	17	53	68	54	8	38	41	11	7	20	17	52	94	47	52	100	82	90	81	52	74	34	44	80	33	67	79	81	41	42	46	58	25	6	99	98	
5	73	42	100	53	10	48	87	10	3	81	36	8	92	23	58	25	2	38	58	19	42	27	58	11	40	66	68	82	11	90	77	72	83	41	82	52	75	68	87	
45	56	54	36	93	37	99	55	77	4	4	3	61	99	34	76	14	71	8	91	95	31	71	10	7	21	7	74	99	43	88	8	19	48	4	98	3	85	13	10	
30	78	56	34	56	82	27	86	44	80	88	52	29	10	15	39	68	20	64	78	17	99	15	45	34	58	67	17	41	2	85	60	62	34	64	45	16	76	69	85	
61	29	5	65	32	61	80	34	83	98	17	23	45	5	56	79	57	77	45	43	69	12	26	84	34	7	68	94	94	12	94	29	82	62	4	52	42	60	100	94	
78	14	47	88	49	62	38	70	37	53	31	54	22	97	20	34	78	51	48	52	29	3	77	29	7	57	46	71	32	62	77	59	38	49	77	91	45	22	28	83	
53	19	35	90	31	79	21	87	83	96	13	53	68	48	49	18	5	16	85	5	24	52	30	99	88	96	38	84	37	61	41	65	70	43	7	21	32	65	83	94	
1	13	81	4	25	63	92	32	92	82	34	66	64	30	74	53	16	53	40	44	23	10	51	3	28	67	72	27	57	40	95	93	94	50	50	23	74	79	96	68	
18	94	26	89	75	70	20	91	68	79	9	91	59	35	100	17	15	3	38	78	49	58	34	79	23	49	63	74	78	23	57	94	12	8	27	3	85	86	68	66	
10	63	8	75	50	31	10	36	11	77	62	65	20	10	5	87	87	2	9	99	5	92	25	3	18	64	17	62	69	50	53	60	99	11	75	16	72	3	61	78	
3	41	95	52	71	38	62	49	21	51	86	3	82	94	19	47	76	3	20	18	61	1	59	85	35	59	76	61	35	71	68	17	19	23	28	94	90	12	10	20	
36	48	41	98	67	41	87	43	60	37	63	76	21	17	98	53	55	60	45	84	57	81	63	24	84	90	21	98	7	54	1	82	84	63	84	60	86	54	84	6	
34	24	31	83	5	9	53	37	49	23	71	70	86	77	87	96	81	28	15	44	66	30	95	63	92	72	34	33	71	30	99	19	31	32	92	79	79	86	66	26	
8	32	22	4	14	79	86	47	24	34	48	27	62	79	67	53	29	64	2	13	58	59	99	96	80	11	83	86	58	82	19	89	6	72	39	31	33	28	18	94	
65	34	64	82	86	64	57	100	4	30	61	37	46	54	37	60	8	84	20	31	86	44	1	7	71	42	61	81	83	42	65	10	34	98	97	1	74	78	46	74	
98	90	40	100	40	44	65	26	86	35	13	32	20	28	2	12	16	83	86	27	36	79	36	23	21	98	72	5	99	30	24	10	46	27	75	86	26	53	82	19	
27	62	99	44	25	27	11	32	7	22	82	100	49	25	48	55	20	90	3	6	19	26	55	44	4	15	39	100	86	19	66	12	98	32	61	96	10	88	96	98	
78	65	58	80	23	88	60	55	70	62	47	41	66	2	70	88	5	49	52	6	78	8	10	9	49	93	37	27	56	98	49	70	31	24	85	63	28	37	71	87	
72	23	99	35	100	33	65	63	55	44	98	97	69	25	9	51	43	76	43	51	39	27	81	46	2	3	48	96	60	20	88	19	19	98	58	12	44	36	85	88	
5	56	28	93	55	30	57	48	37	74	52	17	65	55	54	37	85	2	33	66	57	74	30	100	19	73	7	74	30	25	53	46	79	28	85	11	30	79	100	4	
44	47	69	99	20	80	35	32	34	86	17	41	73	83	17	31	74	20	21	80	76	77	41	42	93	58	62	44	78	85	7	82	12	40	89	58	24	61	8	89	
95	96	9	8	54	94	2	12	24	99	11	75	99	17	1	100	58	15	86	25	35	66	87	16	42	12	80	52	53	82	95	44	6	19	95	30	9	3	12	44	
42	40	15	74	19	98	54	2	90	82	84	8	20	5	18	96	66	80	80	67	21	6	35	55	13	93	15	64	47	9	92	38	95	12	12	59	18	73	90	13	
64	84	22	2	4	28	93	97	49	86	6	23	8	27	17	13	31	36	32	29	80	49	92	4	48	28	25	37	41	42	31	77	98	57	8	19	80	24	74	9	
On machine	2
61	10	81	32	43	36	55	75	99	72	48	81	53	10	22	42	9	63	30	20	62	8	37	79	60	78	96	46	11	47	99	25	41	38	31	67	34	68	90	82	
75	61	54	54	77	100	32	58	96	92	41	49	71	28	31	4	33	83	26	11	21	82	48	45	75	44	8	94	91	17	94	38	29	71	96	33	48	47	44	43	
35	100	34	13	30	3	49	73	93	28	9	13	73	74	54	20	46	91	76	1	82	22	61	27	25	21	24	41	19	37	22	21	88	36	42	48	83	25	100	33	
60	54	70	58	17	64	60	93	16	40	2	75	14	97	81	56	9	23	53	6	38	53	93	26	26	10	29	44	1	79	73	87	22	76	100	83	22	66	68	48	
97	74	7	82	1	7	14	56	33	4	84	26	46	7	54	99	36	16	21	67	52	36	22	82	22	50	87	69	50	66	56	76	16	31	35	93	32	1	57	63	
18	19	99	86	9	77	100	15	5	8	5	12	50	15	71	96	34	4	51	5	45	17	32	99	89	92	85	18	42	18	96	32	13	100	2	82	97	79	71	38	
55	6	88	71	95	63	28	36	12	23	13	69	59	15	54	71	39	63	54	10	62	5	80	85	80	99	10	71	40	30	80	67	41	60	33	57	73	65	68	9	
33	10	97	56	58	37	92	28	38	48	72	50	52	25	77	100	84	40	64	90	17	50	82	92	54	8	40	95	56	60	53	62	21	69	16	18	96	11	53	5	
96	88	74	30	26	75	69	13	29	50	63	4	47	77	39	59	94	12	20	46	63	14	86	94	50	3	59	31	79	15	28	77	70	100	9	4	90	57	92	56	
83	96	73	29	76	10	94	80	36	77	98	32	35	9	96	70	9	15	1	58	28	44	22	10	46	31	40	58	83	75	4	56	41	73	31	43	35	36	29	86	
45	1	66	76	13	40	52	71	19	68	43	6	25	2	27	5	59	18	22	12	61	92	69	94	15	9	11	20	8	79	40	94	85	10	96	8	43	11	67	23	
49	34	7	77	84	35	38	47	39	15	35	20	18	17	30	3	48	15	52	93	13	79	96	85	18	14	84	65	41	72	15	29	54	20	31	68	10	5	10	28	
41	66	11	68	12	20	73	10	11	18	6	23	38	47	88	37	12	86	57	62	84	48	76	32	89	54	96	12	24	83	16	25	90	99	70	41	45	72	60	87	
6	91	18	84	51	60	44	60	63	2	23	60	10	11	55	69	92	16	92	82	32	67	9	58	35	59	75	31	41	5	35	46	40	73	42	90	61	40	5	99	
42	48	10	74	55	27	53	69	71	1	65	31	75	54	26	61	71	6	69	55	39	73	86	3	45	80	71	24	48	16	37	58	99	58	77	55	88	2	95	33	
81	35	92	71	57	31	84	7	5	50	72	52	27	86	42	82	16	90	24	29	86	75	76	42	46	85	39	42	71	91	38	51	13	78	85	69	47	60	87	49	
46	43	13	8	38	49	18	39	56	27	41	78	51	11	84	24	97	54	6	19	50	28	70	12	44	19	43	92	44	69	8	19	98	48	70	87	25	13	39	82	
78	99	34	63	2	70	50	48	10	65	53	29	6	43	71	54	17	73	5	58	35	82	99	17	52	49	100	29	65	95	58	5	41	47	1	45	16	93	96	26	
1	86	100	81	20	19	48	52	81	90	12	100	19	76	34	84	83	59	27	95	52	2	50	72	86	63	32	45	5	38	54	95	42	26	24	14	39	81	3	98	
34	78	10	98	20	59	80	46	43	41	71	20	67	19	100	61	47	22	43	53	68	75	87	13	7	67	66	67	13	75	75	40	95	39	64	27	73	79	83	83	
38	34	76	16	26	3	14	90	99	40	45	64	96	85	59	95	49	82	88	8	44	63	68	53	17	92	69	27	53	67	33	48	15	35	85	28	53	68	1	48	
73	85	48	58	81	11	85	42	97	28	11	86	1	99	24	16	37	85	74	10	35	81	61	83	86	7	14	61	91	57	33	30	70	29	37	89	38	89	21	33	
72	53	22	79	27	77	72	69	91	67	19	87	78	96	28	93	84	78	84	45	64	48	84	79	46	98	100	69	57	52	95	92	35	29	6	27	40	35	22	77	
15	61	70	72	87	34	29	57	84	71	63	6	87	28	28	21	5	81	60	33	90	1	64	4	38	58	76	4	31	84	89	33	12	9	18	5	48	11	33	54	
84	28	23	44	78	53	51	51	47	78	96	82	18	76	77	28	15	52	13	48	100	61	52	18	72	36	99	49	60	41	29	12	39	46	33	66	82	98	15	83	
14	31	46	98	11	89	42	59	91	25	9	72	94	2	65	10	98	78	1	61	36	49	73	85	22	29	91	67	34	61	92	57	24	87	87	55	76	68	18	23	
16	53	98	66	14	3	1	10	68	96	6	16	97	23	29	83	63	57	77	17	36	33	20	50	52	26	97	58	25	69	51	25	69	66	5	66	15	17	71	46	
95	38	75	17	75	37	26	46	36	15	35	97	7	77	17	92	32	40	20	93	82	7	48	28	91	55	83	40	39	14	60	38	10	63	17	99	35	97	20	49	
42	70	32	6	98	1	29	84	36	52	85	33	73	3	2	26	17	18	78	2	36	2	14	100	6	71	55	92	1	3	14	53	75	58	44	92	67	71	85	5	
53	30	73	11	82	37	10	6	28	96	39	32	43	1	32	53	14	95	3	60	65	50	51	3	64	88	35	61	71	92	72	5	82	57	46	16	97	11	85	51	
16	47	58	42	6	95	82	62	16	60	50	65	26	5	10	44	27	30	90	43	74	17	25	40	17	48	46	37	89	80	75	22	48	4	36	64	57	90	36	56	
21	53	26	65	6	7	94	9	76	89	45	93	76	23	84	94	3	64	26	49	95	11	17	70	24	21	74	78	81	13	19	99	23	5	83	17	100	22	91	96	
2	36	78	26	32	68	19	5	11	82	62	60	21	90	87	82	55	17	45	45	19	50	58	19	97	17	98	25	94	45	44	74	63	33	74	46	34	16	40	93	
15	85	23	87	37	24	87	28	6	73	7	19	19	89	89	77	22	17	16	84	60	25	12	84	75	54	16	29	23	1	44	91	37	14	46	37	71	73	68	82	
17	94	60	67	95	83	45	80	88	43	5	81	72	33	56	31	64	68	84	56	6	30	96	24	30	29	63	49	76	12	49	72	38	71	14	47	73	43	15	61	
7	37	70	33	31	30	36	76	48	98	58	58	54	41	10	39	55	53	69	86	11	74	68	20	84	37	97	42	51	44	31	57	50	53	9	19	69	73	2	17	
5	30	47	19	25	26	7	93	50	24	82	54	61	75	88	42	47	48	81	25	82	76	57	73	68	56	91	46	43	73	15	69	97	19	45	56	91	41	98	75	
60	100	22	90	7	81	90	74	18	87	66	5	42	58	4	23	24	18	46	91	2	6	72	77	54	36	42	14	62	24	3	82	40	72	56	71	43	16	53	54	
28	40	12	60	28	25	21	68	45	65	7	2	9	87	78	59	48	46	5	97	68	94	26	99	3	77	83	16	25	18	62	10	79	30	18	6	7	91	5	50	
94	56	78	34	17	66	27	32	6	15	72	80	45	62	23	69	91	82	45	68	98	27	29	23	8	24	94	59	90	94	6	31	18	48	65	5	60	100	15	8	
On machine	3
15	61	51	31	21	66	58	84	48	1	22	73	76	47	59	29	96	99	39	68	87	29	31	74	50	28	38	81	22	100	43	43	73	47	58	69	52	35	52	71	
52	42	77	72	82	66	66	24	11	46	16	37	12	81	15	11	34	44	15	11	39	44	8	5	78	77	43	97	60	60	2	81	43	86	39	14	88	1	5	47	
88	30	7	86	24	17	5	86	76	13	15	28	42	81	37	93	70	19	42	41	25	14	94	61	21	75	67	89	57	72	95	59	33	58	95	8	44	70	59	56	
62	83	7	96	13	97	86	17	42	84	71	86	82	62	77	2	74	78	79	27	57	43	50	84	30	73	26	45	71	38	88	45	11	27	63	27	53	53	24	65	
12	57	17	28	62	77	10	60	25	38	57	59	61	42	62	37	23	37	75	94	6	95	65	82	84	67	14	65	35	11	13	31	30	70	32	76	40	48	2	39	
57	55	1	75	11	73	35	98	48	72	36	100	13	3	49	88	76	79	79	86	15	29	54	86	51	8	18	49	15	65	46	78	50	41	58	29	67	50	81	55	
56	48	61	5	35	67	19	67	61	81	44	21	83	52	36	77	10	31	15	70	89	33	31	59	22	78	87	62	84	93	33	7	26	42	6	77	72	93	31	67	
9	50	59	31	24	87	96	32	57	26	57	98	72	79	52	71	90	75	53	93	23	42	27	25	16	2	27	48	77	7	100	84	93	35	71	6	81	19	74	93	
11	85	65	20	89	19	55	27	78	20	7	61	88	82	9	85	9	19	25	65	18	75	27	89	13	66	59	60	42	51	77	72	94	27	94	1	80	72	75	47	
58	73	100	61	53	16	44	10	94	65	75	10	62	63	87	100	7	44	71	91	10	16	30	38	46	48	74	66	46	5	60	46	1	68	92	53	4	68	26	75	
26	41	17	38	30	10	25	3	76	23	81	65	52	13	82	10	27	26	50	88	47	69	98	30	49	82	57	69	7	62	82	12	23	8	82	52	12	16	16	43	
89	1	97	10	52	55	75	99	46	67	97	88	24	89	30	25	2	70	29	14	88	56	25	2	19	12	6	97	85	94	28	6	73	21	94	4	25	15	87	21	
87	9	41	48	81	74	92	86	7	24	92	99	38	65	40	54	23	26	92	49	16	15	99	9	39	72	14	76	99	51	89	53	54	90	16	29	85	15	15	72	
68	93	61	89	14	31	55	33	71	26	99	74	98	73	20	96	32	24	1	70	9	23	42	84	7	8	32	69	11	58	91	56	62	33	21	56	7	47	28	87	
100	21	89	26	90	75	83	95	40	97	100	43	99	100	48	82	28	80	9	7	94	42	32	26	83	82	45	9	25	56	33	89	79	41	65	23	37	83	28	50	
71	21	100	63	79	80	31	30	20	42	2	9	35	45	34	31	35	42	91	85	79	54	17	41	32	53	84	94	17	26	27	39	78	50	88	19	84	82	20	79	
31	96	5	87	24	53	72	84	95	67	59	80	61	55	92	45	99	30	33	60	14	40	56	83	64	52	81	54	65	50	16	10	2	10	18	14	77	29	85	32	
51	79	57	93	58	64	4	62	89	57	22	8	34	83	52	55	25	21	88	42	29	7	62	26	33	39	58	74	16	37	47	29	36	22	16	67	38	36	44	32	
44	49	89	36	2	20	90	82	63	75	20	90	54	65	67	78	49	6	3	30	96	72	8	32	100	85	11	63	3	3	73	58	65	85	52	19	86	91	78	22	
80	21	54	67	68	3	22	41	96	36	91	97	82	16	52	50	74	35	39	63	43	29	57	93	16	42	83	13	14	44	49	75	53	72	30	99	93	15	68	34	
55	74	66	42	28	65	22	38	95	72	38	23	8	10	25	39	8	87	20	3	51	98	95	30	65	91	91	31	19	10	66	99	56	54	93	28	65	13	61	71	
10	37	35	59	27	21	10	1	78	55	25	74	65	52	45	1	69	17	72	99	67	43	48	18	50	57	93	33	51	27	39	43	84	37	86	92	18	85	7	67	
98	8	59	57	94	70	36	54	9	48	70	8	62	7	94	40	50	16	73	34	59	48	33	27	66	18	30	2	96	17	47	28	9	6	62	2	61	65	61	6	
83	29	44	5	6	5	36	77	84	57	23	55	58	80	4	100	96	98	67	53	21	6	51	42	2	23	46	22	31	34	22	31	37	90	20	78	37	66	88	24	
44	19	3	91	29	26	5	52	82	57	80	21	58	47	28	78	13	47	62	56	64	85	14	94	30	21	87	78	72	68	31	44	97	70	51	11	78	81	42	95	
8	25	51	32	100	54	12	81	44	33	72	24	78	21	47	67	81	38	11	72	40	69	83	35	45	72	2	13	30	64	56	2	5	48	13	13	61	82	89	9	
76	64	45	44	42	21	23	20	6	38	93	33	17	94	33	2	15	6	4	64	94	4	12	44	22	13	53	63	97	43	16	97	92	72	68	79	91	40	67	19	
49	58	69	44	60	79	13	2	22	97	46	72	67	42	35	52	22	7	66	29	92	14	81	78	37	82	6	99	99	21	64	20	65	65	36	40	44	17	73	30	
3	89	9	10	96	49	85	49	77	17	66	100	74	23	8	53	29	78	21	84	72	100	77	41	35	34	68	84	62	10	35	42	45	35	10	72	54	73	26	56	
1	17	8	22	79	39	82	41	18	53	26	96	71	90	55	95	40	1	51	85	66	7	84	70	4	68	64	29	37	95	68	4	92	20	3	45	24	98	79	7	
74	18	85	44	16	93	79	47	66	57	11	58	36	92	12	50	97	4	39	67	80	38	14	28	61	84	62	62	74	18	84	10	7	50	23	36	92	26	96	26	
57	12	31	93	82	44	66	48	8	95	22	26	52	89	51	50	96	29	92	41	78	97	32	77	35	89	73	40	90	31	39	32	36	12	82	24	56	19	40	83	
4	2	9	56	34	65	24	77	54	4	28	18	70	55	25	84	54	4	53	14	28	50	98	46	45	34	39	33	26	43	41	70	55	24	88	86	24	59	9	74	
99	20	41	34	66	56	61	41	82	46	25	99	2	26	44	51	53	66	59	49	41	82	57	74	34	79	90	27	86	63	9	42	86	93	93	87	86	45	23	46	
47	24	100	25	56	58	55	9	17	26	55	76	47	50	49	20	65	26	11	44	2	66	36	73	19	11	18	20	12	92	92	62	73	9	26	98	93	57	2	79	
83	57	22	41	39	87	80	79	76	18	68	73	28	98	18	75	36	70	16	87	53	50	63	3	96	39	69	33	35	65	24	11	1	65	51	85	98	46	87	71	
85	17	44	57	100	80	46	8	21	36	85	19	80	78	94	85	35	48	1	65	96	50	93	90	88	5	63	63	33	5	65	20	45	40	49	79	7	31	82	100	
39	97	92	50	70	10	95	70	89	46	99	64	35	3	91	12	34	92	16	38	15	13	99	33	35	96	47	94	74	9	14	46	29	41	80	7	67	20	90	65	
56	25	45	15	38	1	3	88	42	17	38	36	65	81	2	34	7	20	49	16	48	12	47	52	31	25	20	16	58	95	88	39	72	57	57	11	17	88	35	38	
59	6	68	66	77	61	58	29	20	56	65	96	90	78	37	15	63	32	88	16	59	16	78	77	59	60	35	91	49	94	9	96	84	24	57	50	65	71	9	81	
On machine	4
18	10	40	53	12	87	29	68	51	26	55	46	61	9	86	62	82	89	80	4	96	32	35	10	59	92	44	5	67	1	46	36	3	3	10	31	42	47	56	51	
22	89	96	57	23	47	41	30	64	51	1	100	25	80	22	49	29	38	85	59	20	2	66	83	54	46	63	33	15	95	44	11	57	89	66	33	61	2	56	99	
90	44	86	21	49	63	24	22	44	82	33	44	18	48	48	46	82	60	100	83	92	1	53	23	47	69	99	67	97	36	25	42	80	52	49	66	97	5	50	98	
6	1	17	28	9	84	81	60	78	38	51	51	22	33	7	22	98	92	91	83	54	86	100	34	26	12	99	19	59	52	75	98	79	59	98	97	100	6	7	93	
31	97	63	67	52	22	55	80	81	41	48	42	3	13	54	93	52	98	7	47	57	25	96	9	13	45	86	48	93	70	73	41	63	25	55	19	99	69	79	91	
65	74	32	4	56	3	93	86	63	14	26	22	2	17	95	83	11	3	18	45	79	95	97	25	57	83	6	23	26	75	96	9	98	97	25	73	70	89	19	68	
53	8	42	15	14	49	38	44	68	4	91	64	5	77	59	40	59	33	58	76	14	62	100	47	86	48	16	35	1	79	90	55	48	52	26	31	15	93	92	49	
90	12	85	44	5	98	4	85	83	86	22	92	73	64	44	80	25	92	15	31	85	63	9	1	62	80	35	16	92	12	87	34	68	61	73	93	56	23	65	83	
88	17	45	93	7	67	33	49	7	17	17	3	2	21	20	39	87	23	35	37	38	63	29	53	27	75	19	19	31	21	72	68	39	46	49	7	66	95	53	6	
60	45	86	50	84	78	80	81	76	96	24	50	89	81	34	71	97	66	74	78	42	22	11	60	81	61	100	74	40	85	46	50	3	66	44	7	11	53	35	19	
79	47	16	98	10	75	16	29	97	32	87	82	60	2	76	48	6	41	68	75	54	4	74	4	15	65	25	49	51	83	30	30	15	60	6	57	10	32	76	13	
50	38	97	73	94	46	4	50	53	62	49	83	8	5	73	51	20	76	27	59	11	61	17	20	69	96	57	51	37	21	15	78	11	30	77	10	16	54	35	69	
79	4	4	41	37	43	28	45	47	15	5	13	97	56	4	49	52	15	29	16	46	58	98	36	64	77	17	43	11	14	92	70	29	29	4	35	88	93	68	46	
87	48	59	18	35	81	47	7	46	96	35	81	63	1	100	96	80	83	96	81	35	87	8	13	55	64	30	42	14	97	58	36	15	36	97	49	1	70	48	27	
40	76	28	81	88	9	63	39	98	39	26	97	92	99	79	34	82	2	19	77	80	62	44	48	73	2	11	51	67	33	53	25	79	51	77	53	65	6	83	49	
51	59	80	22	44	37	5	29	53	34	81	80	99	67	100	19	87	29	25	39	91	52	15	43	42	92	50	77	94	95	76	14	8	31	57	47	33	55	72	83	
15	67	29	78	68	41	85	52	36	50	62	81	60	39	11	63	81	61	90	92	80	89	79	7	40	41	43	6	90	44	86	63	26	8	62	92	53	95	73	60	
31	24	86	94	29	19	37	85	64	64	88	99	59	81	82	8	87	41	33	72	51	20	78	71	57	99	100	28	51	16	40	69	2	69	41	39	7	42	76	94	
7	90	58	79	57	26	53	46	1	30	97	34	43	64	86	10	92	26	92	74	72	34	21	44	75	70	7	50	60	78	74	78	69	53	35	90	24	2	4	99	
20	7	34	50	86	53	41	55	89	52	82	21	16	32	4	87	87	55	91	58	61	39	19	51	63	33	78	37	87	52	60	49	16	98	93	34	34	18	66	72	
51	90	65	22	13	69	65	8	31	82	69	73	9	74	79	5	32	18	41	45	7	10	73	73	98	33	100	56	48	52	38	6	52	100	77	31	19	3	78	73	
45	59	6	98	77	4	90	50	8	72	38	96	19	91	24	15	60	100	94	39	27	54	28	56	71	89	49	25	27	13	32	23	2	53	56	23	4	80	85	90	
91	36	98	78	90	70	20	47	43	95	25	100	22	32	77	4	74	61	2	86	79	9	27	61	98	30	23	7	86	18	52	28	51	41	5	63	49	8	70	88	
16	8	1	57	69	97	47	59	64	81	100	51	18	3	97	60	35	49	19	20	80	57	36	54	8	9	8	8	32	60	6	39	48	30	27	70	66	15	9	1	
55	55	38	28	84	90	54	12	10	35	75	37	81	10	80	92	69	20	55	65	98	78	70	87	44	46	75	61	74	82	93	13	38	38	88	77	73	93	49	69	
74	78	69	18	51	67	24	73	86	88	44	12	33	76	95	68	89	69	75	19	14	17	17	52	47	36	37	27	21	62	68	82	95	35	98	39	85	54	93	18	
54	56	93	96	11	16	4	12	70	5	22	58	52	51	10	79	58	88	32	28	48	66	85	14	46	33	87	7	12	31	46	94	29	96	84	59	86	80	55	74	
95	69	75	46	59	79	35	73	46	43	91	55	33	89	32	17	91	8	84	14	68	82	1	92	14	41	14	49	69	46	74	62	72	78	12	92	57	96	20	68	
38	61	75	4	1	77	67	57	74	36	46	14	95	86	68	41	39	1	19	51	77	36	17	73	61	16	84	46	47	25	27	76	64	100	87	95	77	82	32	4	
80	97	32	61	99	11	54	10	78	98	8	10	52	9	64	59	57	54	11	17	23	46	40	8	84	72	32	64	44	1	93	25	20	72	35	8	57	17	63	7	
69	43	82	95	64	72	12	35	99	62	52	91	73	55	49	100	47	1	81	30	79	51	9	56	44	17	83	76	19	97	56	43	23	26	51	93	78	43	25	46	
34	72	90	84	45	51	22	45	62	29	57	93	80	96	90	90	33	27	96	88	9	11	27	44	44	78	86	75	58	57	11	76	84	75	12	13	11	19	60	43	
49	93	68	74	87	37	6	78	47	59	54	97	17	55	3	44	56	46	83	37	1	28	36	19	23	86	60	37	59	40	57	94	68	47	22	71	12	7	80	3	
8	81	67	100	71	99	76	64	66	6	34	72	3	87	14	46	85	28	44	12	53	24	79	92	59	65	81	99	7	1	87	85	45	100	38	7	39	80	18	47	
13	66	59	91	46	61	2	9	32	96	51	24	33	90	73	68	79	29	60	33	53	32	88	45	43	79	54	18	69	1	93	70	46	69	34	82	44	71	61	19	
73	14	66	87	1	31	11	63	58	14	23	20	52	86	56	95	81	61	90	10	19	23	37	28	30	18	46	25	50	94	67	13	5	92	36	64	28	53	30	44	
6	14	74	38	14	36	21	17	94	96	8	13	88	60	27	2	12	95	12	12	52	3	68	32	76	17	97	32	19	4	1	93	57	48	66	81	40	6	2	48	
27	61	15	80	23	32	35	90	99	44	95	2	33	50	60	11	49	61	48	42	95	94	22	95	29	99	84	65	34	29	1	90	77	52	66	12	29	47	75	14	
17	65	94	91	45	60	20	34	77	98	46	74	72	12	32	11	64	26	59	71	42	11	96	53	36	22	38	2	93	20	63	18	48	46	52	14	42	33	90	22	
81	3	97	21	73	36	86	50	60	99	63	34	98	94	39	97	78	43	1	72	56	18	36	26	59	82	70	46	39	29	65	10	19	90	15	86	56	39	93	81	
On machine	5
70	32	70	95	38	81	45	12	70	24	22	94	84	100	61	93	96	15	39	61	90	34	32	90	73	92	51	49	1	6	93	5	91	85	62	64	42	57	88	71	
77	37	53	75	97	77	43	67	77	21	93	96	45	31	1	6	95	33	6	37	55	18	86	17	92	77	25	54	86	40	31	29	28	9	65	30	48	13	14	91	
42	15	57	58	48	34	52	31	92	79	45	9	49	71	27	8	50	2	22	99	19	100	8	67	91	62	66	60	83	33	89	94	60	24	2	11	5	74	72	18	
83	10	87	94	97	65	61	27	33	37	44	81	37	67	3	7	24	69	29	14	8	7	50	66	61	85	83	42	42	64	92	29	90	37	70	14	63	35	24	7	
83	22	43	82	26	76	54	19	27	48	58	40	3	59	90	52	91	43	30	67	38	36	28	43	34	25	40	64	82	64	57	90	19	80	12	51	56	96	35	67	
7	19	48	17	90	20	54	92	17	41	1	45	4	67	54	46	33	18	73	14	56	58	80	11	15	80	33	64	99	85	35	99	48	29	92	37	14	47	58	91	
72	11	96	27	33	9	33	89	76	39	59	44	48	73	31	18	62	41	22	77	35	15	9	54	61	28	60	94	89	26	45	91	81	36	21	5	99	31	62	3	
96	56	56	96	46	4	36	15	89	83	66	96	99	53	58	86	67	26	40	8	64	2	72	91	84	15	67	86	71	17	82	14	10	3	12	26	52	95	11	83	
60	63	62	70	83	89	74	43	32	1	89	56	93	45	79	73	58	34	16	43	4	29	37	48	57	47	11	1	53	23	35	71	42	38	41	75	53	13	67	18	
20	83	53	8	6	8	60	100	52	17	19	17	55	21	58	17	46	49	25	76	29	8	23	14	20	59	99	8	19	17	39	74	49	94	61	98	47	62	62	68	
20	44	41	43	36	30	46	61	81	87	19	4	64	56	57	64	51	28	92	65	87	44	53	7	33	13	33	31	84	32	69	36	48	28	6	21	85	36	44	95	
76	16	47	1	82	26	100	42	67	38	46	17	4	4	81	48	65	45	19	48	7	21	21	29	47	26	98	91	11	24	53	48	46	92	44	46	35	34	65	40	
13	47	31	35	16	1	13	24	45	100	39	52	40	61	61	75	56	56	95	86	39	97	62	63	76	28	14	33	11	76	73	52	72	90	81	11	39	8	47	80	
91	19	37	60	17	2	78	75	23	37	94	8	41	93	58	77	76	95	97	68	33	82	2	37	29	58	16	95	25	71	94	51	32	1	61	91	79	26	83	53	
47	92	85	33	60	15	37	32	28	58	45	61	16	6	85	85	10	15	8	74	6	2	49	48	99	68	8	62	90	92	15	15	93	51	43	93	64	9	93	44	
26	81	40	9	73	36	14	66	82	18	68	56	21	20	22	99	90	96	48	12	84	2	83	93	83	1	73	58	32	81	16	98	83	55	69	23	84	28	36	73	
5	21	6	2	24	29	3	28	26	77	16	77	77	83	33	70	35	14	20	68	75	84	19	8	70	84	24	94	99	33	19	89	8	8	81	69	6	38	77	71	
39	63	92	80	72	97	61	20	6	54	98	92	85	6	90	74	94	44	32	91	52	26	18	53	74	56	52	15	17	62	84	48	40	91	59	19	37	56	42	52	
85	16	18	48	66	77	42	54	23	16	56	17	43	10	33	25	78	58	85	50	41	49	59	77	3	62	4	5	39	99	95	18	20	63	7	82	66	2	29	66	
33	72	66	30	42	74	68	68	52	38	88	87	38	18	27	47	55	84	42	66	93	4	56	28	19	71	69	89	42	48	53	2	6	80	62	17	67	25	84	44	
54	16	3	41	21	100	72	43	84	64	85	43	99	88	100	32	47	86	67	9	64	89	19	67	82	98	5	91	3	48	11	96	57	29	56	54	28	67	1	15	
86	18	90	18	21	20	1	80	54	90	22	38	13	95	3	34	24	91	44	47	35	10	55	60	95	92	58	53	25	87	74	3	80	41	78	33	69	47	17	71	
24	1	11	16	25	74	100	9	17	57	38	37	73	78	10	18	29	52	78	35	88	31	50	54	89	16	3	10	15	9	99	46	93	64	33	97	2	68	73	93	
59	40	14	79	48	52	72	12	41	42	24	19	67	74	91	16	35	68	22	25	41	60	51	53	9	26	35	18	98	96	58	69	24	3	86	70	86	3	88	46	
21	42	5	12	3	12	90	50	87	43	15	47	2	21	59	38	42	64	12	98	48	56	96	12	81	34	5	62	7	23	100	8	28	31	90	15	51	4	23	58	
20	97	21	90	88	79	76	60	23	26	97	91	48	19	48	20	26	9	25	89	42	85	93	75	80	25	59	88	99	35	25	15	70	45	74	94	78	67	90	89	
18	80	19	100	43	33	12	55	4	20	40	42	18	42	37	24	39	46	73	19	36	52	62	20	59	56	70	99	43	90	1	61	95	10	11	97	3	1	11	25	
20	2	73	34	9	61	11	37	16	49	35	15	85	27	95	9	46	32	68	14	51	57	11	94	84	68	47	35	76	74	68	16	71	72	77	20	87	32	61	85	
67	80	25	15	65	96	80	65	19	5	36	61	88	81	45	20	46	25	7	69	18	35	58	9	13	1	12	6	37	52	49	44	49	23	42	66	40	98	58	69	
38	3	23	12	9	75	26	92	41	2	8	38	66	94	74	85	63	19	69	31	43	94	7	6	24	80	32	73	10	91	39	94	58	48	68	17	76	34	49	18	
5	2	61	99	44	56	31	4	68	35	30	5	65	51	40	6	36	66	50	45	76	100	81	32	84	42	38	49	91	83	35	73	48	68	60	69	32	88	60	78	
40	57	72	74	77	55	14	3	67	2	13	64	96	34	56	40	2	53	89	74	11	14	48	19	25	21	67	69	13	9	92	57	7	75	5	55	2	65	48	9	
11	63	58	60	15	27	37	34	84	29	19	64	86	62	69	24	44	35	26	97	10	26	3	63	89	55	94	24	96	90	35	33	10	58	16	99	27	82	53	52	
83	35	3	48	42	44	88	80	45	71	68	80	47	27	75	66	12	46	24	25	55	14	75	87	31	76	84	96	7	83	5	55	16	39	16	93	43	41	44	95	
12	10	38	93	59	1	17	12	79	98	64	99	2	78	47	43	2	80	96	1	43	62	44	1	89	41	94	45	26	76	47	90	66	45	13	6	60	26	16	68	
84	68	62	39	94	88	78	100	86	12	93	45	36	12	65	94	62	2	23	65	15	59	99	53	30	8	51	46	9	49	44	59	82	83	45	33	52	37	74	56	
20	11	65	85	98	91	50	81	72	55	14	9	22	79	92	17	73	79	53	86	25	39	11	28	90	37	32	95	78	16	78	68	96	67	17	23	38	77	26	50	
98	87	78	21	28	75	44	25	70	62	100	65	51	47	97	44	4	17	55	81	23	70	48	49	84	90	34	52	56	28	67	37	56	73	31	80	7	47	69	5	
61	13	49	48	82	15	52	51	16	69	59	21	95	4	84	76	65	78	79	57	65	91	9	38	55	33	95	13	22	63	29	24	45	12	10	39	88	82	55	20	
4	85	90	97	79	64	42	32	33	32	62	55	36	53	40	28	43	28	68	6	5	51	25	55	70	10	30	67	22	41	10	30	17	26	91	14	25	58	34	25	
On machine	6
39	26	39	33	38	79	78	43	78	77	55	75	4	52	45	24	51	76	70	84	15	100	14	58	42	48	52	83	16	6	100	3	66	61	34	15	34	26	18	9	
4	16	65	70	57	50	2	61	2	45	18	6	82	88	8	22	14	89	66	84	13	33	7	85	37	73	2	5	48	19	80	71	99	30	57	2	3	35	34	33	
79	96	23	9	99	37	45	71	86	71	94	34	37	80	64	98	2	36	33	72	62	35	58	95	55	70	23	60	92	93	88	5	8	80	58	67	86	84	38	72	
88	28	5	78	71	12	69	87	98	47	38	24	11	3	46	73	21	99	28	45	12	26	64	39	13	30	97	62	88	33	10	88	25	92	37	52	88	94	86	21	
7	49	30	88	32	80	58	75	7	100	57	97	100	81	25	32	89	11	23	34	24	43	25	72	45	24	54	21	62	22	36	41	49	59	59	10	54	12	22	19	
58	88	70	84	84	50	40	99	61	17	15	9	32	95	6	11	56	55	40	69	66	86	44	62	19	26	56	69	30	42	69	84	75	95	79	11	91	76	59	23	
87	60	27	55	40	79	66	63	44	15	88	18	51	78	55	20	91	42	89	86	18	94	23	52	57	7	43	44	6	83	72	60	95	57	78	51	75	90	84	8	
61	28	19	45	95	6	9	59	66	22	89	60	43	54	94	41	48	54	32	24	92	4	16	87	11	2	8	75	19	21	91	100	73	88	38	20	59	90	25	71	
50	99	95	91	15	19	34	61	76	81	98	6	24	16	79	75	30	54	59	43	7	1	56	64	81	45	55	100	53	84	71	26	21	64	86	7	47	15	24	94	
16	51	33	46	36	84	12	21	52	76	98	55	32	48	94	62	62	16	95	87	90	69	16	4	7	25	39	84	79	71	68	38	7	78	14	64	27	71	66	93	
32	58	21	6	13	34	15	72	6	22	76	63	82	77	28	4	75	77	99	53	70	50	61	47	8	54	20	81	59	42	22	72	96	42	69	12	19	45	23	25	
97	20	79	61	58	38	66	36	23	20	3	44	2	41	94	71	81	41	35	61	78	74	69	100	40	56	75	21	46	69	88	64	84	86	70	13	15	36	46	92	
14	97	51	28	22	77	11	1	97	65	11	22	9	89	81	73	2	1	70	67	60	74	4	55	48	59	15	31	16	21	29	79	64	12	31	92	24	96	78	77	
37	13	7	58	77	90	57	1	33	58	65	92	19	86	46	92	25	15	32	69	100	85	94	52	61	66	79	68	44	86	41	43	28	93	21	94	15	52	18	20	
70	31	67	29	70	27	4	6	42	26	13	4	67	27	72	67	19	33	71	22	79	40	78	61	46	25	32	72	73	6	22	78	79	47	88	63	28	59	91	97	
56	38	34	6	75	26	61	2	63	59	26	71	49	65	23	7	73	18	11	69	2	89	63	81	70	18	18	67	10	29	80	10	55	10	56	48	49	88	81	93	
22	24	36	100	7	96	21	8	79	10	24	57	75	82	77	65	23	81	70	68	3	86	28	45	43	9	42	65	70	10	69	52	73	44	39	34	18	19	37	77	
50	36	82	21	80	29	40	91	50	48	77	94	60	85	19	43	8	60	99	96	61	90	67	82	61	73	60	46	77	74	30	85	55	95	75	14	60	71	53	96	
16	41	56	86	73	80	76	41	8	7	84	66	71	89	82	84	16	76	96	47	88	42	45	69	5	68	1	41	35	76	27	66	52	23	32	71	92	53	41	78	
61	46	67	93	58	97	45	84	8	99	45	78	45	48	78	5	30	59	52	60	61	4	78	54	82	21	68	35	38	75	21	6	91	33	56	48	13	52	23	93	
19	19	18	44	44	63	53	41	3	3	83	40	40	14	19	1	14	9	36	72	39	95	26	63	71	95	71	82	77	13	10	28	52	12	41	13	99	23	89	61	
70	7	4	20	88	34	22	87	49	42	46	80	19	15	44	74	20	11	49	10	55	64	90	49	60	76	57	72	66	19	89	86	17	50	11	64	40	3	85	27	
91	9	11	88	11	76	8	36	53	73	17	24	16	66	19	28	66	9	12	85	44	35	86	49	82	7	40	20	59	37	8	44	35	49	35	1	49	28	55	76	
74	81	92	7	71	12	18	45	86	97	71	97	87	88	76	60	73	22	32	71	75	37	91	86	59	24	18	63	83	45	18	5	72	78	49	54	45	83	97	46	
40	43	63	28	85	82	96	47	84	73	20	11	94	45	25	85	10	1	60	62	53	48	81	62	16	78	23	3	77	75	20	38	22	4	17	45	8	32	41	11	
14	94	49	17	37	70	27	25	3	3	13	8	25	86	82	56	68	9	64	12	43	79	1	70	82	82	21	19	12	59	14	86	12	93	77	26	90	4	58	72	
58	70	43	77	62	50	1	41	74	78	31	27	67	72	87	62	90	75	57	35	10	50	31	60	59	34	64	30	44	66	30	75	5	69	51	83	18	20	40	64	
95	7	31	69	1	81	23	59	73	38	21	11	58	1	40	31	77	89	6	76	84	65	75	26	56	74	19	96	21	23	34	20	32	32	40	31	44	89	17	4	
27	16	99	37	3	30	7	96	96	88	76	21	92	66	3	99	16	21	81	94	74	6	68	89	9	26	80	46	29	22	16	88	71	16	82	10	70	55	2	3	
37	21	74	60	99	74	32	69	2	2	87	3	35	87	81	90	60	80	63	8	87	18	42	29	53	83	80	35	30	27	59	96	33	47	50	22	55	93	27	52	
92	12	88	89	63	94	3	24	86	48	68	64	61	57	46	12	43	90	79	45	95	31	73	65	100	76	7	91	64	13	72	14	23	96	10	16	62	91	68	22	
7	38	38	97	33	86	72	66	23	68	14	81	63	87	39	60	59	37	63	45	57	5	15	68	57	15	76	91	30	11	53	31	60	4	25	59	78	86	74	15	
81	40	71	45	35	38	66	65	100	92	90	77	82	100	73	9	9	42	58	13	96	78	26	59	33	60	5	94	15	20	89	100	79	16	58	99	96	79	87	79	
45	15	1	12	35	11	14	83	64	7	62	79	50	29	21	46	50	31	65	1	5	20	93	44	83	57	8	83	9	86	72	93	28	58	49	35	75	2	58	30	
92	23	41	76	71	6	32	42	61	84	46	83	94	16	47	42	89	21	17	78	24	10	4	1	4	97	75	86	62	84	7	23	15	76	90	66	48	18	100	45	
31	95	12	83	9	84	10	48	58	10	95	64	51	99	53	97	92	67	37	76	88	15	63	42	63	62	55	30	9	16	89	46	47	57	10	80	20	43	19	46	
11	76	59	8	24	96	30	31	56	90	100	62	13	41	16	73	28	22	50	83	79	100	8	60	54	85	76	59	2	89	63	84	13	42	33	68	88	18	60	83	
87	71	51	71	4	9	39	94	10	33	9	92	90	65	57	27	19	47	4	45	59	48	54	35	15	82	44	19	56	54	9	13	10	84	74	34	65	20	17	80	
100	56	22	72	10	2	54	74	50	4	44	57	3	56	50	56	89	90	97	100	53	72	54	50	17	10	53	18	1	95	76	81	71	51	17	66	65	51	52	47	
11	34	46	3	84	23	46	97	6	73	89	70	4	93	62	1	47	83	30	87	58	22	37	69	58	63	84	43	73	6	83	73	91	88	67	9	93	38	51	75	
On machine	7
31	48	25	18	49	72	4	99	83	91	64	98	89	68	3	35	6	23	53	84	42	90	14	89	51	84	44	8	14	80	15	65	12	12	34	100	83	24	7	34	
36	91	34	72	84	37	91	71	68	81	79	49	67	34	99	32	81	98	70	24	55	68	97	43	69	93	52	87	6	60	55	23	58	25	17	76	5	91	44	1	
75	59	19	20	83	68	12	40	35	76	79	56	12	90	28	89	68	33	42	51	2	36	78	44	99	19	88	29	27	89	99	17	85	2	2	28	27	4	5	22	
38	61	27	2	53	44	91	45	47	91	9	20	7	67	82	37	98	47	43	26	73	61	90	55	80	71	99	29	93	46	98	69	9	87	66	53	92	54	3	93	
69	69	90	16	3	3	94	66	25	79	94	84	15	8	12	70	82	90	46	81	15	79	90	61	4	46	56	52	38	79	78	53	46	77	98	84	46	50	20	47	
43	79	62	1	23	73	57	66	80	14	47	67	83	83	95	73	24	59	44	37	35	1	79	56	40	20	85	46	15	81	97	43	21	89	94	52	16	27	26	47	
23	65	25	49	35	24	39	49	24	85	96	34	44	96	59	97	19	27	17	43	97	15	97	10	49	75	27	71	95	5	31	40	38	86	69	37	45	97	10	13	
100	76	4	57	48	77	51	35	44	28	82	44	48	14	96	58	15	53	16	11	20	6	87	38	79	19	44	100	71	74	88	34	7	53	32	31	15	92	73	7	
30	40	87	37	80	75	55	32	96	13	51	26	93	16	83	4	83	17	58	42	37	70	42	14	55	5	68	18	83	18	84	69	72	23	43	12	43	36	10	4	
62	19	40	25	42	14	52	66	27	75	56	17	59	24	37	75	4	28	37	67	33	35	44	21	37	20	21	70	59	95	77	80	54	38	54	8	15	87	26	81	
25	56	19	8	40	37	46	51	72	78	61	56	92	22	2	32	54	92	28	6	56	66	96	14	2	48	14	8	51	52	97	33	95	72	100	87	44	87	50	7	
91	91	69	71	24	66	20	85	34	76	11	69	29	40	84	97	54	57	26	77	2	20	32	79	53	65	89	48	58	18	58	15	69	47	58	29	24	37	13	78	
25	17	77	67	64	92	74	53	87	31	100	86	1	79	34	28	49	30	95	76	17	18	48	54	45	22	76	88	59	50	41	98	51	66	53	44	11	43	13	42	
12	58	33	57	97	74	13	78	18	4	56	3	4	44	77	90	52	43	5	17	56	9	61	67	93	59	49	74	53	54	40	79	6	43	34	1	38	87	1	62	
26	55	44	7	88	72	80	63	59	8	67	25	47	67	60	51	1	31	65	22	65	39	71	23	39	86	93	23	4	41	84	99	22	6	15	93	31	50	93	40	
83	29	76	37	89	6	35	81	32	44	85	6	9	52	62	50	24	98	6	34	80	15	72	13	60	66	79	7	92	62	7	59	93	87	82	40	90	82	27	60	
41	99	11	40	56	41	21	43	21	40	66	3	24	11	84	7	58	83	51	56	48	52	26	33	25	20	65	40	35	22	15	30	51	36	9	86	31	74	28	82	
87	36	31	43	67	76	10	25	52	90	31	59	83	10	73	16	22	52	28	56	56	39	31	65	96	33	77	12	28	36	42	10	29	39	97	54	74	81	1	71	
71	24	29	10	35	65	81	11	72	64	92	57	94	1	64	76	66	34	73	50	27	5	64	31	5	64	43	45	1	50	24	43	60	99	37	78	71	67	84	83	
26	8	29	45	28	75	92	73	69	44	4	46	28	70	39	61	73	95	90	22	83	99	49	44	88	94	8	79	45	44	26	18	49	35	87	86	65	4	74	9	
88	96	3	32	39	40	26	37	18	56	46	16	50	56	10	51	30	54	46	64	38	46	56	85	98	97	48	86	41	67	40	5	2	20	16	58	89	59	56	6	
55	31	39	91	11	63	44	31	93	93	11	70	84	91	16	25	42	81	60	99	55	23	91	57	95	50	76	49	12	47	70	63	76	2	88	94	54	28	50	84	
72	90	75	34	33	84	8	8	41	82	38	14	45	51	89	89	37	95	7	69	44	5	14	85	71	34	94	60	87	18	7	93	32	46	76	71	20	2	70	42	
47	62	71	59	19	7	54	81	91	23	68	82	41	2	60	4	10	50	42	31	34	11	6	79	82	49	84	33	11	26	46	66	52	99	38	92	66	26	47	25	
42	71	36	83	63	43	2	12	63	58	1	41	9	37	49	14	89	87	10	78	2	17	55	33	17	95	94	97	65	88	98	27	58	3	92	42	17	45	3	38	
27	98	1	98	70	49	51	96	99	96	56	83	61	39	45	89	18	25	67	45	95	77	62	17	35	40	16	53	46	13	39	73	51	83	17	41	21	53	6	63	
51	67	46	2	48	67	66	22	90	60	74	39	42	4	80	61	57	64	54	25	40	88	88	43	83	62	88	6	17	18	96	7	97	5	94	88	11	51	29	98	
40	36	65	5	78	78	33	57	93	25	84	27	52	79	55	73	75	29	63	40	49	1	30	5	44	89	50	35	68	71	21	24	70	52	75	70	58	10	66	5	
99	69	4	11	9	59	43	60	38	66	67	79	28	49	88	34	35	96	10	53	81	64	73	13	88	21	50	31	29	48	27	4	40	40	15	60	94	74	17	80	
80	39	32	8	52	39	30	86	11	70	74	74	15	35	7	32	28	9	38	30	56	47	92	65	53	27	68	39	95	79	45	55	56	54	32	49	23	73	75	62	
63	14	79	24	25	57	79	69	26	39	43	93	36	16	4	50	79	56	53	10	56	29	11	67	15	1	3	59	93	96	88	24	95	4	66	52	100	98	27	17	
69	71	30	72	69	10	73	32	72	90	9	62	8	26	76	87	64	73	21	79	27	52	72	82	50	7	23	74	15	96	50	90	62	52	24	99	73	27	48	37	
97	11	91	17	28	63	25	48	27	31	53	13	73	11	56	55	79	22	9	55	22	33	78	26	30	86	51	3	79	92	60	66	3	57	69	44	41	42	31	83	
79	53	44	54	23	54	9	33	83	52	43	31	90	44	28	56	60	96	1	40	91	33	92	45	71	20	82	96	95	77	6	62	14	32	16	78	68	60	68	65	
89	81	97	9	54	35	91	57	65	97	80	47	84	64	26	98	54	53	54	1	54	46	64	15	50	4	41	13	32	35	5	4	14	52	14	94	17	63	41	88	
1	49	77	49	29	16	2	68	42	54	54	55	11	93	16	1	45	48	29	57	48	79	70	22	42	74	7	70	80	24	95	96	77	89	10	38	57	82	5	13	
56	89	30	44	57	12	6	25	20	6	6	16	66	11	81	80	84	80	49	37	8	60	19	6	27	62	65	57	50	92	19	61	13	50	79	6	10	39	93	57	
35	73	9	67	5	11	59	28	39	4	15	96	80	32	85	24	44	11	2	97	49	10	35	17	22	62	81	38	99	21	8	86	76	6	36	18	25	57	95	13	
41	30	1	9	35	48	47	70	3	50	94	81	90	55	20	86	43	53	42	69	3	25	45	60	89	62	70	87	98	20	18	28	76	34	70	92	99	13	42	16	
93	81	11	61	58	77	17	15	85	31	19	23	63	60	89	70	69	51	36	76	7	51	10	43	6	83	82	48	49	63	84	50	47	63	82	87	90	98	44	34	
On machine	8
29	27	49	4	59	12	84	41	49	52	64	69	86	56	40	26	89	65	54	93	65	76	96	18	21	97	60	42	77	88	81	96	81	92	57	86	91	63	21	68	
42	93	42	58	100	24	27	89	60	14	58	18	77	71	97	80	80	70	36	39	64	77	40	85	52	30	84	97	53	38	23	50	73	69	78	54	48	41	90	35	
48	24	87	93	38	25	32	84	15	83	2	55	84	62	29	16	96	81	49	60	17	63	72	51	61	5	11	61	8	41	37	37	67	48	23	48	85	49	76	47	
43	83	77	99	32	62	97	61	45	78	95	5	97	15	15	79	60	98	74	86	52	91	23	93	96	98	68	89	38	94	76	69	100	61	30	29	14	31	85	1	
1	23	89	58	8	52	15	61	89	37	90	60	76	98	81	16	47	85	95	27	2	24	72	31	11	69	77	62	87	20	81	93	93	25	94	66	84	68	100	19	
4	2	23	24	11	4	45	100	73	82	87	78	89	47	29	9	75	34	55	90	47	98	49	16	30	51	14	48	53	90	62	33	1	21	19	100	88	21	79	67	
96	11	80	70	40	46	74	51	69	49	92	87	48	50	5	19	58	1	37	91	55	49	81	4	86	65	70	20	69	86	58	52	8	77	38	42	99	71	69	89	
83	76	31	86	7	20	47	70	64	75	38	90	86	63	50	62	54	76	41	17	97	94	54	81	44	68	43	15	39	71	72	52	94	59	40	32	95	78	49	23	
46	4	76	82	65	51	14	84	43	11	17	59	34	99	3	5	52	62	11	23	7	25	56	21	50	49	57	47	9	47	65	62	89	46	39	1	69	94	80	71	
95	25	15	20	32	77	98	65	44	22	6	49	4	33	74	35	27	95	14	73	2	95	96	4	100	66	47	18	64	42	33	9	67	67	83	61	10	74	25	29	
43	15	52	17	79	97	94	11	43	56	15	86	43	70	67	59	7	76	42	6	40	4	71	80	82	1	28	89	33	66	43	99	41	71	6	65	35	75	11	41	
37	1	87	72	51	64	90	38	70	15	93	13	63	43	93	88	5	28	73	67	68	58	4	7	24	29	86	62	84	74	2	39	78	74	97	74	44	16	20	25	
38	29	9	4	19	25	17	35	93	43	40	54	64	78	51	76	26	71	75	52	88	96	32	6	7	34	26	49	50	4	89	27	23	76	87	49	68	10	12	54	
56	2	14	83	81	40	26	49	76	19	71	80	40	8	18	51	12	83	32	65	73	69	38	96	92	68	84	63	35	17	8	20	29	36	45	100	74	79	49	71	
73	62	73	97	36	57	37	42	12	53	46	83	27	85	90	43	82	97	40	15	87	37	7	71	94	66	81	96	35	45	20	84	36	33	20	63	40	24	90	28	
71	13	92	87	63	40	52	15	6	56	7	56	66	82	15	24	65	94	79	81	57	13	23	48	41	91	12	87	47	3	67	31	1	63	57	33	34	81	6	41	
40	25	80	32	52	28	11	2	43	38	27	70	40	20	78	55	50	16	85	5	64	19	67	91	95	92	73	9	44	15	83	67	40	40	78	79	27	39	100	32	
19	31	98	44	48	36	27	1	17	6	78	55	65	32	27	72	32	59	43	30	66	14	27	95	6	18	10	92	41	47	49	88	99	89	48	51	94	49	66	43	
40	37	97	28	44	78	8	60	44	28	23	74	57	79	84	10	69	53	98	94	63	13	85	98	2	22	84	45	31	9	99	5	53	23	75	74	80	43	45	48	
68	73	56	72	23	88	58	54	37	58	50	25	81	68	54	60	70	29	96	76	84	4	39	8	71	98	8	6	58	17	37	87	76	42	33	54	89	69	30	76	
27	47	81	52	58	40	75	54	84	22	84	93	16	48	80	2	49	32	40	86	84	89	83	32	93	58	18	10	26	12	69	42	49	55	39	16	99	25	44	60	
38	84	92	54	46	72	80	18	75	39	73	50	16	13	13	52	50	5	9	60	88	14	91	30	40	17	29	19	35	23	5	33	77	97	36	92	47	58	21	35	
48	71	19	73	59	21	89	57	92	97	92	87	46	59	27	89	52	6	60	47	93	5	56	9	48	4	1	60	51	48	4	63	61	63	78	97	51	31	15	53	
70	16	61	23	33	13	2	59	12	73	93	62	24	71	95	72	47	26	81	41	56	50	56	86	56	4	88	23	61	44	62	13	93	90	31	18	13	32	54	1	
23	75	68	19	41	72	31	48	24	71	43	40	41	55	23	14	76	28	93	98	44	36	74	14	81	81	88	93	28	76	72	5	49	57	40	54	53	58	24	81	
2	5	52	74	18	68	94	66	26	75	59	9	61	77	9	98	17	48	79	4	97	55	27	87	24	91	87	74	11	49	19	80	59	63	38	1	60	18	81	55	
49	20	10	66	65	34	18	75	76	54	8	18	15	58	22	70	71	63	15	64	71	94	55	67	28	43	93	59	2	36	13	89	91	100	88	52	25	73	94	62	
85	70	47	18	45	91	16	42	8	46	8	75	17	13	53	85	62	10	92	38	60	87	82	50	16	99	96	5	28	94	82	100	35	100	69	8	62	75	63	73	
30	86	35	47	46	6	99	62	85	12	72	91	92	84	89	1	96	18	55	22	92	65	80	74	87	61	62	66	45	93	53	59	30	26	18	76	25	31	91	84	
28	44	83	28	80	15	60	53	56	31	79	12	96	48	12	50	83	81	60	51	17	68	42	40	44	67	16	89	74	63	81	99	85	94	23	52	94	19	37	89	
20	22	65	31	90	61	86	13	94	22	50	19	50	59	45	70	10	77	12	68	75	52	80	57	46	26	87	95	17	44	16	81	19	13	8	34	93	7	36	67	
95	37	83	98	29	13	15	44	44	54	60	36	20	52	59	13	9	52	69	61	16	68	51	68	4	60	40	34	20	100	65	62	14	73	77	24	37	25	82	4	
46	95	4	5	25	59	92	54	28	12	84	37	60	65	53	66	47	47	31	50	72	15	91	47	90	20	96	63	22	82	88	50	16	58	55	57	39	62	71	91	
16	85	73	75	29	1	9	56	18	84	13	79	63	99	11	10	3	61	42	73	85	35	14	34	78	44	19	64	30	18	20	85	20	91	40	8	7	69	88	21	
95	19	20	61	95	17	61	25	30	59	99	67	16	59	76	4	31	38	70	100	55	88	69	81	89	8	19	53	45	34	12	88	85	40	20	24	53	47	81	53	
3	84	84	78	67	47	81	16	59	98	11	79	6	4	67	63	27	28	11	87	52	49	11	55	3	28	15	9	40	89	39	68	84	47	26	50	29	85	10	20	
51	58	94	50	82	5	96	32	20	10	6	75	89	82	58	59	63	91	45	8	29	74	30	28	37	4	57	52	93	78	72	80	63	30	2	76	7	32	68	42	
64	94	34	67	87	98	60	27	17	58	40	33	87	69	35	73	37	48	28	63	4	20	52	43	76	37	5	71	90	57	49	29	35	68	23	59	47	35	17	48	
50	99	76	34	53	37	31	60	22	94	9	92	21	29	86	56	88	52	1	96	53	35	84	77	59	99	87	31	34	79	28	85	54	33	6	33	9	39	34	9	
31	99	51	32	24	44	67	85	89	63	44	53	44	62	80	24	71	9	45	69	2	28	88	40	30	71	56	77	65	88	70	94	95	24	82	58	19	36	34	43	
On machine	9
89	7	63	4	72	41	37	85	95	97	100	33	98	38	2	65	30	100	33	90	71	61	72	38	66	38	24	18	99	99	70	6	33	74	87	56	18	4	49	39	
45	80	29	52	58	43	73	53	17	25	22	62	64	38	6	85	100	86	16	83	64	88	96	10	81	60	2	31	65	60	25	81	30	97	43	70	91	66	44	19	
75	61	33	53	41	33	98	31	5	25	46	50	62	72	97	80	77	33	76	1	7	11	87	88	64	25	29	31	3	79	56	80	40	79	82	74	83	31	77	52	
63	7	41	7	69	53	30	21	29	67	31	72	13	26	44	5	86	80	30	59	71	78	83	70	63	34	17	88	22	46	33	81	1	57	68	22	16	73	13	100	
95	37	23	50	23	89	21	59	83	55	6	6	93	59	66	15	15	49	9	44	17	11	79	84	68	47	39	23	51	56	69	98	13	60	99	2	40	54	96	80	
60	27	73	76	11	6	24	68	60	8	2	20	71	80	40	18	1	13	22	10	1	22	68	6	70	25	6	77	44	54	2	6	26	60	10	85	55	73	53	54	
14	51	94	91	86	2	34	6	48	95	74	54	25	65	6	79	94	71	15	71	54	6	98	76	66	28	17	86	43	81	30	95	88	69	40	17	24	79	96	97	
56	44	55	99	36	78	23	18	73	90	45	19	12	2	59	83	86	95	6	49	39	57	94	52	67	29	87	64	56	100	36	40	42	17	2	39	35	51	11	70	
39	57	61	16	69	38	79	43	62	6	92	47	11	26	86	72	76	14	94	59	27	9	97	68	48	4	12	80	91	16	68	1	93	57	42	29	61	35	88	62	
9	43	1	54	20	40	67	67	17	27	13	86	39	62	38	12	9	22	57	42	74	96	46	68	26	37	81	70	99	7	92	60	42	40	60	91	11	40	97	38	
7	99	5	83	92	58	42	57	56	38	85	36	38	15	41	98	48	5	12	56	82	77	57	97	73	47	35	38	42	23	18	39	30	21	44	77	41	74	38	8	
40	85	27	97	11	80	69	93	17	27	76	88	35	27	83	10	90	13	28	59	1	35	28	90	67	68	64	42	71	43	62	59	55	35	71	69	85	91	23	97	
50	73	48	51	11	72	90	81	81	35	65	51	61	17	6	24	69	57	95	1	99	51	8	16	23	38	45	10	37	57	50	11	32	40	63	2	79	10	47	84	
18	52	65	56	67	66	52	96	67	34	64	29	27	33	16	55	76	15	36	87	31	26	47	91	70	75	92	31	44	77	54	88	72	85	57	69	39	65	66	35	
6	52	9	83	48	62	50	92	14	36	10	64	2	57	23	11	34	99	21	1	71	13	41	100	86	38	25	33	85	97	74	79	69	46	81	44	43	66	32	58	
67	20	69	98	21	71	62	70	90	96	16	1	92	82	30	64	97	33	95	5	39	40	21	22	37	49	88	19	38	6	59	51	75	20	44	48	93	36	65	95	
13	14	63	59	7	58	76	85	26	2	58	30	19	22	40	59	13	43	15	91	8	25	37	99	69	73	23	5	22	38	57	3	36	18	76	79	68	7	67	47	
48	1	18	98	68	2	55	62	1	52	56	95	90	71	88	64	31	1	74	94	36	53	16	92	82	72	29	13	43	8	73	98	95	95	50	19	87	90	34	5	
95	94	52	34	15	26	84	84	42	78	88	91	84	5	9	6	39	82	49	86	19	17	63	38	71	56	92	97	29	72	56	71	69	73	93	62	53	100	9	55	
61	39	63	46	23	16	96	42	41	4	46	92	43	20	26	26	21	2	4	57	10	100	8	44	41	31	14	20	11	60	85	41	42	66	81	50	10	85	97	82	
15	82	32	98	42	31	9	46	82	92	8	96	75	91	68	7	14	18	17	35	73	69	15	27	94	23	21	96	38	51	44	92	77	1	78	79	69	28	49	96	
17	35	39	96	4	45	47	44	12	73	40	90	17	99	87	34	21	35	95	38	44	78	19	45	40	39	42	26	77	41	66	75	28	62	71	18	39	59	39	92	
3	31	43	8	45	94	52	88	54	51	96	58	10	26	67	71	32	44	80	52	55	85	99	13	77	94	47	62	32	37	11	100	70	40	76	95	40	74	69	3	
81	43	31	100	40	44	46	28	95	1	67	68	31	88	14	71	49	54	29	79	56	9	40	29	33	26	21	3	4	60	58	27	95	10	87	24	100	83	45	59	
55	88	72	50	64	42	1	64	83	98	19	68	85	63	92	87	91	53	82	39	2	18	3	7	16	73	81	57	24	75	63	24	32	22	62	78	32	59	21	51	
74	97	56	61	72	76	1	95	25	57	46	62	18	98	45	25	40	9	45	48	11	86	58	23	91	22	16	76	12	1	35	86	52	8	8	51	16	56	29	97	
68	36	80	89	70	55	48	55	93	80	76	83	66	84	22	24	91	95	80	94	96	71	29	67	26	14	51	75	98	79	87	57	64	100	43	62	71	49	16	29	
75	98	82	78	30	90	1	13	22	58	77	53	50	12	68	38	53	37	43	36	58	86	17	43	71	47	78	75	75	94	11	63	56	34	68	93	85	1	3	70	
31	48	75	50	42	69	60	25	69	92	86	51	55	34	29	12	72	97	45	75	36	32	35	94	91	64	16	2	9	9	74	48	15	56	100	35	57	73	73	8	
76	72	61	69	57	26	35	44	96	79	96	47	20	25	6	88	7	76	64	3	99	65	87	11	87	32	35	93	69	99	25	26	33	24	84	4	17	11	92	99	
42	73	61	40	99	1	59	53	78	77	66	24	48	33	75	35	56	8	70	91	73	42	35	31	14	46	79	99	82	3	19	60	47	2	24	4	33	75	96	6	
75	96	69	55	33	30	20	50	71	19	58	51	69	55	99	87	76	74	75	63	30	91	16	39	67	77	93	94	94	99	96	33	49	30	29	67	27	30	2	26	
35	52	23	64	69	74	20	5	52	100	73	88	16	48	8	74	34	64	13	97	22	19	83	43	73	92	79	48	69	64	13	62	50	87	78	75	27	13	13	47	
80	71	55	63	27	17	49	53	82	52	31	57	80	68	82	59	47	19	91	19	59	71	50	96	84	77	36	7	69	84	84	2	5	81	79	67	15	74	34	71	
38	64	43	18	99	39	51	48	68	56	7	27	4	38	47	11	68	45	2	42	41	43	45	7	92	86	26	32	70	84	84	50	34	61	60	86	19	83	61	12	
65	98	46	73	9	25	65	89	90	87	25	3	32	61	95	83	29	40	53	52	4	24	38	39	75	93	82	76	31	5	22	1	46	35	46	26	20	21	2	12	
60	49	74	47	83	50	4	97	85	54	97	59	18	15	21	3	7	91	52	37	69	17	56	30	44	66	97	44	39	13	58	49	56	87	97	32	30	79	53	37	
16	42	18	69	53	85	88	63	64	19	64	1	89	32	49	99	58	34	4	89	18	38	16	14	7	45	20	1	12	65	75	11	85	20	80	15	90	65	71	32	
16	67	57	47	25	37	97	45	100	97	58	31	12	72	64	69	29	65	59	32	30	48	7	68	42	95	33	100	48	53	66	39	20	89	21	77	91	56	69	85	
88	89	77	81	59	8	14	100	17	94	15	12	88	86	34	71	40	98	99	74	6	13	7	64	33	58	99	18	40	62	22	39	40	37	48	12	60	70	26	40	
On machine	10
67	72	6	79	23	36	65	16	21	7	50	36	30	47	82	8	63	35	40	11	24	82	2	65	6	57	23	47	69	8	46	99	87	63	60	31	88	54	52	56	
28	53	8	55	27	75	71	96	12	26	5	27	87	41	97	100	53	8	93	28	21	25	23	40	6	21	23	90	91	97	34	2	31	73	90	57	53	77	19	93	
50	67	44	47	99	96	62	46	30	50	37	18	94	12	9	47	93	74	8	28	43	93	16	93	75	18	46	29	33	73	68	92	28	73	44	80	29	61	54	57	
53	95	72	74	19	54	96	95	2	93	39	99	1	27	77	96	70	73	34	23	21	63	35	13	69	6	58	83	2	31	97	31	70	68	78	98	54	6	36	76	
49	5	53	62	82	50	84	90	3	92	58	52	28	68	5	1	47	29	14	17	62	11	56	72	60	4	62	91	82	38	46	11	58	93	87	60	47	9	26	27	
34	7	77	75	15	11	32	11	2	72	96	50	95	24	34	78	73	41	62	65	34	93	99	47	78	92	46	63	20	36	97	26	68	57	75	38	73	68	86	47	
14	40	84	21	34	95	32	16	14	45	85	47	29	100	70	24	79	99	90	42	96	4	3	97	71	15	66	88	74	78	3	6	8	75	61	27	38	51	90	100	
44	29	22	28	51	26	90	53	72	10	92	20	96	80	10	37	17	63	92	79	74	39	96	55	59	90	15	80	9	35	13	92	2	53	8	40	42	23	6	74	
89	54	54	50	61	97	36	44	22	18	92	50	6	71	3	86	5	18	80	20	77	45	93	66	99	80	45	6	47	32	50	80	69	49	55	59	42	28	17	49	
7	32	68	94	43	45	51	63	88	74	56	88	86	48	41	44	57	47	57	92	36	19	66	59	4	35	8	51	48	17	85	26	75	70	100	43	28	47	29	35	
8	9	60	89	45	43	62	78	96	53	32	8	56	36	13	60	88	11	88	11	64	68	96	75	80	33	42	4	5	18	7	64	94	34	62	84	49	76	91	52	
20	10	93	50	56	33	77	87	41	96	37	87	65	38	19	82	99	83	67	34	88	41	4	9	80	60	71	29	6	59	59	47	14	10	29	72	69	80	99	39	
41	21	41	48	49	55	32	87	78	69	23	94	95	2	37	36	29	92	35	50	63	60	52	2	23	99	58	1	82	52	8	96	46	94	63	16	2	39	32	58	
21	87	66	15	44	79	63	84	81	50	81	36	88	16	45	33	6	52	95	39	9	17	46	59	83	52	58	28	48	18	11	19	49	7	52	6	78	43	36	61	
49	81	47	79	1	83	88	48	26	26	88	88	92	32	94	97	13	27	3	44	45	41	46	43	38	69	24	11	90	89	81	84	47	1	10	16	52	83	35	63	
36	55	73	50	73	41	6	6	18	26	84	72	27	40	46	49	45	61	34	22	30	35	42	37	35	10	89	95	68	25	30	56	66	99	21	92	61	92	9	60	
75	72	93	35	48	53	15	6	80	25	3	54	36	14	53	48	97	43	24	13	79	67	9	26	26	28	36	38	5	67	17	34	65	76	44	35	28	34	23	23	
37	41	61	10	92	30	15	59	50	36	55	8	10	34	8	37	16	63	77	72	97	38	51	54	36	70	33	25	25	80	90	6	41	44	41	62	66	82	97	46	
1	18	58	19	100	11	27	12	19	96	29	16	27	17	75	56	92	43	12	23	17	21	38	10	72	13	71	27	90	51	82	92	91	37	57	20	79	46	26	86	
10	23	42	43	16	43	89	42	31	85	90	39	28	32	7	31	37	76	20	86	72	71	83	92	38	12	60	26	18	93	14	90	7	93	78	62	58	29	50	18	
52	99	46	3	97	95	43	58	29	85	22	88	76	79	29	1	9	12	79	69	51	81	54	4	86	63	36	63	65	93	6	41	78	98	3	87	42	27	1	87	
44	37	87	94	64	67	78	5	69	31	91	70	94	85	81	26	21	52	9	74	97	97	52	37	31	23	45	48	35	66	52	81	64	50	66	62	65	96	12	35	
47	25	49	58	74	65	59	15	79	69	81	95	17	42	36	62	26	19	42	57	90	92	27	24	96	100	16	63	34	49	8	5	77	19	48	54	77	82	18	66	
81	25	62	89	37	69	84	36	6	16	30	44	25	93	24	78	16	39	3	76	32	68	16	24	75	91	22	16	62	2	6	5	77	6	66	67	86	56	3	95	
6	29	53	83	57	36	97	38	46	11	22	92	52	81	5	81	24	75	76	96	73	65	61	86	64	74	87	100	5	82	99	29	61	70	40	62	22	35	41	75	
74	8	2	80	82	3	46	56	38	19	54	89	100	22	1	59	93	96	56	31	6	97	2	93	58	61	33	55	67	70	15	7	63	96	58	10	8	78	96	63	
68	75	78	73	49	63	68	97	99	85	95	10	2	79	55	10	37	31	43	64	77	63	46	71	63	87	89	66	62	95	97	33	44	93	42	38	94	83	71	69	
1	15	33	20	50	41	14	12	77	90	64	12	69	54	4	93	5	3	71	2	33	43	78	71	7	97	35	68	63	47	35	33	73	56	73	57	16	94	12	68	
5	67	32	30	19	38	54	62	85	31	71	10	63	72	16	48	1	17	25	93	94	21	17	39	19	94	59	40	17	47	8	60	7	31	85	27	10	11	77	42	
75	96	34	50	18	22	90	19	31	33	62	21	79	30	66	97	50	24	5	11	17	23	54	27	8	22	13	93	63	28	86	42	86	45	99	1	78	80	8	25	
28	61	35	5	79	7	37	92	39	16	71	48	34	20	89	81	55	76	72	96	19	95	37	6	77	68	16	98	14	76	58	30	17	78	46	5	26	88	16	1	
99	34	10	14	93	10	52	97	47	26	33	76	11	46	31	65	9	31	95	60	65	90	38	31	7	14	10	15	1	29	16	33	27	76	80	100	66	21	59	3	
71	46	48	31	41	40	83	59	56	73	57	10	12	86	68	97	11	70	22	26	100	14	12	17	17	47	100	89	64	40	31	81	86	87	86	51	30	91	89	64	
58	44	73	6	56	95	14	63	48	39	64	48	72	44	70	11	22	18	86	48	42	26	22	99	25	95	16	24	58	75	45	56	40	25	68	19	58	13	56	3	
73	91	66	8	92	59	53	97	15	30	86	56	42	3	74	51	94	13	35	89	26	71	53	66	43	83	50	95	33	12	71	55	48	58	99	19	30	51	1	15	
23	43	78	91	88	25	93	27	94	17	26	9	52	92	51	64	11	83	86	20	75	64	11	82	81	92	57	66	81	86	58	88	26	86	48	68	56	74	91	13	
77	6	84	42	32	27	57	83	54	15	17	97	59	80	12	66	70	22	47	5	30	51	31	29	9	21	10	10	74	20	16	82	20	52	42	19	3	20	63	11	
61	12	97	42	75	98	91	1	72	62	100	69	62	57	20	77	97	82	30	45	24	87	20	58	62	80	75	44	49	47	75	96	22	1	87	7	69	42	92	37	
74	82	92	12	66	75	77	20	30	86	55	30	80	79	19	2	31	71	100	17	64	27	87	79	79	48	99	19	76	4	35	29	33	86	35	32	65	21	97	57	
29	88	39	70	3	26	8	34	55	19	73	14	41	86	11	70	77	34	32	70	35	62	31	20	61	68	77	60	52	6	97	45	81	11	10	61	61	53	11	93	
Reldue
-1	2911	-1	-1
-1	3163	-1	-1
-1	4365	-1	-1
-1	2773	-1	-1
-1	3227	-1	-1
-1	3953	-1	-1
-1	2645	-1	-1
-1	4415	-1	-1
-1	2336	-1	-1
-1	3903	-1	-1
-1	4013	-1	-1
-1	3786	-1	-1
-1	2466	-1	-1
-1	3687	-1	-1
-1	3824	-1	-1
-1	4306	-1	-1
-1	3808	-1	-1
-1	2365	-1	-1
-1	4013	-1	-1
-1	4589	-1	-1
-1	2755	-1	-1
-1	2434	-1	-1
-1	2398	-1	-1
-1	4307	-1	-1
-1	2881	-1	-1
-1	4132	-1	-1
-1	4308	-1	-1
-1	3478	-1	-1
-1	4250	-1	-1
-1	4609	-1	-1
-1	2489	-1	-1
-1	3854	-1	-1
-1	3647	-1	-1
-1	3380	-1	-1
-1	3369	-1	-1
-1	3413	-1	-1
-1	4231	-1	-1
-1	4009	-1	-1
-1	2369	-1	-1
-1	4311	-1	-1
