Families	20
Machines	20
MaxSetupTime	50

Number of Jobs in each Family
6	2	5	9	1	4	4	3	4	3	7	8	6	4	8	1	8	3	10	10	

Jobs in each Family
0	1	2	3	4	5	
6	7	
8	9	10	11	12	
13	14	15	16	17	18	19	20	21	
22	
23	24	25	26	
27	28	29	30	
31	32	33	
34	35	36	37	
38	39	40	
41	42	43	44	45	46	47	
48	49	50	51	52	53	54	55	
56	57	58	59	60	61	
62	63	64	65	
66	67	68	69	70	71	72	73	
74	
75	76	77	78	79	80	81	82	
83	84	85	
86	87	88	89	90	91	92	93	94	95	
96	97	98	99	100	101	102	103	104	105	

Total number of jobs
106

Processing times of jobs
8	3	7	8	4	5	3	9	4	4	2	10	5	2	9	4	7	7	4	5	
3	6	4	3	6	1	7	4	10	7	3	1	4	1	8	10	10	1	5	6	
6	9	1	5	2	3	4	10	5	7	1	8	9	7	10	3	6	9	5	3	
3	2	8	8	3	7	5	9	10	9	7	3	7	6	4	2	3	7	5	2	
7	2	6	10	9	2	7	4	4	10	1	3	5	2	8	6	9	10	1	8	
8	2	6	1	3	4	5	6	7	7	6	1	9	1	8	1	7	5	6	6	
4	9	2	5	1	4	7	2	3	10	8	8	9	7	8	1	2	7	3	10	
1	6	1	9	2	10	1	4	2	5	10	5	6	9	4	1	8	5	8	8	
2	4	10	8	4	1	5	5	5	3	1	4	6	9	9	5	1	5	1	2	
7	4	2	6	2	7	8	9	1	4	2	8	4	10	10	9	8	5	1	7	
5	6	2	6	6	8	2	4	8	3	7	9	8	4	8	8	5	3	1	7	
6	2	4	4	2	3	1	3	3	9	7	2	3	3	5	8	3	6	10	7	
7	4	8	9	2	9	9	3	6	8	2	2	9	1	5	3	5	3	6	7	
9	1	6	9	9	2	6	1	6	1	9	7	4	3	9	6	10	10	5	6	
1	6	2	4	9	6	6	2	7	5	7	1	3	8	10	2	10	9	7	6	
1	1	2	8	4	6	9	7	8	7	8	5	6	8	3	4	2	4	10	5	
3	6	3	3	7	3	4	2	1	7	6	3	9	4	7	8	2	3	6	7	
2	3	2	3	4	6	10	5	1	10	2	8	10	5	8	7	6	5	2	4	
1	5	9	10	7	1	3	8	9	7	3	8	5	3	10	6	1	7	3	6	
8	2	9	8	9	5	1	8	8	8	5	5	10	2	5	1	9	10	3	3	
4	9	8	7	6	1	6	6	3	3	4	2	2	6	9	4	7	8	7	6	
1	2	8	6	10	4	4	1	6	10	6	8	9	3	9	8	3	3	5	7	
7	6	4	9	10	5	9	2	10	5	5	7	2	4	1	6	2	1	5	8	
1	4	10	1	8	8	1	5	3	8	3	3	5	3	9	5	3	3	3	6	
9	7	2	1	10	1	1	7	7	2	7	4	3	9	3	1	7	2	1	5	
2	2	2	4	4	4	7	10	10	2	1	10	3	1	8	2	4	8	8	10	
6	5	2	5	4	6	6	4	2	3	6	5	3	7	9	2	2	10	9	4	
1	3	1	10	2	2	10	9	1	10	10	9	7	1	7	6	2	2	5	4	
6	1	8	3	8	7	6	10	7	5	3	3	6	2	4	4	4	6	3	7	
6	3	2	6	7	6	6	3	1	8	3	3	6	3	3	8	5	6	7	3	
8	8	7	5	5	3	4	5	9	7	8	3	10	7	6	4	2	5	10	4	
1	4	1	9	9	7	8	10	8	8	2	3	6	10	10	6	9	9	4	4	
9	10	5	3	3	5	2	7	2	7	1	3	10	8	3	5	7	3	3	4	
8	3	4	10	1	9	4	10	2	7	7	6	7	6	3	1	9	9	6	5	
1	6	9	2	3	3	5	2	2	5	10	5	1	3	3	3	3	4	8	1	
7	5	5	8	6	8	6	10	9	6	4	7	3	5	5	3	10	3	2	4	
8	4	4	10	4	1	10	5	1	8	10	8	8	10	6	2	5	3	8	10	
8	9	3	2	4	10	3	6	8	9	10	3	4	7	10	2	10	9	6	1	
4	10	3	8	5	6	7	4	1	5	7	6	8	8	3	9	7	2	2	10	
10	5	1	10	5	6	1	10	10	3	4	1	7	10	10	6	5	3	8	8	
5	9	2	6	8	7	10	10	1	4	9	3	1	3	8	8	5	2	9	5	
10	3	4	9	5	4	9	4	3	8	2	5	8	9	6	6	6	8	10	3	
9	1	1	7	5	6	5	7	3	3	4	1	8	6	8	6	10	7	1	6	
2	1	5	7	4	9	6	4	8	10	6	10	2	8	9	1	1	7	8	7	
3	8	8	1	3	2	9	8	2	7	7	3	8	3	5	6	10	6	7	3	
2	3	1	6	2	5	6	9	1	1	5	2	1	2	8	7	7	2	9	9	
4	7	4	2	1	3	10	10	7	10	9	8	4	7	2	3	6	7	3	10	
4	2	3	2	3	5	1	7	6	10	10	4	4	1	1	6	9	6	4	9	
7	9	4	7	10	3	2	3	10	8	2	5	6	1	6	4	9	4	5	3	
10	4	6	10	2	7	8	5	4	6	6	1	7	8	9	10	3	10	5	4	
3	10	9	9	9	10	9	1	10	10	7	8	9	9	9	5	9	4	10	4	
4	10	2	2	3	8	10	6	9	7	4	9	4	3	2	5	9	7	5	8	
7	6	9	1	1	3	9	8	10	4	1	8	2	5	3	8	3	3	10	4	
5	3	6	10	1	5	4	1	7	2	5	9	4	5	2	10	3	2	5	6	
8	4	10	5	2	3	9	8	2	1	2	6	8	8	2	9	1	2	9	9	
9	8	4	9	5	2	4	9	8	4	4	8	2	10	7	9	7	4	4	3	
7	3	8	9	6	3	5	2	4	8	8	3	5	5	9	2	10	6	2	1	
2	2	10	5	2	6	8	9	4	4	2	5	6	7	2	9	2	3	1	4	
5	9	3	4	8	4	8	1	6	7	2	8	10	8	9	8	8	2	2	9	
1	3	3	5	5	7	10	9	2	2	9	2	4	1	9	1	2	6	3	4	
2	8	7	9	2	7	1	3	4	2	6	9	4	3	3	8	6	6	1	3	
6	2	4	8	5	4	8	8	5	1	3	9	9	6	2	2	6	8	7	1	
2	3	9	3	10	2	8	8	2	2	1	5	2	10	2	10	4	4	1	1	
10	2	1	4	10	1	3	6	2	9	3	8	4	6	10	7	4	7	8	9	
4	10	10	10	7	4	3	8	5	4	2	6	2	9	6	7	4	9	6	7	
1	1	9	5	6	10	4	3	5	7	2	2	5	1	1	9	9	6	10	4	
6	6	9	5	4	5	7	6	1	5	9	3	9	1	10	7	6	2	6	1	
1	8	4	5	6	1	9	7	8	10	7	7	5	1	4	4	5	4	3	9	
8	2	9	7	5	3	2	10	4	4	1	3	5	9	2	6	9	3	1	8	
7	9	1	10	5	1	10	5	5	7	9	6	4	9	10	1	9	5	3	7	
8	2	6	10	3	6	8	5	2	2	7	5	1	5	3	8	2	6	2	2	
2	7	5	7	2	10	9	1	8	5	8	9	6	3	7	6	3	4	9	4	
3	8	6	7	6	2	6	9	3	5	4	1	10	10	9	4	4	10	5	7	
6	4	5	4	4	6	8	10	9	4	3	5	10	10	4	5	2	10	4	1	
4	10	9	3	4	1	9	9	6	3	4	2	10	8	6	9	1	10	2	10	
3	5	4	4	4	8	8	2	10	8	6	1	6	4	8	10	6	9	5	2	
9	6	8	3	5	6	2	4	5	5	2	8	4	8	7	6	7	7	5	4	
9	5	8	3	5	1	6	10	9	3	5	6	8	4	9	8	1	10	10	10	
10	2	10	6	1	1	9	9	6	3	6	8	2	10	5	9	1	7	8	5	
4	9	10	6	6	10	9	10	1	3	3	2	6	5	5	6	6	1	5	4	
4	8	10	9	9	5	6	2	7	2	5	4	8	9	3	7	1	10	10	2	
3	4	10	8	9	6	2	10	1	1	1	8	10	9	1	1	7	1	10	5	
8	6	6	5	8	1	10	6	2	1	9	8	2	9	5	6	5	8	2	3	
2	7	1	2	3	8	4	1	7	6	2	4	6	6	8	7	8	7	10	5	
2	1	2	2	4	9	5	8	9	5	4	8	6	2	5	9	9	7	8	7	
2	5	8	3	9	9	8	9	5	1	2	1	2	10	8	10	6	9	4	1	
4	8	5	6	3	1	1	2	8	9	7	2	8	8	6	10	7	7	5	5	
1	1	5	5	2	10	10	9	3	2	3	10	4	9	4	7	2	9	7	1	
2	9	3	3	5	8	3	7	4	9	10	3	1	6	6	10	10	1	3	9	
1	8	6	9	5	3	10	2	1	6	4	2	9	1	3	9	3	5	9	1	
5	10	10	4	7	9	2	5	9	3	3	5	6	8	4	3	3	1	7	10	
3	8	10	7	4	8	3	3	1	10	2	8	8	2	3	5	5	8	10	4	
4	5	7	1	9	2	4	4	4	6	3	10	4	5	4	3	8	10	7	9	
9	9	7	10	10	3	7	3	3	1	10	3	2	2	7	2	7	5	9	8	
2	3	4	1	5	2	3	6	8	7	3	6	9	1	10	6	1	7	3	9	
10	7	7	2	3	2	7	5	9	7	3	9	10	2	2	1	4	9	8	4	
3	7	2	4	8	8	1	4	4	10	2	8	4	4	9	9	6	8	7	9	
10	6	1	8	1	10	4	9	2	6	5	2	2	3	8	6	8	7	1	2	
2	4	3	1	10	3	4	9	1	1	2	6	9	8	1	4	2	5	10	9	
7	5	2	9	4	10	10	3	3	6	1	2	8	9	2	4	8	5	4	2	
9	5	3	10	9	5	1	2	3	2	3	2	1	1	10	9	8	9	8	7	
5	8	3	9	6	6	8	4	5	4	1	8	2	9	5	1	6	2	8	5	
4	4	7	8	1	9	9	5	9	6	9	5	1	9	10	8	9	6	8	3	
3	3	9	10	4	5	2	5	6	1	6	5	10	10	7	4	6	5	2	8	
10	2	1	2	7	9	8	10	7	3	1	10	10	10	4	7	6	9	6	4	
4	6	7	7	6	6	6	3	1	5	7	10	7	8	10	10	4	10	2	9	

Stepup times between family, where [f][f] represents initial setup time
On machine	1
15	9	15	34	6	26	20	36	4	35	37	11	15	49	18	21	23	42	6	40	
27	41	28	11	12	22	27	12	18	31	18	7	27	30	5	42	43	5	38	42	
31	28	46	34	35	11	21	3	13	47	49	15	47	24	41	31	18	2	25	8	
47	45	8	45	40	12	12	43	24	27	43	26	13	48	1	9	22	15	44	49	
18	31	6	14	34	7	28	16	3	35	23	25	17	18	46	44	36	30	33	39	
27	10	48	3	1	24	9	5	22	4	16	13	49	11	33	5	37	13	4	40	
38	10	7	25	13	11	17	24	11	31	23	9	21	16	9	46	15	30	32	19	
29	4	18	11	36	30	5	36	15	36	40	24	34	45	2	12	44	37	7	26	
23	40	4	50	47	11	48	44	30	46	14	5	5	43	25	33	17	45	47	6	
26	13	32	42	25	37	9	34	3	22	50	4	6	27	5	7	41	25	44	5	
7	43	13	3	41	17	27	7	50	10	19	6	30	21	10	34	20	28	29	8	
3	2	5	30	39	30	2	41	8	14	3	34	37	17	7	32	25	17	6	38	
20	42	29	45	24	48	50	20	19	13	2	19	49	26	39	49	18	40	2	17	
37	3	34	15	34	26	18	20	41	13	35	26	17	48	19	38	21	42	27	27	
21	5	16	9	43	37	32	16	34	1	39	6	10	15	23	4	41	8	15	40	
37	42	9	28	49	33	43	20	32	50	41	10	2	29	2	16	24	39	26	30	
43	17	20	11	20	19	23	3	44	38	12	23	10	6	2	16	1	29	33	49	
19	38	46	23	22	48	20	5	45	29	39	32	19	42	2	23	1	22	5	15	
11	28	37	28	42	8	36	47	37	48	36	27	41	28	2	26	1	3	21	48	
42	3	37	29	49	36	2	32	49	32	21	32	37	42	30	38	39	42	48	34	
On machine	2
26	10	30	42	5	43	12	45	45	41	32	20	40	19	17	32	15	6	32	46	
16	17	8	28	22	16	3	9	34	20	5	28	20	21	31	38	27	4	19	35	
15	48	7	28	40	27	24	24	34	27	27	23	6	10	27	9	12	43	4	38	
4	38	49	50	8	50	47	49	44	10	34	8	41	44	41	19	28	36	28	26	
50	31	48	50	17	48	3	14	22	37	10	24	14	33	22	13	36	16	27	45	
34	37	48	33	37	32	34	32	33	13	27	16	15	44	9	35	11	11	19	18	
5	34	15	22	25	30	18	35	30	3	21	18	29	3	23	22	11	46	11	32	
17	48	48	16	34	20	16	46	50	23	9	17	10	26	3	43	49	6	8	1	
30	50	9	18	1	23	32	18	18	17	42	43	45	7	11	6	27	32	14	11	
27	2	24	38	39	29	47	30	47	37	21	22	43	40	7	45	40	26	26	36	
10	7	9	45	37	13	13	25	23	23	21	24	8	31	32	8	38	16	45	29	
31	22	49	41	21	10	35	18	6	39	28	30	46	45	3	45	2	7	47	11	
13	4	11	27	17	19	6	3	18	34	20	6	14	31	50	12	4	20	16	9	
4	3	23	2	25	18	45	39	6	15	19	25	9	21	16	8	22	43	11	14	
41	17	25	10	5	24	20	26	1	32	43	6	23	44	28	1	13	32	15	28	
35	13	31	4	11	39	30	26	30	1	30	50	10	26	45	29	34	12	30	22	
29	14	26	17	10	1	36	11	28	48	43	49	26	35	36	3	11	8	12	6	
49	49	9	14	30	9	10	12	39	17	3	14	49	25	2	3	45	27	6	4	
27	16	25	49	46	1	34	24	48	7	6	20	37	26	23	18	47	41	7	40	
26	15	50	28	47	22	34	41	44	44	43	17	9	46	24	14	7	10	6	31	
On machine	3
39	13	23	34	17	33	34	47	39	48	31	39	9	5	33	49	3	39	22	10	
9	4	37	42	35	43	17	23	28	43	8	38	17	18	3	12	48	25	39	13	
26	27	35	17	25	24	12	31	5	32	40	23	25	25	33	32	44	13	30	30	
17	21	9	16	29	2	14	49	5	46	21	8	50	33	44	7	11	41	26	47	
6	12	27	34	30	7	19	28	13	42	32	5	31	13	1	5	15	31	26	35	
15	22	35	35	34	20	26	43	7	25	26	43	20	25	17	11	31	50	9	49	
9	8	43	18	37	26	12	47	4	40	9	7	19	9	40	28	11	15	23	35	
50	9	16	38	36	7	40	29	13	2	50	44	22	44	29	24	2	27	3	4	
38	18	26	38	25	32	13	8	23	25	9	12	36	11	20	17	47	35	46	29	
36	40	30	20	42	27	11	32	42	44	5	31	22	12	2	9	48	20	8	39	
16	10	42	25	24	25	46	19	2	20	47	36	43	31	25	47	20	2	6	3	
25	21	41	17	19	37	3	30	43	34	23	24	3	47	40	45	14	15	3	36	
22	1	18	25	26	44	37	27	24	34	36	33	33	25	13	10	47	1	35	11	
36	35	30	20	21	11	3	44	45	27	37	9	3	37	28	39	50	8	18	13	
28	9	17	16	47	39	13	47	13	45	5	8	20	20	18	4	31	50	39	48	
1	5	36	20	42	9	41	36	46	31	47	4	47	18	30	34	37	14	25	25	
18	26	32	1	29	29	47	47	40	16	10	24	30	41	47	2	5	46	48	31	
23	32	17	16	50	2	2	9	21	4	38	17	28	4	7	26	28	35	34	47	
29	4	37	37	30	36	49	39	44	43	6	35	44	11	17	28	5	8	9	50	
7	15	3	16	17	33	46	47	9	18	30	42	2	6	2	44	22	36	39	1	
On machine	4
43	21	6	33	34	46	9	35	2	36	27	12	23	7	45	34	35	40	29	29	
24	1	12	26	34	17	10	39	30	41	22	2	10	20	6	28	20	32	18	25	
19	30	21	42	2	6	6	13	7	45	12	48	44	14	41	5	9	3	11	50	
20	37	27	50	44	10	20	27	48	26	45	2	7	18	36	47	10	1	15	11	
3	44	12	17	32	3	17	23	46	1	32	14	17	3	21	35	50	8	8	12	
20	42	48	13	43	47	45	36	38	29	29	19	7	37	7	21	42	31	13	48	
24	49	27	14	18	45	9	47	47	39	18	2	20	14	34	11	48	23	10	36	
30	29	3	49	13	22	8	38	21	48	2	26	44	29	20	16	50	39	49	12	
3	17	27	1	18	42	24	38	14	47	37	42	34	45	49	48	19	17	12	10	
48	3	18	15	39	4	2	29	5	6	10	26	33	33	21	35	26	19	27	13	
8	37	48	48	29	34	2	9	38	11	14	17	27	22	3	30	10	46	4	20	
38	22	36	23	40	22	9	4	44	26	35	42	29	10	4	2	23	19	34	30	
4	25	43	38	35	46	24	8	2	16	44	43	48	48	46	4	30	32	23	5	
41	49	40	49	27	28	21	44	26	20	14	2	29	5	25	27	21	2	27	13	
30	36	43	46	44	19	33	31	11	22	42	3	20	42	9	9	30	17	9	41	
38	23	17	42	50	47	10	27	9	19	39	40	25	30	22	10	17	24	18	1	
19	48	10	20	28	18	24	49	8	11	26	48	33	19	2	1	41	12	37	44	
1	8	13	19	5	29	38	15	20	4	36	24	33	44	23	35	36	18	29	34	
32	17	48	4	29	30	40	37	17	15	9	45	34	14	5	42	30	7	11	30	
30	31	37	44	14	45	1	39	25	44	10	20	43	34	47	26	37	15	4	47	
On machine	5
29	25	20	17	36	17	1	9	19	38	46	4	20	5	4	15	17	13	30	29	
29	8	32	27	11	27	15	45	29	5	31	5	49	13	9	27	38	39	32	3	
27	38	11	50	11	36	36	25	1	34	24	23	34	12	4	32	9	33	33	26	
3	40	36	43	32	50	41	22	19	6	5	17	22	3	50	39	42	50	4	3	
10	17	46	47	21	9	20	40	5	30	21	43	11	20	30	24	38	40	42	27	
47	15	9	29	34	36	42	36	11	16	38	5	45	24	34	23	45	38	26	13	
49	36	1	17	48	13	13	50	1	39	5	21	28	6	34	33	44	44	4	34	
13	46	43	11	5	2	35	20	18	33	50	39	5	31	16	50	18	36	9	7	
43	4	35	28	48	46	3	23	38	13	15	41	16	39	50	17	46	7	47	39	
24	4	48	38	22	45	50	33	1	6	46	44	35	16	8	46	17	39	26	39	
49	15	3	49	48	39	4	23	10	26	2	45	34	27	34	26	10	40	10	28	
48	40	40	32	15	43	33	27	27	16	3	7	17	21	36	2	48	33	29	45	
37	42	38	22	38	32	28	7	2	18	44	19	29	19	4	31	36	13	7	7	
10	43	26	18	43	16	26	6	44	46	3	5	21	23	9	17	2	16	29	10	
40	33	25	44	23	37	46	38	17	15	3	42	49	29	45	32	38	3	1	21	
20	27	8	19	49	36	27	35	20	31	42	31	16	32	34	40	45	19	27	37	
28	43	31	42	34	13	38	42	39	47	37	9	37	15	22	34	43	4	22	41	
2	45	27	30	6	6	30	13	23	46	42	39	27	43	35	46	4	30	38	14	
2	5	50	19	3	8	5	46	4	10	9	8	5	47	23	20	39	4	26	8	
10	40	27	41	3	24	32	6	7	30	31	46	27	3	3	34	37	6	17	30	
On machine	6
17	8	41	12	5	27	14	45	50	1	44	33	13	33	40	14	29	43	37	25	
21	13	33	46	44	25	28	30	50	39	27	38	41	40	7	3	31	3	15	49	
24	36	41	25	45	26	24	20	23	25	24	11	26	46	39	47	46	15	29	12	
2	9	27	50	20	31	40	47	37	44	48	49	27	3	32	15	5	27	8	27	
47	25	21	21	26	19	7	6	25	11	29	31	43	25	31	47	11	21	40	24	
41	10	20	28	16	26	37	25	49	40	16	9	22	25	19	6	4	47	11	27	
19	29	47	1	39	34	10	32	4	22	46	9	48	40	27	21	43	42	30	3	
8	28	30	1	31	33	32	5	37	33	8	16	35	31	19	17	45	31	28	24	
5	1	22	36	2	13	48	3	19	10	48	45	8	12	28	17	6	13	40	16	
39	14	16	34	4	4	17	11	21	17	8	40	20	42	5	6	19	29	49	16	
30	3	33	39	5	37	24	12	43	20	39	40	44	13	6	30	24	24	1	45	
4	2	2	6	45	4	50	42	6	8	17	42	15	12	22	28	26	15	14	45	
41	30	13	14	38	38	4	16	44	42	46	50	19	39	43	1	9	7	32	45	
36	43	43	35	44	44	41	43	23	41	44	17	5	9	22	12	24	41	38	29	
43	30	39	16	9	25	38	36	31	27	21	10	29	47	44	42	16	13	7	13	
40	30	18	8	36	5	27	36	41	12	50	42	25	23	31	15	23	23	31	2	
36	38	37	46	13	49	3	30	35	32	11	19	2	48	9	27	50	17	1	9	
2	21	21	48	50	29	50	38	36	28	8	48	13	28	45	8	20	45	50	24	
10	16	24	25	46	19	25	41	4	16	46	46	29	35	47	42	26	21	38	4	
31	41	47	26	7	45	41	44	2	35	5	43	6	46	20	11	32	18	41	35	
On machine	7
14	47	16	6	42	41	44	14	45	48	37	4	31	5	7	4	16	28	13	33	
24	16	29	14	19	10	7	21	42	11	18	3	14	16	32	48	8	30	30	42	
39	42	44	13	27	25	7	40	49	9	8	23	31	14	36	27	38	19	14	42	
6	24	30	5	3	32	13	13	9	23	10	4	26	7	13	11	36	30	7	46	
12	24	50	38	48	32	30	7	16	28	1	10	45	19	49	46	15	7	3	10	
50	39	26	18	9	37	14	30	36	10	10	19	19	27	9	17	36	4	49	15	
23	27	12	47	14	49	22	20	19	16	42	18	29	5	41	16	42	8	34	31	
2	34	1	7	17	8	19	31	18	38	43	6	21	41	6	20	48	5	41	17	
22	11	38	29	39	26	5	3	22	26	24	23	13	5	12	9	44	30	32	29	
27	1	44	23	24	37	11	7	13	27	17	24	13	48	30	39	18	37	10	6	
2	11	14	8	35	10	14	6	8	2	8	41	3	28	30	16	28	2	12	13	
9	20	20	34	28	37	49	39	37	43	6	23	31	16	50	38	49	21	28	6	
6	34	14	3	19	18	33	20	33	11	15	30	47	26	16	42	24	22	38	34	
16	29	14	40	18	32	20	14	14	46	32	20	19	3	28	2	15	28	38	28	
7	9	18	38	44	21	17	18	21	22	49	20	21	43	47	13	23	8	48	45	
25	19	40	39	20	40	21	32	5	36	44	46	27	35	16	21	30	13	41	50	
16	30	26	22	48	11	37	20	34	27	12	6	6	16	31	50	39	15	36	38	
27	23	48	29	13	25	27	3	45	37	21	41	31	28	19	3	4	27	22	30	
5	38	18	25	21	42	7	4	7	41	1	41	37	2	33	46	43	18	28	31	
32	38	24	33	44	21	37	41	10	10	37	24	45	7	46	21	29	50	39	43	
On machine	8
13	14	11	10	49	18	11	10	34	38	28	37	42	24	49	31	38	25	5	7	
5	17	33	29	47	50	14	36	26	26	36	7	44	18	16	2	6	35	5	41	
17	34	1	35	6	32	2	34	6	10	11	28	26	25	26	35	44	27	44	37	
11	43	39	40	23	4	31	14	4	23	47	13	22	2	19	41	23	18	32	11	
36	9	7	45	1	7	21	19	43	43	9	4	38	3	48	9	4	13	13	12	
18	6	11	31	41	7	18	27	47	38	47	24	20	31	28	7	16	28	49	37	
34	11	41	12	8	11	14	13	35	3	45	3	39	8	44	4	23	33	8	43	
25	35	21	29	8	46	21	22	4	11	22	44	17	3	17	33	40	29	20	12	
46	50	45	42	24	23	47	29	37	14	22	49	3	19	22	31	30	3	14	5	
36	36	4	15	48	19	24	34	33	45	12	2	39	17	36	43	47	13	13	48	
34	29	25	49	4	6	12	35	27	26	25	29	22	28	48	47	28	15	4	32	
31	7	47	30	45	27	26	33	14	12	35	21	14	40	36	24	12	34	36	41	
38	40	16	17	15	16	25	25	16	29	37	11	28	7	35	36	8	20	22	31	
40	23	18	50	40	37	28	7	37	17	31	38	20	6	12	24	40	46	34	47	
46	37	44	36	15	7	42	7	18	24	40	19	42	5	44	23	29	6	46	17	
45	43	6	34	2	39	4	6	2	19	12	37	46	39	45	4	3	31	9	9	
2	41	18	43	34	13	43	15	24	45	46	50	28	11	29	39	23	13	3	46	
13	20	14	26	43	13	2	47	35	1	43	48	48	6	23	35	8	20	32	22	
32	47	34	1	50	41	12	32	1	39	20	9	40	5	44	12	49	29	47	16	
34	33	45	25	17	27	50	41	14	48	10	2	18	49	26	49	27	32	22	6	
On machine	9
39	25	1	44	49	42	25	3	30	22	9	22	33	42	4	48	13	13	40	37	
8	1	28	38	12	8	28	23	36	14	34	32	27	46	7	25	40	40	29	41	
23	15	21	40	4	25	46	30	2	37	37	40	10	41	9	32	34	10	38	29	
27	36	12	30	4	5	9	28	8	13	17	27	8	4	17	32	23	9	44	49	
39	11	18	19	37	4	30	9	47	18	1	32	46	29	31	2	10	35	38	41	
49	20	45	36	34	30	32	23	23	16	11	8	11	45	25	25	4	43	14	18	
22	13	38	10	35	24	20	34	40	47	43	34	44	48	10	12	28	47	25	26	
23	43	19	19	50	13	38	14	9	17	21	42	41	8	14	3	21	34	4	45	
11	9	36	41	42	2	9	9	41	10	20	2	4	43	40	20	41	28	16	28	
6	31	36	48	12	43	13	22	44	9	36	26	43	38	19	47	22	42	37	18	
31	32	13	39	2	42	48	44	39	17	27	12	32	47	24	15	4	36	12	41	
42	26	15	2	16	21	15	8	2	49	30	27	21	5	2	49	25	42	27	37	
49	27	15	35	33	4	48	4	38	1	20	50	39	39	31	35	27	10	4	12	
44	15	35	29	35	26	30	43	15	38	40	27	32	3	18	29	30	39	8	29	
19	24	46	8	24	13	33	5	14	28	17	14	4	9	9	31	42	15	38	5	
32	49	28	49	28	4	4	19	44	13	9	31	45	33	16	38	31	15	4	21	
38	35	16	1	40	29	34	39	45	36	43	47	14	44	36	43	50	39	37	22	
19	10	39	45	42	4	42	50	43	32	3	7	21	46	26	4	43	28	35	18	
9	41	33	20	14	18	29	39	42	24	42	48	39	29	44	29	18	20	19	1	
33	43	23	48	18	37	16	35	45	33	9	26	47	5	19	1	47	23	42	2	
On machine	10
49	24	40	28	40	10	22	41	30	34	40	36	26	31	23	17	36	35	33	31	
30	42	42	41	10	42	40	29	17	24	50	11	21	38	31	23	50	48	32	38	
34	14	26	1	22	32	11	35	32	6	46	27	11	38	21	2	15	14	17	46	
37	40	39	40	21	3	46	25	48	3	2	1	26	20	47	44	32	12	21	7	
34	34	28	6	28	26	2	39	29	24	7	5	40	50	30	16	17	35	33	9	
42	18	17	19	16	30	50	1	33	41	23	49	7	46	7	20	18	13	23	5	
7	7	43	2	2	5	7	12	36	25	23	36	20	25	48	42	23	22	23	36	
12	14	16	44	10	7	18	20	28	16	26	23	49	50	19	5	11	28	18	15	
44	38	49	19	20	11	50	5	30	24	19	37	39	21	35	41	29	20	41	26	
27	12	30	19	16	22	27	34	36	22	2	9	22	23	43	23	33	35	22	34	
48	5	11	47	3	22	1	31	32	30	11	12	10	44	36	1	33	45	12	30	
48	34	11	43	40	19	4	23	3	17	21	12	7	32	13	16	9	12	11	25	
2	29	9	42	27	8	28	39	14	30	36	4	6	9	4	15	1	10	37	22	
29	14	23	6	8	14	1	1	13	4	17	30	41	18	7	32	30	43	35	23	
28	38	42	16	48	50	39	26	30	49	48	14	31	34	40	19	14	8	42	8	
37	42	33	18	27	38	36	2	38	15	8	13	47	31	29	31	45	17	19	50	
38	36	25	48	1	36	49	14	41	34	27	21	20	2	17	3	40	8	24	4	
39	50	20	39	25	4	48	32	30	41	48	39	7	20	4	21	49	31	33	29	
32	49	37	49	46	30	9	44	50	26	45	36	42	7	35	5	13	24	23	40	
36	2	7	30	38	23	36	32	15	5	31	38	39	32	43	18	41	41	18	3	
On machine	11
38	33	31	47	19	44	47	25	9	24	14	31	38	27	9	28	41	32	8	6	
18	24	44	31	1	48	14	39	43	25	34	29	14	38	50	42	12	41	43	23	
48	46	19	7	1	3	2	30	37	21	3	47	35	18	32	26	3	37	49	45	
25	20	18	11	14	50	28	3	35	35	40	43	34	31	7	33	14	33	7	32	
25	15	9	7	2	46	18	21	20	40	35	38	6	17	23	6	39	47	16	49	
27	26	48	5	18	29	30	16	50	45	15	29	2	23	23	46	28	48	29	33	
29	6	42	41	15	20	36	30	49	39	39	41	40	26	40	17	48	47	41	35	
8	31	43	37	46	7	38	37	28	6	42	17	45	47	44	33	40	37	38	9	
49	29	39	43	27	44	47	39	25	16	25	36	40	46	21	44	37	9	11	7	
29	31	18	26	12	20	27	36	14	41	7	21	36	22	30	28	21	3	7	35	
23	38	23	24	31	41	15	26	20	28	49	22	29	34	50	16	28	47	34	8	
8	9	28	9	24	25	8	41	24	40	31	21	3	15	20	49	8	27	36	36	
4	21	41	2	8	19	13	33	20	44	12	26	48	44	27	25	1	28	14	34	
44	5	41	25	31	30	19	3	50	49	42	4	49	42	31	45	33	25	10	39	
22	37	31	42	32	36	20	2	43	2	32	12	47	38	18	16	39	1	32	24	
9	44	47	9	30	2	36	22	5	44	13	49	33	39	5	24	13	27	49	19	
17	13	32	17	28	48	6	42	38	32	27	27	25	32	33	15	42	2	8	27	
32	35	40	21	30	15	34	18	8	11	7	44	38	49	31	17	35	35	32	28	
48	36	31	40	12	10	14	8	22	43	43	37	19	23	42	2	49	20	37	40	
4	15	25	46	50	15	27	16	15	2	2	23	48	39	6	42	33	45	24	13	
On machine	12
15	20	32	29	12	37	4	13	6	17	20	23	14	18	43	25	41	16	6	3	
6	45	46	38	45	36	35	48	23	29	13	14	43	10	39	28	6	43	30	37	
2	10	18	30	39	32	11	28	24	21	4	22	15	24	14	14	45	25	12	41	
38	23	28	9	19	50	2	22	28	5	8	21	11	14	7	22	31	5	34	12	
38	26	19	11	13	29	32	19	46	44	12	22	43	21	50	36	44	10	14	34	
16	20	21	21	46	49	50	21	37	2	13	49	33	5	28	7	34	47	28	47	
39	43	27	31	10	44	35	10	25	38	7	43	22	45	31	12	13	39	22	49	
4	17	29	43	26	21	24	10	25	25	18	50	15	32	30	34	23	41	44	37	
15	28	16	30	34	2	37	4	46	29	44	47	39	41	17	40	20	22	43	48	
2	42	43	29	45	16	20	38	24	40	48	11	48	20	14	49	24	27	46	9	
17	18	46	48	29	22	18	45	25	12	29	30	50	45	16	29	39	30	26	7	
7	30	29	33	23	4	29	50	23	32	17	40	15	23	31	14	48	34	29	31	
20	30	3	17	12	50	31	15	34	10	6	43	2	7	49	19	4	4	32	31	
32	5	30	8	4	9	27	2	16	24	38	33	39	12	42	43	7	24	38	23	
11	22	40	3	25	13	34	8	17	12	20	46	35	49	43	1	13	21	17	41	
23	10	41	8	14	14	38	30	5	49	17	35	12	24	32	39	9	42	20	49	
23	41	18	36	48	14	23	46	9	14	11	17	25	32	43	1	25	20	44	11	
26	23	26	25	42	8	18	16	38	48	31	50	1	19	41	29	20	5	19	14	
14	42	26	10	36	39	40	39	8	48	30	6	9	22	19	28	41	13	38	48	
12	41	38	46	32	31	40	44	1	33	15	1	48	50	2	33	2	43	10	6	
On machine	13
50	18	7	45	25	28	39	8	49	1	12	24	27	3	7	18	44	16	21	16	
18	39	14	40	11	26	28	10	34	2	7	29	50	20	43	8	39	24	27	8	
15	44	23	22	4	12	2	28	5	44	42	40	49	11	48	22	38	18	19	11	
20	38	11	9	50	40	31	36	28	13	13	13	29	22	50	42	36	4	24	33	
6	34	47	25	3	39	45	24	8	10	36	26	47	25	8	4	49	27	12	46	
17	7	19	42	24	50	3	10	46	10	45	44	47	15	21	26	8	21	22	28	
33	33	9	20	18	14	22	5	38	14	19	44	24	21	39	23	17	24	41	41	
33	12	3	7	30	43	24	22	11	18	35	37	38	20	12	10	42	46	15	14	
7	12	31	14	20	45	50	23	21	3	9	50	18	11	20	7	39	12	18	31	
42	14	24	12	46	50	20	33	23	33	16	36	18	5	1	11	35	13	8	43	
50	31	31	43	31	42	32	19	39	36	10	33	43	38	13	47	45	47	49	37	
40	48	23	45	18	3	49	36	38	28	49	34	6	16	23	22	16	18	44	27	
14	33	49	27	29	30	45	25	37	2	9	47	12	13	11	29	48	14	32	31	
12	17	18	20	7	4	29	50	31	37	4	9	20	46	42	42	14	49	5	45	
44	13	10	26	49	39	9	8	6	21	12	2	43	25	22	28	26	25	16	13	
27	36	27	48	30	36	21	5	35	13	49	44	49	14	4	4	43	18	15	39	
27	27	20	23	16	29	21	13	35	43	46	32	46	38	24	31	11	21	22	9	
34	9	30	16	50	28	8	19	4	35	44	45	47	46	30	1	7	45	30	42	
23	41	42	44	42	46	35	19	41	2	24	14	16	43	47	44	27	49	6	14	
40	23	45	33	3	5	36	47	50	26	6	18	15	15	25	31	15	43	11	46	
On machine	14
22	43	13	45	41	2	44	5	45	18	44	30	19	49	16	30	22	29	21	33	
24	7	17	7	6	25	36	8	17	2	29	19	14	32	18	25	13	14	44	48	
17	42	13	45	32	29	42	8	29	2	22	6	34	5	12	44	41	13	16	29	
26	16	42	49	19	45	6	9	47	15	46	35	29	12	38	25	4	45	36	13	
7	25	40	50	23	11	46	31	13	46	47	6	31	40	24	11	38	16	12	48	
10	7	34	31	32	32	28	27	5	30	41	40	41	40	4	44	20	48	6	12	
43	29	13	16	19	40	46	28	26	4	15	38	22	20	43	4	14	8	38	20	
19	4	17	25	8	14	50	12	26	48	18	24	11	26	25	37	2	2	30	25	
16	46	35	43	2	41	22	22	24	39	35	19	16	13	7	22	20	17	24	35	
38	14	37	33	12	39	33	18	46	36	21	12	12	16	12	49	21	48	12	3	
33	27	46	13	4	34	25	39	5	17	20	5	37	33	31	47	17	6	21	43	
5	27	26	29	48	19	27	2	37	39	34	25	40	49	28	7	34	31	3	23	
33	20	42	21	19	7	19	32	5	23	15	37	20	12	39	25	37	14	25	31	
26	47	3	36	8	41	49	22	15	10	13	35	27	28	15	6	34	39	48	35	
7	48	41	4	9	3	16	21	9	10	22	6	13	39	34	50	35	31	30	16	
12	16	41	39	14	49	20	16	7	19	46	4	25	4	3	29	2	46	43	12	
10	10	34	22	22	45	30	7	6	50	5	45	22	35	33	10	40	10	32	1	
28	22	15	14	3	32	15	1	29	3	9	19	24	48	3	30	23	1	29	27	
21	7	50	43	7	42	20	37	15	20	21	25	44	26	14	10	17	19	8	10	
26	9	21	30	35	40	41	15	48	30	29	46	15	26	1	32	32	29	16	22	
On machine	15
25	5	4	45	43	3	3	47	31	41	29	11	14	32	25	40	13	25	39	17	
43	16	17	22	39	50	8	27	14	1	42	33	35	4	24	26	35	34	7	46	
7	47	43	24	4	44	8	12	12	47	7	47	26	44	27	17	6	1	9	12	
30	37	49	17	6	8	47	29	8	38	7	21	48	2	49	9	23	12	7	27	
29	31	44	45	37	26	6	1	35	49	48	38	41	19	41	27	48	28	48	46	
16	34	29	15	42	5	39	29	7	28	36	1	29	50	29	50	35	13	26	39	
18	26	20	33	44	33	30	28	7	33	22	50	12	4	26	35	23	22	9	16	
41	30	47	44	43	30	30	25	18	39	5	21	39	41	19	42	39	42	28	25	
13	29	24	8	43	38	47	44	8	22	40	41	42	18	5	18	50	30	37	43	
17	48	17	50	38	43	42	16	41	6	46	49	34	33	16	42	30	12	13	34	
13	15	29	31	19	21	29	31	25	26	8	40	10	5	6	14	40	45	3	18	
7	19	36	25	16	31	49	36	11	18	12	18	17	42	27	50	10	13	25	7	
13	20	6	3	29	38	48	13	45	31	31	2	19	15	19	35	35	19	35	42	
48	11	41	1	23	36	34	32	24	13	42	44	1	25	27	15	11	11	1	43	
46	29	13	27	44	3	39	12	29	20	21	42	3	4	49	46	29	5	21	6	
19	42	45	50	14	38	33	9	22	32	19	16	14	11	16	19	11	16	5	11	
43	48	13	36	44	7	50	26	28	6	33	38	40	44	19	11	16	8	2	36	
40	37	17	3	10	29	26	33	39	27	4	19	49	42	2	1	10	25	10	28	
8	37	36	11	8	1	47	43	31	16	22	48	28	10	38	18	41	21	16	22	
12	19	8	43	2	47	43	6	47	41	32	11	16	16	2	23	29	6	20	41	
On machine	16
21	6	44	36	38	43	20	15	41	4	40	15	11	43	6	26	44	20	7	27	
26	4	6	4	18	29	31	42	34	29	24	7	2	33	28	49	45	17	47	7	
14	33	2	31	4	34	10	2	37	17	2	8	39	24	46	14	5	45	22	12	
38	25	40	36	29	14	23	38	34	35	17	21	47	15	25	46	1	4	12	37	
34	49	17	22	41	13	15	40	48	16	6	13	45	13	46	44	33	30	7	41	
7	39	47	5	24	26	31	5	12	1	38	28	47	12	25	24	4	35	24	2	
50	8	7	13	21	23	13	11	13	4	16	19	42	11	23	41	23	25	8	26	
1	4	18	43	8	1	20	31	34	38	43	30	1	34	30	23	35	24	18	39	
26	11	28	24	20	16	14	32	47	18	47	27	50	33	46	32	2	8	37	2	
29	39	43	42	37	38	13	50	13	27	40	44	19	46	43	39	11	15	32	33	
37	39	10	9	34	5	31	26	50	12	13	2	28	45	40	23	33	32	23	5	
47	48	22	35	9	40	33	9	18	48	6	25	23	50	50	34	34	35	42	14	
28	9	49	36	45	21	44	18	32	17	11	16	19	20	42	44	23	17	25	28	
49	27	38	17	13	45	27	15	16	6	21	19	43	27	8	16	5	21	32	29	
32	9	23	21	48	10	32	23	5	20	14	1	13	1	37	46	44	14	28	10	
20	35	42	7	1	47	34	45	23	40	4	29	32	23	43	18	42	22	40	32	
9	11	20	46	30	12	3	10	13	42	40	11	11	44	14	38	37	13	43	46	
33	17	15	37	25	44	35	16	11	49	26	26	26	40	19	39	7	14	39	24	
16	22	1	12	48	25	6	17	19	8	9	10	12	4	48	11	36	20	15	47	
37	33	19	36	43	26	42	32	12	32	20	9	20	40	1	16	4	50	43	27	
On machine	17
12	4	14	14	19	28	2	37	39	4	5	49	43	7	47	42	48	26	6	8	
22	48	32	40	21	16	48	39	16	5	40	49	18	19	41	10	32	4	38	16	
48	2	43	32	8	29	12	41	22	7	47	7	45	24	21	24	24	11	5	36	
47	32	1	2	39	37	3	47	4	17	49	50	26	8	49	24	13	23	2	2	
11	40	38	21	28	25	1	19	49	44	49	43	46	16	42	18	3	39	10	45	
15	24	5	40	30	14	41	42	4	38	8	19	31	22	11	50	49	18	8	1	
46	33	47	41	41	30	36	28	48	16	29	6	50	29	42	46	37	37	25	7	
33	13	30	40	6	2	34	25	37	42	16	27	11	38	16	41	45	7	42	48	
50	50	4	40	30	8	43	43	28	9	34	20	40	26	20	22	19	15	4	50	
7	46	9	41	3	40	31	2	37	11	29	46	36	2	28	50	16	2	27	21	
20	4	2	1	27	10	48	28	34	13	46	44	50	15	42	31	17	17	35	33	
34	21	3	42	33	45	17	11	8	39	17	15	14	14	29	14	46	32	44	41	
26	9	42	24	21	34	4	31	9	45	14	49	48	18	6	31	48	31	3	28	
43	36	40	5	15	49	42	41	46	47	35	23	19	15	14	38	11	20	4	50	
21	11	5	25	16	38	24	17	23	39	12	49	27	47	3	26	43	31	26	12	
37	25	17	28	29	46	13	21	42	12	27	18	33	12	8	21	35	37	50	1	
46	15	4	3	44	36	3	39	43	48	3	33	39	20	50	4	41	13	32	41	
37	25	15	27	23	29	24	3	11	36	38	4	2	14	4	34	45	32	13	45	
20	25	7	45	46	11	7	23	19	32	17	47	17	18	25	10	15	29	41	23	
4	37	17	26	39	12	7	45	6	35	7	10	16	16	27	35	18	38	46	41	
On machine	18
14	14	16	38	14	6	7	46	26	28	26	11	39	43	22	5	38	14	41	43	
27	45	10	46	21	31	17	15	35	42	28	40	39	9	13	28	31	20	26	30	
30	41	8	21	34	27	21	14	16	31	8	29	9	14	40	23	38	28	46	38	
15	47	18	25	13	3	15	30	26	37	25	3	8	28	11	22	20	26	18	40	
19	48	49	39	40	26	23	21	11	27	37	25	41	20	6	25	50	44	3	37	
45	5	36	40	4	1	18	28	46	21	29	12	12	25	23	45	18	11	21	6	
3	44	20	9	42	9	39	17	25	13	11	4	2	22	39	10	49	37	35	7	
43	6	36	48	48	13	26	50	34	12	50	5	37	50	19	25	30	45	34	19	
34	48	19	20	36	47	32	16	17	29	6	2	24	16	14	11	20	5	15	28	
27	45	15	6	47	4	5	10	43	48	48	28	21	9	10	3	22	22	36	24	
19	11	32	47	45	49	14	39	14	7	17	4	39	42	12	27	41	22	31	44	
45	18	20	10	30	33	13	45	6	34	50	4	37	41	41	9	11	48	17	35	
13	41	49	13	6	5	38	35	2	14	13	28	46	7	31	1	20	24	27	42	
7	43	29	34	8	19	11	21	42	15	8	46	23	23	14	45	42	31	4	27	
30	17	21	7	17	20	37	40	47	22	6	34	43	35	1	10	38	38	2	39	
22	1	30	33	22	36	46	38	1	37	29	31	21	38	29	27	15	19	11	34	
26	40	42	3	1	36	42	15	49	24	18	48	42	29	9	46	24	18	23	37	
12	27	2	13	41	17	4	18	27	49	32	3	17	2	30	24	9	37	27	29	
8	13	38	13	6	42	44	10	19	14	36	47	50	17	35	48	33	40	48	50	
42	12	33	3	13	33	19	9	9	46	19	41	23	33	24	35	13	24	17	31	
On machine	19
49	18	22	4	13	45	46	14	8	8	28	19	13	42	6	21	25	43	29	4	
30	48	27	2	41	10	20	19	43	21	7	50	11	40	35	41	3	19	25	42	
6	16	36	35	38	15	38	11	44	47	37	19	17	24	34	24	47	8	3	11	
7	32	42	39	30	14	1	19	43	37	5	19	24	4	46	7	6	36	46	30	
45	11	5	21	19	22	30	39	50	10	37	5	13	38	5	48	3	50	23	1	
29	29	50	49	28	10	37	38	25	17	47	41	44	28	8	20	20	41	7	2	
13	6	46	22	9	34	50	43	18	14	14	7	20	37	18	45	42	13	18	29	
13	27	41	46	16	1	42	8	48	22	35	37	6	28	27	4	44	46	34	4	
26	2	1	7	36	3	14	43	22	19	27	21	27	20	18	9	3	29	39	32	
28	19	18	19	32	47	21	30	34	2	28	29	38	10	7	22	40	7	30	20	
25	23	17	36	17	23	3	42	4	23	44	33	34	27	40	28	50	35	43	29	
4	8	47	7	41	43	41	20	32	38	4	15	50	19	18	26	50	28	26	37	
19	21	25	37	48	43	31	30	18	5	21	9	1	25	6	23	49	23	47	47	
25	36	46	17	30	50	24	36	35	42	3	43	39	13	30	13	19	41	32	36	
36	12	4	15	47	32	9	16	21	49	27	37	3	38	11	14	39	44	25	16	
8	37	5	26	32	46	2	3	43	11	44	37	42	27	29	29	13	40	37	28	
31	26	1	40	18	34	30	3	5	11	43	4	27	2	33	17	14	49	49	6	
18	18	41	5	49	43	17	47	42	50	22	9	5	5	50	20	22	24	37	45	
46	24	39	4	33	7	36	38	13	2	48	43	40	34	27	19	26	4	29	24	
41	47	43	10	6	36	14	38	28	43	4	41	14	27	43	4	33	42	16	5	
On machine	20
42	6	13	35	28	3	2	43	43	21	49	18	50	40	27	42	34	11	6	5	
32	31	31	2	30	34	2	34	38	37	20	27	7	12	10	38	6	47	23	31	
50	13	44	10	42	34	38	26	8	40	26	8	29	37	14	6	41	2	50	33	
19	48	34	20	2	11	31	46	40	24	13	42	38	19	17	23	23	49	40	2	
3	49	16	26	11	7	17	5	4	20	28	14	5	19	13	17	36	16	27	46	
13	31	24	17	19	45	27	2	42	47	46	11	38	27	33	2	27	7	16	4	
46	10	24	48	23	9	22	15	28	1	40	38	50	40	39	14	42	20	36	34	
9	22	34	26	48	46	40	44	13	40	9	41	8	6	30	10	50	24	32	2	
24	43	12	39	10	20	3	44	5	11	16	7	7	7	17	21	46	14	5	26	
1	46	33	25	42	42	33	30	21	50	16	15	27	29	23	36	27	44	47	43	
30	25	41	37	13	23	19	10	6	22	26	29	50	23	27	21	47	20	30	7	
18	41	7	21	25	43	39	5	14	34	21	48	8	30	23	17	45	40	50	1	
1	24	1	50	20	17	31	38	3	32	13	25	49	22	25	8	8	31	3	39	
40	18	27	31	13	43	2	26	24	39	41	31	47	28	44	4	18	6	45	30	
26	38	48	8	28	30	21	4	46	20	12	44	45	37	35	6	19	30	44	19	
42	49	6	31	11	21	16	10	41	38	48	24	22	50	4	21	50	41	6	40	
23	26	35	36	49	15	35	28	27	15	21	14	12	37	13	21	4	3	25	23	
23	4	21	13	47	2	41	38	9	29	15	30	12	10	27	15	18	14	30	21	
41	40	41	29	27	3	35	18	45	37	38	50	15	22	34	48	46	11	44	30	
31	5	32	15	8	3	38	21	1	37	34	8	8	18	5	11	47	48	3	39	
Reldue
-1	1448	-1	-1
-1	972	-1	-1
-1	630	-1	-1
-1	722	-1	-1
-1	693	-1	-1
-1	1191	-1	-1
-1	110	-1	-1
-1	1855	-1	-1
-1	1670	-1	-1
-1	153	-1	-1
-1	1787	-1	-1
-1	476	-1	-1
-1	347	-1	-1
-1	1557	-1	-1
-1	1657	-1	-1
-1	1738	-1	-1
-1	1946	-1	-1
-1	975	-1	-1
-1	524	-1	-1
-1	2090	-1	-1
