Families	20
Machines	50
MaxSetupTime	100

Number of Jobs in each Family
2	4	7	1	8	4	5	8	6	5	7	8	6	6	4	5	9	4	9	4	

Jobs in each Family
0	1	
2	3	4	5	
6	7	8	9	10	11	12	
13	
14	15	16	17	18	19	20	21	
22	23	24	25	
26	27	28	29	30	
31	32	33	34	35	36	37	38	
39	40	41	42	43	44	
45	46	47	48	49	
50	51	52	53	54	55	56	
57	58	59	60	61	62	63	64	
65	66	67	68	69	70	
71	72	73	74	75	76	
77	78	79	80	
81	82	83	84	85	
86	87	88	89	90	91	92	93	94	
95	96	97	98	
99	100	101	102	103	104	105	106	107	
108	109	110	111	

Total number of jobs
112

Processing times of jobs
6	8	5	4	5	3	6	10	4	7	2	3	5	1	2	3	1	3	2	2	3	5	4	8	5	7	9	7	5	9	5	9	4	9	5	5	7	1	1	9	1	2	4	2	7	7	9	9	10	4	
10	10	7	4	6	2	6	4	2	3	5	10	10	4	5	1	9	2	6	2	8	1	5	1	5	2	10	4	4	5	7	7	10	1	7	3	8	2	4	3	4	6	8	7	4	9	3	4	2	4	
2	3	2	8	9	8	3	7	5	9	5	3	5	5	8	7	3	10	1	5	3	5	5	3	5	6	6	10	2	7	9	8	5	9	5	7	7	4	5	8	5	7	7	9	4	2	2	2	5	5	
3	8	1	9	5	1	3	5	4	3	8	2	3	4	7	2	7	2	6	8	10	9	10	3	3	7	5	5	5	6	3	8	6	4	10	10	3	3	1	5	3	7	7	9	10	9	6	7	5	1	
5	3	1	8	8	10	5	10	10	5	9	8	4	7	9	4	2	9	7	2	9	9	9	3	7	1	3	7	7	5	1	10	4	9	2	7	2	1	10	7	1	9	5	8	4	9	6	1	8	1	
3	6	4	1	8	3	8	6	6	1	6	9	4	8	8	8	7	6	5	1	3	4	7	6	3	8	1	3	2	6	7	1	8	8	7	5	1	9	9	4	6	10	10	5	3	1	4	6	8	7	
3	9	5	10	9	10	4	5	6	2	8	4	7	1	4	3	10	2	6	4	5	4	4	1	4	5	6	5	4	10	1	2	1	3	7	2	1	8	6	8	3	3	8	8	1	4	3	7	10	6	
8	7	8	8	6	1	6	4	1	8	8	2	4	5	4	8	10	8	3	10	8	5	2	9	8	5	10	8	7	8	1	8	4	5	1	9	1	7	6	9	1	4	6	9	10	4	8	6	1	5	
10	4	7	1	7	5	6	7	5	8	4	1	6	8	8	5	5	3	6	2	1	9	3	1	3	8	2	7	9	8	10	4	7	9	9	9	6	5	7	10	4	6	10	7	6	9	5	6	6	8	
2	8	9	8	8	9	3	5	5	4	9	2	10	9	3	2	2	8	8	1	8	3	5	3	5	8	6	6	2	5	10	3	5	4	5	8	3	1	9	6	3	9	1	9	6	5	1	2	4	8	
1	4	7	5	3	6	3	7	6	2	6	2	3	5	7	9	10	4	8	4	8	8	7	7	5	1	9	1	3	3	6	4	10	4	2	10	9	7	4	5	3	3	5	6	2	4	2	5	4	1	
10	3	2	9	3	5	6	8	9	10	8	5	6	3	10	3	1	8	4	8	3	8	2	1	2	5	4	8	3	8	1	7	7	2	8	4	8	8	2	7	4	7	3	2	2	4	9	5	1	5	
4	4	5	6	1	3	5	3	4	7	4	10	4	2	5	7	6	1	2	1	4	5	4	4	4	10	7	1	8	4	1	7	1	9	6	1	1	2	7	4	9	7	2	6	10	2	1	7	4	7	
7	5	1	9	5	5	8	7	5	7	1	1	7	2	8	5	9	2	1	6	4	4	1	10	5	5	2	9	10	1	8	5	2	9	10	3	2	5	2	2	8	9	1	8	8	6	4	5	2	4	
5	3	7	2	6	9	5	9	10	3	10	2	8	8	7	8	10	3	6	7	4	7	8	5	7	10	5	3	7	2	5	3	9	3	6	4	5	10	2	10	10	5	9	10	10	10	9	1	9	7	
8	7	1	7	1	7	4	4	9	8	2	2	2	8	8	6	7	5	3	9	3	8	2	8	10	10	6	5	6	3	8	1	9	2	2	1	7	2	8	9	4	3	1	2	3	10	4	2	5	7	
10	3	6	7	9	6	2	2	8	10	1	5	5	5	8	5	4	1	6	5	8	2	3	10	8	7	5	7	9	1	2	9	7	2	10	7	10	4	8	7	10	2	5	7	3	9	7	10	6	2	
4	8	4	4	3	6	6	8	7	1	10	1	2	5	5	6	7	3	2	8	4	4	8	6	2	10	2	10	5	8	5	3	8	1	7	10	2	8	7	7	1	10	8	9	5	3	6	2	5	3	
9	4	4	4	9	9	10	5	6	4	8	3	5	8	6	8	6	4	10	3	6	8	10	8	10	6	3	1	5	2	8	5	9	7	4	9	4	1	10	8	8	2	5	10	7	2	3	2	2	8	
4	1	3	7	1	3	8	4	4	7	5	10	9	1	8	3	5	1	7	10	2	6	3	2	8	10	2	4	10	5	9	2	3	8	1	5	10	8	5	10	5	5	8	5	2	7	7	8	6	8	
6	9	8	5	9	1	10	1	10	7	5	9	5	3	3	3	3	10	1	7	6	2	7	7	6	7	10	9	3	3	4	9	4	10	7	9	8	6	2	8	4	7	6	8	1	2	5	8	1	10	
6	10	1	3	1	5	7	2	10	3	10	1	3	5	9	7	2	1	9	8	1	2	4	6	5	5	8	7	8	2	5	7	4	1	7	3	10	2	4	2	10	10	2	9	8	1	5	2	8	7	
8	3	10	4	3	7	2	3	7	8	5	9	4	8	9	1	2	9	4	5	5	10	2	2	9	9	9	2	1	9	10	3	1	4	8	5	3	8	9	8	2	2	9	2	3	9	8	4	9	8	
5	2	6	6	4	6	1	1	5	10	10	8	1	4	5	3	8	3	9	2	9	7	8	2	1	10	9	6	3	6	4	1	10	7	10	4	6	6	1	1	1	3	3	7	5	9	1	10	3	2	
7	7	3	1	7	4	6	7	1	4	6	6	10	8	8	6	3	10	1	6	1	2	10	10	5	9	8	4	7	2	4	6	9	8	3	9	7	9	4	6	8	9	7	3	10	6	7	8	8	8	
10	1	6	3	8	3	1	1	2	6	8	1	8	9	10	6	5	8	1	5	5	4	4	3	6	4	8	7	6	2	1	8	7	3	2	7	6	4	5	1	2	3	8	8	2	9	6	6	4	1	
6	7	2	4	4	4	3	8	5	6	7	5	3	5	1	3	1	10	4	9	8	5	4	3	10	2	6	6	6	4	4	1	1	9	1	2	2	6	7	6	3	5	5	7	6	2	2	10	10	1	
3	8	1	6	6	5	10	6	3	1	10	7	9	10	4	2	4	1	3	2	4	10	6	1	5	10	4	8	8	7	3	4	1	1	8	3	7	3	1	6	4	4	8	6	8	9	3	9	10	9	
1	4	8	7	1	9	2	1	1	7	8	2	1	4	5	5	2	7	4	9	4	7	7	8	7	6	2	8	1	4	9	6	7	8	5	10	6	1	9	8	3	9	8	10	7	4	2	4	1	3	
10	2	5	3	9	5	2	9	10	9	7	5	7	2	6	2	3	7	2	1	9	6	2	4	1	2	10	10	9	5	2	9	7	6	4	1	5	3	5	6	1	1	8	10	1	9	5	3	5	9	
5	1	6	2	4	4	1	2	9	2	1	6	10	3	8	10	3	3	7	9	8	10	6	5	5	6	1	3	8	2	5	5	4	10	2	8	7	6	5	6	1	5	7	8	9	5	3	8	4	6	
10	2	3	8	5	5	6	5	10	2	1	6	2	9	5	3	8	10	4	8	1	5	1	6	9	1	4	9	8	6	8	5	1	3	7	9	5	8	5	9	4	4	1	6	10	8	9	8	5	9	
2	3	1	1	9	6	3	4	9	1	10	7	5	8	4	7	9	1	8	8	8	7	3	10	9	5	3	1	10	9	1	9	5	3	10	10	5	5	4	1	8	1	1	3	1	4	1	10	3	3	
5	5	8	8	6	4	5	1	9	6	7	10	8	7	1	10	6	10	6	9	2	2	3	1	3	1	9	5	1	4	8	3	8	9	6	6	6	4	6	9	6	5	5	1	3	3	10	9	5	4	
4	2	3	2	5	10	5	9	10	7	3	8	3	3	2	4	9	8	3	10	10	5	1	3	10	2	9	6	3	1	1	7	3	3	5	10	9	10	1	2	6	9	9	1	7	7	6	2	9	7	
3	3	2	1	9	1	7	6	7	2	9	7	4	6	7	1	5	8	2	8	7	6	9	1	3	10	1	9	4	1	4	4	8	5	6	6	1	9	9	1	10	1	5	1	6	8	6	3	4	2	
1	9	5	8	3	2	8	6	8	10	9	8	10	4	7	1	2	1	4	8	4	6	1	9	4	5	7	4	10	5	10	5	6	2	9	7	8	2	3	8	2	3	6	5	2	3	5	6	10	4	
10	8	2	10	7	8	6	3	10	2	6	6	10	7	1	5	7	7	4	10	9	3	8	10	2	7	2	1	6	1	7	3	1	5	8	1	5	2	7	8	6	7	5	7	7	8	10	7	10	4	
5	10	6	4	8	8	10	2	5	1	2	7	10	6	6	7	3	6	2	8	3	2	10	6	10	2	7	1	4	7	3	10	6	6	7	6	1	4	9	10	4	2	7	1	4	3	5	1	4	9	
4	8	2	5	10	10	4	10	3	3	4	10	3	7	10	3	9	7	3	8	6	7	9	8	3	8	5	10	9	1	6	6	10	3	6	10	2	4	9	10	10	7	1	7	6	7	10	5	7	6	
3	7	2	5	2	8	6	4	7	7	10	8	6	9	7	4	2	9	4	6	9	2	6	8	3	10	10	10	3	8	2	4	2	3	3	6	10	1	1	4	8	5	7	3	8	9	9	3	3	9	
6	10	4	9	4	4	7	8	1	9	10	4	3	1	7	7	10	1	2	3	10	3	5	6	2	7	9	8	10	9	1	5	6	10	3	2	1	6	4	5	5	6	3	7	5	6	4	5	9	9	
8	3	2	3	7	9	3	8	6	10	8	10	5	1	4	9	6	2	9	2	1	7	3	7	2	1	6	3	4	8	3	3	9	7	2	10	7	10	5	9	8	8	3	8	4	9	10	6	7	8	
10	5	3	1	8	3	9	8	6	3	8	8	9	9	7	5	5	3	3	2	4	8	6	2	7	1	1	9	10	1	8	1	7	6	10	6	3	8	7	2	10	8	5	4	1	5	2	3	1	3	
3	1	7	9	5	5	4	6	3	9	9	1	10	5	7	2	10	8	4	1	8	9	4	5	3	9	1	6	2	1	9	8	7	2	2	7	5	8	2	10	3	6	7	3	8	6	3	5	7	9	
6	4	8	5	5	9	10	6	4	4	8	1	4	10	1	10	7	3	2	8	3	9	7	10	7	8	10	3	3	8	6	4	8	10	4	2	6	9	6	1	5	1	1	7	2	5	2	3	2	5	
5	6	9	8	10	7	2	6	4	9	5	5	3	6	6	1	9	3	5	9	9	4	1	8	3	10	3	7	4	10	4	1	3	2	1	8	1	5	9	7	6	7	8	7	8	8	9	7	1	2	
3	6	1	1	7	6	9	5	9	4	8	9	6	7	8	7	5	10	1	5	8	2	10	7	9	1	1	3	10	1	2	1	2	8	8	2	2	3	5	8	1	7	9	7	1	6	9	1	4	4	
3	7	2	7	9	7	6	5	7	5	8	2	9	8	4	3	10	2	5	5	1	10	1	6	9	5	3	4	2	6	6	4	3	1	3	5	6	6	6	9	7	9	4	6	8	9	2	5	7	1	
10	4	4	10	1	9	2	6	7	9	2	9	7	7	1	10	10	8	9	1	6	6	2	2	6	5	9	8	10	3	10	5	5	10	2	5	3	1	7	7	2	1	9	2	5	2	1	2	7	7	
4	6	8	3	5	2	1	10	3	5	8	4	10	9	8	8	9	2	8	10	5	9	7	8	8	4	1	3	7	4	1	9	5	7	6	5	2	2	2	7	7	4	3	8	2	3	7	3	9	5	
5	7	4	2	8	5	8	4	5	8	3	3	2	4	5	5	2	1	9	8	2	1	10	3	2	3	7	1	7	4	8	6	7	5	1	9	6	9	3	1	1	4	4	7	10	5	7	4	1	3	
2	7	3	7	6	6	6	5	9	1	9	4	1	5	6	5	4	10	3	7	5	7	7	3	2	4	9	4	7	5	4	8	1	4	3	10	9	8	9	9	5	10	10	4	8	10	8	9	9	7	
8	6	3	4	6	5	3	5	7	8	5	8	10	6	3	1	3	3	8	10	5	10	6	5	1	4	8	7	6	3	2	3	8	1	6	4	3	4	3	10	3	3	9	9	7	10	5	3	6	7	
3	2	2	9	1	2	9	3	2	10	9	7	5	2	9	1	4	3	10	6	3	10	4	9	1	2	8	4	9	1	8	8	10	4	2	9	6	8	10	6	8	3	6	2	4	8	6	5	6	6	
7	3	6	7	1	10	1	9	6	8	8	2	3	5	7	3	7	5	10	6	7	4	10	5	3	4	10	6	3	5	9	10	5	3	3	2	2	8	6	1	3	3	10	2	6	2	4	2	4	6	
3	4	1	6	2	9	2	3	7	2	2	3	9	8	9	6	6	4	3	5	8	10	2	8	8	10	7	2	10	4	3	10	9	4	4	1	3	5	9	9	6	2	6	8	9	4	8	3	2	5	
5	2	3	3	10	8	9	6	2	1	5	9	7	6	1	8	6	5	2	2	1	1	7	1	2	4	5	4	7	4	7	6	5	4	3	6	8	7	1	9	8	2	1	1	5	6	2	1	4	1	
4	10	5	4	2	3	9	1	6	2	4	3	1	7	5	9	6	2	7	4	2	2	3	9	6	3	5	5	10	4	10	10	5	9	1	7	6	6	10	6	10	8	2	9	4	6	9	8	4	3	
6	3	5	2	7	5	3	9	10	4	8	9	9	5	4	5	6	8	3	1	5	6	10	7	1	8	10	1	4	5	10	2	1	2	2	3	6	3	6	5	10	4	5	2	10	1	6	8	5	8	
4	6	6	4	6	1	1	10	4	1	9	9	10	5	9	7	5	1	1	5	10	3	5	8	7	4	3	1	2	1	10	10	3	9	5	1	10	4	6	2	4	3	7	5	8	7	1	8	10	4	
6	8	4	5	9	10	4	7	2	7	3	9	4	9	1	6	6	9	9	4	4	1	10	10	10	6	9	2	3	4	7	5	10	5	10	4	5	9	1	4	2	10	10	3	7	9	8	7	3	2	
10	3	10	4	6	9	7	1	3	8	6	9	4	10	8	2	10	4	5	1	1	1	8	4	7	6	1	4	2	9	8	9	7	7	7	5	4	3	10	10	1	3	2	7	4	9	10	4	8	9	
8	8	7	3	8	4	2	4	2	5	3	5	2	6	9	4	1	1	4	5	1	8	5	9	9	2	4	10	7	1	7	4	7	9	2	4	6	7	4	3	9	9	3	10	2	9	10	7	9	3	
4	4	9	7	10	2	2	8	5	5	2	5	9	7	2	2	5	1	6	4	7	2	9	6	9	7	3	5	4	7	8	10	9	4	10	8	4	6	2	1	9	6	2	7	8	9	3	10	8	3	
5	9	6	8	5	7	3	10	1	4	5	6	1	6	6	10	8	10	3	5	5	1	4	7	6	1	6	7	3	9	9	5	2	9	7	10	8	4	7	3	10	5	6	5	10	10	2	2	9	10	
5	7	4	9	2	8	4	4	1	1	7	4	6	2	6	1	6	7	8	4	4	8	6	2	7	5	6	9	4	5	6	3	9	10	1	7	10	7	1	4	8	2	1	3	4	2	4	8	6	4	
8	6	1	10	1	1	10	9	5	6	5	10	1	1	8	1	5	6	2	7	8	2	10	3	2	8	10	9	3	10	3	9	7	6	5	8	5	1	4	6	10	5	10	1	1	10	3	5	2	9	
6	1	10	2	3	10	5	2	2	8	2	8	7	3	3	2	2	9	1	1	8	7	5	7	4	5	10	2	8	3	6	10	7	2	9	9	6	5	3	2	6	4	4	1	2	4	6	2	4	1	
1	5	3	1	9	4	6	6	1	6	2	1	8	3	3	10	1	5	4	9	4	1	5	9	2	10	2	7	5	2	2	10	10	5	10	1	7	3	6	4	7	8	5	3	1	1	6	1	1	2	
7	6	3	10	8	10	7	8	5	6	8	2	6	7	8	9	8	2	5	2	6	4	9	6	10	2	6	7	5	3	1	9	7	5	6	7	10	4	4	1	4	4	7	3	5	9	2	2	1	8	
2	4	6	3	9	7	8	10	3	9	2	9	10	6	4	7	5	4	10	6	7	1	8	6	4	1	1	3	5	1	3	1	8	8	2	9	9	2	1	2	3	5	1	2	6	2	1	2	2	7	
9	3	3	7	4	7	3	5	9	6	5	5	9	8	5	7	7	3	10	9	3	7	10	2	5	5	6	6	4	3	10	10	10	1	6	3	6	2	8	10	6	3	8	8	5	2	4	1	8	2	
9	8	4	6	9	7	7	4	10	1	2	2	7	6	2	5	5	6	10	5	2	2	1	4	1	7	8	1	2	6	5	8	5	4	1	9	3	7	9	3	7	1	6	9	6	6	2	9	7	10	
7	10	10	8	7	5	10	7	9	3	8	4	2	8	4	3	8	6	2	3	4	4	9	9	9	9	5	6	1	10	8	2	6	5	3	10	9	10	5	4	3	1	7	1	5	5	8	9	5	4	
7	3	2	5	1	5	1	7	9	5	8	7	7	2	7	5	9	8	7	7	6	1	9	3	6	5	10	5	9	1	3	8	3	3	9	7	6	7	2	2	6	3	8	8	6	1	8	3	9	7	
7	3	6	9	2	8	4	2	6	9	6	2	5	9	6	6	9	5	4	2	10	6	10	6	6	7	3	3	1	6	9	7	10	2	4	3	3	6	3	7	1	7	8	8	8	1	3	5	10	6	
3	8	2	4	6	2	4	3	5	10	1	3	6	3	7	4	8	1	5	4	1	8	7	3	1	10	10	1	3	8	3	10	6	1	6	4	8	9	5	2	10	1	10	7	4	9	5	8	2	10	
7	2	3	1	10	1	7	4	10	4	4	9	6	4	5	2	4	8	7	6	9	3	2	8	8	5	8	7	5	7	6	1	4	2	3	10	10	6	3	2	8	5	2	5	3	8	8	2	10	6	
5	7	8	4	10	5	5	7	1	6	5	4	5	5	9	8	1	5	4	3	7	3	3	7	1	8	6	5	7	7	6	5	9	6	4	8	3	9	9	1	5	8	9	10	2	4	1	4	9	1	
9	2	3	6	9	8	3	2	6	7	4	3	6	9	10	5	1	5	9	1	3	5	3	1	5	10	6	5	5	2	10	4	10	5	9	1	6	6	10	8	8	1	2	2	10	2	4	4	1	4	
10	1	8	8	3	4	10	4	5	5	2	9	7	8	5	8	3	3	7	2	5	10	7	7	9	7	3	10	7	1	7	8	8	3	6	7	1	7	1	8	3	2	7	6	1	6	10	2	7	8	
7	6	4	5	9	2	6	9	1	6	1	2	8	10	8	3	10	6	8	8	7	3	5	2	6	2	4	4	9	7	7	10	3	5	10	1	6	1	6	2	4	2	10	4	6	1	9	5	7	5	
2	7	10	5	6	1	7	7	5	5	8	4	8	5	3	3	9	7	5	5	10	3	3	4	1	2	4	5	8	8	8	6	4	2	4	4	4	9	5	4	3	6	1	3	6	6	2	4	7	8	
5	6	3	1	4	3	6	2	8	6	8	6	2	9	1	6	7	6	8	8	9	10	5	1	4	1	7	2	9	3	10	2	9	1	5	3	10	5	9	9	4	10	2	8	5	3	9	6	5	6	
1	2	4	8	4	5	8	5	8	7	1	3	10	3	9	8	9	4	7	2	5	6	2	2	10	5	1	8	8	10	9	1	10	8	3	9	8	8	5	10	2	8	5	2	4	1	9	10	9	3	
8	7	3	6	4	6	6	10	7	1	4	10	10	1	9	2	1	3	8	10	5	8	4	6	3	6	6	4	4	2	3	4	2	6	1	1	3	9	4	2	7	4	2	1	9	7	6	5	9	2	
6	7	1	4	8	4	6	9	4	10	6	7	8	10	1	4	4	2	1	2	6	3	3	8	8	2	5	6	6	2	7	1	4	5	9	10	4	7	10	3	1	7	5	5	6	3	3	6	9	10	
9	5	6	6	4	1	5	10	7	10	5	7	8	9	6	1	2	7	9	7	6	10	9	2	1	7	6	9	4	7	3	3	7	2	5	7	1	1	7	8	6	8	8	8	2	9	2	1	9	7	
4	4	3	9	9	2	3	6	9	10	7	1	2	7	8	9	1	10	5	9	5	8	1	7	9	4	2	2	8	3	8	8	4	6	1	9	8	7	4	6	8	2	7	2	6	9	6	2	9	2	
8	8	6	2	5	3	2	2	2	8	7	4	2	4	8	4	3	6	7	9	8	10	9	6	6	8	9	1	8	5	5	10	5	5	1	3	5	7	10	3	1	2	7	7	7	8	6	4	7	3	
8	2	4	6	7	4	10	9	6	2	9	3	5	4	10	5	1	1	4	5	3	7	8	10	3	4	4	2	5	8	2	10	2	4	9	5	5	3	4	4	9	10	2	7	6	6	2	2	9	6	
7	3	9	2	2	4	3	9	9	2	6	4	1	7	6	3	10	9	2	2	5	10	10	5	2	4	10	1	8	5	10	10	10	10	1	6	4	1	1	5	2	6	2	6	5	5	4	2	9	10	
9	4	1	10	2	9	9	2	6	9	2	4	4	3	2	9	5	10	5	6	3	7	5	8	3	9	4	9	2	7	8	7	7	5	5	10	5	4	1	4	4	1	8	8	3	10	1	1	3	6	
7	1	10	10	2	8	8	5	4	4	5	5	3	10	3	7	3	3	10	3	1	7	3	8	7	10	1	9	8	5	5	4	2	6	4	8	2	7	8	5	6	9	9	8	6	4	4	1	3	9	
3	3	6	5	5	9	7	10	6	1	3	7	1	10	7	6	8	5	9	4	5	2	10	6	3	5	3	9	7	7	8	7	10	1	1	4	10	8	10	2	9	7	6	1	10	9	5	1	8	4	
1	9	9	10	6	7	10	1	10	4	3	10	7	10	6	2	5	2	5	2	1	5	8	7	9	6	9	6	8	6	8	8	9	10	9	4	10	5	7	7	3	4	4	10	3	1	2	4	7	9	
3	7	8	4	1	6	6	5	1	6	8	9	1	10	4	2	1	7	1	3	2	6	3	2	9	10	5	8	6	9	5	6	4	1	3	1	5	5	2	10	9	5	7	6	10	3	4	8	4	5	
2	4	1	6	10	6	10	4	7	8	8	9	6	10	4	3	7	9	7	7	3	2	7	5	5	10	6	5	7	10	1	10	8	6	1	2	1	7	9	5	8	8	7	2	3	7	9	1	3	7	
1	7	7	10	9	5	1	2	9	9	9	6	4	4	10	10	1	5	5	4	8	5	5	1	4	1	7	7	1	8	4	8	6	6	1	3	9	4	4	9	6	5	1	5	3	4	10	1	2	2	
1	2	9	7	5	2	1	1	1	6	7	7	8	10	3	1	10	6	8	10	5	1	10	8	6	6	9	3	5	4	1	3	9	2	1	10	2	10	1	7	9	10	1	7	8	9	5	7	2	2	
7	2	3	2	6	3	2	10	4	5	8	2	9	2	6	5	5	8	5	6	1	7	2	1	2	2	10	2	8	7	10	8	5	2	10	4	7	3	2	2	1	10	3	6	5	5	1	7	6	6	
9	9	9	2	2	7	6	1	9	1	8	7	8	7	8	7	1	2	1	9	1	7	10	1	2	4	4	6	2	8	9	4	1	9	3	1	6	6	5	4	2	7	9	2	7	8	2	1	2	1	
9	10	6	2	6	9	4	10	1	2	4	7	1	9	5	5	1	8	1	3	8	1	9	1	3	10	1	8	5	1	4	1	6	9	6	2	9	5	10	9	5	7	6	9	6	1	10	10	4	8	
5	6	10	4	2	8	4	8	7	4	5	6	8	8	1	6	6	5	5	4	3	2	1	1	10	5	8	5	3	6	5	8	4	9	4	2	3	4	3	9	7	1	5	7	8	7	3	6	10	9	
2	10	2	2	5	7	6	9	2	5	10	9	8	1	4	4	7	5	5	9	3	4	5	9	4	6	5	8	10	5	7	3	1	1	1	10	6	8	10	6	9	5	4	4	2	5	3	4	1	4	
3	9	8	2	2	8	6	6	8	6	1	3	9	8	2	7	2	10	10	6	5	9	3	7	7	1	8	1	10	2	9	7	8	4	10	8	4	9	5	4	3	6	2	6	7	10	7	7	6	5	
2	6	9	3	10	7	7	6	10	2	4	8	3	5	7	8	1	7	6	5	4	2	1	1	7	3	6	8	4	9	1	6	6	5	5	2	2	2	9	3	2	1	4	5	3	10	4	3	9	1	
10	9	8	9	9	8	5	8	3	8	3	2	5	2	1	5	2	1	3	1	8	7	2	7	10	8	7	2	9	2	1	9	6	10	1	6	2	7	1	10	5	1	10	9	10	10	10	5	7	7	
4	3	8	2	2	5	6	1	8	7	3	2	6	7	9	2	8	7	4	8	5	2	7	6	1	5	2	6	4	7	3	6	7	8	8	4	1	10	9	4	3	10	3	2	4	5	8	3	8	1	
6	3	6	7	9	3	6	8	10	1	1	8	4	10	10	6	4	3	3	10	3	1	1	10	5	6	1	10	2	9	2	6	1	8	10	8	4	9	6	4	10	2	4	4	4	8	5	9	1	5	
1	8	2	3	8	5	10	3	6	1	8	9	1	4	3	2	8	1	7	9	10	7	9	9	2	2	2	6	5	9	6	6	6	4	4	9	6	3	8	8	6	7	8	8	2	2	2	4	6	7	

Stepup times between family, where [f][f] represents initial setup time
On machine	1
52	18	91	21	31	88	52	22	59	38	60	3	70	90	7	60	17	70	54	68	
63	6	90	85	50	95	82	87	47	34	72	27	77	77	77	16	49	29	90	36	
92	21	79	81	90	38	41	28	18	33	81	85	35	96	46	84	50	31	52	66	
11	23	98	38	69	23	55	86	22	56	19	70	58	43	20	67	25	9	33	41	
62	63	83	45	63	34	15	30	25	67	38	13	54	27	29	5	61	7	51	2	
89	91	32	74	31	18	51	22	10	94	99	65	95	24	14	61	82	44	6	26	
85	91	35	20	96	7	27	67	77	50	55	24	100	62	73	60	99	11	56	61	
50	43	40	94	49	10	77	5	68	85	30	48	1	52	53	35	60	92	14	22	
95	69	29	3	43	5	35	89	32	14	45	92	57	93	62	66	51	69	71	29	
100	89	29	59	67	81	62	17	75	88	69	96	43	11	64	14	77	72	65	62	
34	3	14	74	64	52	60	87	35	76	46	39	32	37	92	67	17	92	23	84	
2	87	80	15	88	76	76	49	53	14	14	42	75	97	79	34	37	2	17	56	
72	78	93	88	55	1	97	77	49	18	73	83	25	23	100	17	65	3	53	1	
76	28	24	73	38	40	85	31	87	58	31	69	90	79	56	32	74	48	27	44	
79	46	29	87	42	91	83	73	91	71	29	98	25	84	1	13	24	33	76	85	
67	71	69	40	52	70	65	66	60	33	85	74	80	94	80	52	23	88	98	20	
37	4	22	21	24	23	25	28	87	42	32	53	83	12	28	46	11	62	30	13	
94	76	64	15	94	84	72	86	28	17	61	22	91	35	74	7	74	85	76	43	
72	69	86	1	75	64	39	68	49	93	39	35	31	28	4	53	25	4	31	98	
34	34	93	91	14	70	82	98	88	84	39	55	89	64	69	74	9	98	43	84	
On machine	2
37	66	4	32	51	90	24	27	60	32	50	74	40	23	49	62	69	40	82	31	
47	66	32	76	70	42	26	15	10	18	100	62	3	58	62	31	94	29	18	97	
95	22	7	40	89	65	89	85	19	35	37	38	97	7	54	14	84	13	85	65	
42	98	53	87	95	14	2	13	29	4	87	6	34	77	95	19	93	69	41	48	
100	65	3	31	16	13	25	38	23	35	28	50	35	18	24	66	37	22	32	56	
11	73	50	7	77	39	78	65	26	30	80	19	21	10	56	59	28	87	87	98	
50	76	18	98	27	10	3	73	4	76	65	53	1	23	48	26	39	12	29	85	
80	48	13	6	77	13	47	85	100	20	69	24	51	28	65	56	29	83	74	4	
100	95	39	99	70	37	26	63	73	81	86	21	87	3	60	64	26	68	43	55	
81	51	7	34	66	76	40	71	32	65	37	11	16	79	39	71	8	48	24	80	
30	32	22	50	24	24	70	88	12	52	84	5	99	1	3	77	81	91	50	49	
15	58	89	68	94	73	48	9	90	49	13	21	43	58	27	88	23	20	66	42	
59	63	90	52	49	71	9	40	25	15	35	81	87	8	93	24	86	38	47	94	
94	69	61	43	99	47	50	69	18	2	47	94	31	40	62	54	66	86	68	89	
79	36	25	79	95	14	10	7	100	76	20	41	55	73	50	77	87	12	10	33	
20	93	71	77	51	56	87	93	73	100	34	8	3	52	89	39	33	79	32	82	
79	80	49	43	68	58	66	59	8	79	71	21	10	51	32	50	85	8	44	45	
26	99	3	80	70	54	70	45	95	91	100	67	91	52	40	80	48	100	31	7	
55	48	51	67	57	15	11	63	70	58	56	64	88	85	41	93	72	65	93	51	
84	52	99	93	99	75	95	73	33	39	98	42	87	28	1	9	60	41	21	11	
On machine	3
66	14	85	40	2	18	32	90	77	45	64	100	89	61	43	46	70	66	58	71	
98	38	39	61	70	3	11	23	19	59	83	66	38	10	70	38	43	56	86	27	
80	89	76	10	28	97	58	55	78	54	10	19	43	21	64	76	90	44	30	30	
83	78	15	97	94	18	3	3	32	50	82	77	36	73	88	17	40	97	56	61	
57	17	80	21	75	44	77	52	79	62	86	96	95	22	84	42	79	25	67	10	
51	34	10	78	57	63	72	55	88	14	68	71	73	55	66	47	64	98	63	51	
72	33	3	63	80	2	46	68	34	89	54	42	33	15	93	84	4	95	39	37	
85	26	9	59	41	39	33	30	93	75	33	40	76	84	74	21	19	89	27	60	
92	74	22	74	30	12	45	77	49	49	54	29	99	23	97	49	50	99	7	20	
72	6	56	20	46	59	53	70	30	62	67	39	46	7	44	54	54	3	22	15	
1	30	3	39	99	100	94	54	75	55	22	19	21	2	50	88	3	10	80	13	
79	47	67	24	60	17	48	62	95	24	67	33	14	63	55	80	18	14	91	43	
47	38	41	1	31	34	76	53	65	41	29	97	87	35	55	47	50	48	38	56	
24	76	60	64	60	31	19	98	10	25	100	2	2	70	98	18	29	58	15	15	
39	51	31	49	60	69	54	45	99	16	30	19	58	29	81	97	79	92	16	7	
31	16	81	15	19	65	26	18	100	18	27	26	92	30	62	24	10	75	31	5	
6	30	41	94	84	67	6	77	25	25	9	21	67	73	89	69	21	62	37	19	
60	8	3	33	36	26	28	68	89	19	61	87	6	62	34	97	71	96	24	42	
88	63	4	85	86	3	60	57	57	22	44	95	29	44	66	90	22	21	25	13	
30	4	51	73	71	25	42	28	29	77	77	97	56	10	69	17	84	55	61	18	
On machine	4
4	58	23	25	16	58	48	58	74	30	92	65	100	67	5	11	19	55	21	40	
81	44	49	52	15	63	95	39	26	64	48	26	19	83	53	92	44	92	24	87	
22	42	37	7	60	84	8	68	42	92	14	99	48	44	42	67	46	47	73	11	
69	72	66	66	69	16	91	13	62	81	3	46	7	28	9	65	85	86	84	25	
35	77	90	76	21	23	51	61	69	99	3	68	19	85	8	83	23	96	50	23	
87	75	62	51	78	77	65	56	69	73	39	39	34	85	61	48	89	53	95	35	
87	78	70	18	95	63	43	83	49	63	42	21	63	47	16	83	17	76	87	79	
33	6	50	11	16	80	59	63	17	88	47	14	3	43	46	51	67	7	65	43	
93	21	20	77	2	23	91	66	42	38	90	26	41	78	7	1	37	34	49	93	
21	25	47	65	13	60	40	64	40	87	89	71	55	27	34	33	73	55	93	69	
98	49	90	43	10	42	57	48	50	81	70	29	86	40	83	32	2	68	34	44	
99	44	72	21	9	76	63	63	67	40	14	69	43	100	21	24	78	36	41	89	
89	97	94	72	28	8	91	27	52	53	39	92	18	50	9	84	76	39	39	16	
77	9	77	40	97	3	72	40	67	80	92	99	26	76	44	48	41	90	70	37	
81	95	41	26	84	63	41	38	20	67	26	69	9	46	27	74	60	35	34	18	
49	35	69	55	13	24	74	68	49	70	89	35	57	81	70	27	56	54	60	11	
58	9	84	40	71	30	41	36	41	21	39	42	81	29	69	27	3	44	51	9	
32	94	86	5	24	12	100	63	52	40	17	85	80	29	27	89	37	40	58	87	
1	62	48	2	11	29	88	36	84	19	28	3	55	23	11	64	24	90	22	36	
50	93	100	68	2	17	61	15	92	52	92	96	50	55	76	42	47	57	62	48	
On machine	5
10	99	63	63	71	84	95	97	40	59	26	22	46	81	31	41	30	46	78	11	
74	45	19	87	18	20	91	52	70	80	69	38	79	35	97	16	86	53	89	22	
3	24	76	79	56	87	60	52	43	69	22	13	27	37	28	64	26	2	95	16	
31	88	69	36	90	51	51	31	40	92	52	56	10	24	76	58	62	58	56	94	
24	19	34	27	68	84	38	44	42	93	61	16	78	13	18	64	5	14	93	94	
24	81	92	82	21	73	33	9	20	44	59	89	22	96	88	41	31	26	65	22	
11	20	6	34	26	58	31	18	96	68	52	26	45	26	73	72	89	29	22	24	
11	62	12	5	87	45	56	73	48	16	81	47	30	67	47	56	11	17	37	18	
65	56	77	80	39	87	67	64	30	67	75	39	45	16	89	81	20	21	24	24	
35	89	9	41	11	24	35	73	40	87	82	97	77	65	97	42	40	91	6	12	
78	74	69	60	2	32	50	59	36	83	72	40	64	50	66	42	50	81	96	51	
37	48	76	43	42	92	19	27	27	50	22	61	85	42	70	54	66	77	45	4	
17	99	49	23	37	93	92	93	2	68	71	71	32	58	16	70	25	61	12	90	
58	88	27	79	16	88	49	36	83	53	60	77	35	69	20	38	60	26	46	29	
97	6	38	54	37	26	3	98	50	52	41	28	21	45	80	35	85	52	24	71	
86	74	53	54	26	27	49	93	1	46	4	31	39	61	65	79	54	22	1	58	
59	77	40	14	55	100	21	27	26	19	47	15	14	46	60	75	32	98	32	38	
42	67	77	26	2	80	11	29	84	2	2	72	93	72	52	7	48	37	9	46	
34	93	27	23	62	59	64	51	50	69	12	82	2	51	23	86	54	97	95	55	
35	83	86	62	62	61	32	67	46	60	82	85	80	33	91	80	96	45	74	14	
On machine	6
85	91	46	92	19	100	25	67	30	73	64	73	82	60	23	21	93	100	16	46	
21	40	94	50	60	60	28	27	38	33	69	16	76	31	36	1	2	5	18	99	
4	28	21	37	29	47	54	42	17	13	86	43	33	2	17	80	71	43	68	33	
50	16	57	82	98	5	19	77	41	14	100	36	77	91	50	54	95	37	64	74	
61	19	59	98	66	67	5	13	59	87	46	15	61	55	44	2	92	58	47	2	
96	27	8	1	22	100	86	60	90	83	12	42	62	44	12	52	49	63	41	4	
2	23	83	88	23	94	1	63	9	51	38	87	49	8	28	90	47	30	9	57	
10	62	33	100	73	3	28	44	9	56	73	65	84	42	26	84	59	64	92	87	
38	86	44	69	92	10	42	46	49	80	77	68	98	73	31	82	32	19	81	9	
98	72	33	5	66	67	94	5	80	33	65	30	9	77	29	19	53	44	52	67	
94	41	59	73	90	52	74	49	69	100	41	95	73	13	96	33	9	69	96	40	
13	78	78	27	17	46	75	84	57	27	70	87	78	69	25	1	54	26	11	3	
66	61	64	21	98	58	25	10	88	40	36	21	98	14	60	74	4	17	29	53	
53	11	49	67	95	78	18	58	79	18	36	19	43	40	66	12	47	42	15	38	
55	53	56	23	89	65	57	6	30	38	15	81	39	22	66	3	94	40	32	55	
58	83	31	99	16	11	88	2	51	4	73	9	99	75	63	28	79	71	19	18	
39	60	93	87	100	85	70	14	93	90	31	94	66	98	35	74	7	37	81	42	
85	68	66	51	76	23	85	82	80	49	65	92	1	88	61	37	25	84	61	66	
6	61	88	10	91	84	84	40	99	62	83	97	31	10	3	19	46	83	30	5	
25	77	73	52	46	3	4	98	35	81	29	79	60	89	48	22	2	30	94	8	
On machine	7
16	97	34	81	8	63	77	53	75	13	81	67	31	78	79	30	73	46	22	87	
90	89	33	29	97	93	81	57	30	96	94	42	38	29	59	89	54	33	76	20	
61	55	74	81	100	72	80	54	79	92	48	5	12	13	74	47	68	54	40	16	
13	74	66	52	24	71	56	23	78	52	17	26	99	69	67	59	99	21	80	64	
94	94	77	65	19	38	88	50	26	38	20	7	95	7	83	85	24	48	63	8	
64	21	46	7	30	100	67	58	8	97	42	79	44	95	27	8	14	52	78	79	
91	50	46	70	62	72	47	85	46	90	27	19	3	15	17	44	16	50	6	23	
59	66	43	66	43	82	50	35	63	72	28	63	24	80	82	63	53	68	74	92	
49	47	50	15	73	11	4	15	45	36	25	32	18	26	86	26	59	66	55	34	
16	40	29	93	83	41	100	17	29	56	47	22	51	36	66	27	45	77	45	36	
61	78	23	54	48	13	38	40	64	15	22	50	77	83	9	45	53	83	13	89	
12	42	35	84	12	34	32	61	25	78	21	55	87	100	63	54	41	42	33	3	
49	24	62	63	48	68	70	83	80	73	48	18	55	94	29	56	55	94	13	10	
81	65	30	86	96	68	40	36	76	67	28	8	63	12	11	21	20	2	46	82	
3	24	64	3	85	80	66	34	12	54	56	20	83	25	11	70	11	22	40	26	
63	81	97	48	37	31	10	44	56	91	28	2	54	90	88	85	69	29	52	39	
46	93	50	59	87	68	79	54	6	40	48	25	43	51	24	79	14	77	85	31	
10	42	74	48	57	26	29	5	41	74	70	88	77	68	88	36	30	51	76	11	
13	17	55	56	2	36	52	94	35	74	29	98	2	16	33	44	55	94	54	38	
44	73	16	99	81	2	5	35	5	64	32	70	53	1	96	50	24	93	46	56	
On machine	8
51	11	81	86	27	9	40	27	34	40	95	71	98	46	21	86	35	48	38	11	
1	2	35	77	14	53	21	35	11	61	4	47	97	42	73	15	59	46	16	31	
24	8	74	80	99	70	19	73	82	85	42	28	9	9	85	69	12	64	63	99	
61	43	56	48	28	7	15	50	2	58	30	38	10	3	31	78	20	5	66	40	
2	11	8	45	45	85	37	62	76	8	21	96	61	41	61	66	46	58	41	36	
96	44	100	28	79	38	65	76	7	74	1	2	11	78	98	24	70	50	12	18	
38	26	54	86	29	51	57	73	11	87	49	5	56	18	79	26	81	63	28	27	
28	35	65	15	49	42	75	79	23	92	26	56	38	30	97	39	66	18	42	68	
47	66	69	91	44	97	21	71	84	5	69	72	38	89	24	80	71	99	12	64	
43	85	10	100	37	45	61	48	14	82	27	28	36	11	76	40	96	54	52	10	
70	92	30	41	43	9	68	48	78	97	100	18	11	29	77	95	80	10	35	99	
85	81	87	27	23	62	28	51	99	63	58	66	87	53	63	36	1	64	95	66	
60	80	37	34	72	74	41	55	28	49	38	99	80	34	57	82	49	25	4	49	
20	74	69	98	91	36	11	58	82	11	32	99	10	19	100	44	51	79	46	28	
31	6	46	42	22	74	60	57	38	12	25	67	41	40	67	61	48	52	86	54	
58	33	95	52	49	76	100	40	20	27	60	39	15	97	32	85	11	93	93	36	
68	38	8	96	42	35	92	66	68	90	16	10	85	4	81	42	34	61	83	36	
82	65	78	97	52	32	52	11	68	22	48	41	22	66	27	2	62	68	28	42	
2	39	64	21	18	44	86	86	98	49	84	16	11	68	85	57	82	87	27	76	
4	18	79	57	62	20	71	21	90	45	55	7	33	85	90	93	14	7	20	51	
On machine	9
43	60	89	91	70	27	56	6	69	85	3	69	59	78	15	49	81	15	78	27	
28	5	6	41	91	54	95	75	11	32	81	34	49	4	89	15	36	24	13	23	
4	24	5	86	51	44	8	67	86	12	77	76	58	38	50	60	76	69	73	46	
90	63	31	13	57	8	2	20	95	12	18	91	14	70	41	98	48	70	5	87	
27	60	21	84	49	60	40	31	20	49	51	85	84	36	43	89	26	89	8	89	
67	89	53	96	38	2	100	91	27	70	82	53	88	85	42	14	93	50	85	26	
90	25	69	55	94	15	7	50	11	35	33	69	63	89	38	67	18	38	50	30	
30	37	87	88	81	96	67	50	49	28	69	85	34	72	50	91	70	92	54	44	
27	22	65	50	93	22	72	93	34	83	19	54	48	1	95	56	53	49	6	35	
36	73	87	50	39	91	22	59	61	13	8	62	62	48	39	12	25	80	13	85	
26	10	46	48	20	53	5	82	46	10	42	79	86	90	50	35	25	100	33	50	
100	32	25	49	58	80	18	23	39	67	1	32	7	19	92	68	61	13	32	67	
86	24	28	100	97	51	64	53	97	48	11	73	36	6	69	58	88	28	14	2	
14	27	5	8	95	17	31	50	19	58	94	67	60	24	78	16	68	41	57	55	
44	77	49	90	9	18	51	43	64	91	67	30	80	28	69	36	49	9	45	76	
18	86	64	21	39	50	90	98	61	24	87	22	42	18	73	73	100	79	21	70	
65	77	41	4	45	56	18	63	76	39	42	29	52	35	15	91	24	1	3	63	
57	52	98	48	85	90	25	2	3	91	78	19	50	12	44	75	32	66	24	28	
61	24	96	88	87	7	14	91	7	39	39	52	80	43	56	20	19	77	40	26	
4	56	74	23	78	22	31	50	47	28	14	6	2	40	80	69	80	6	25	54	
On machine	10
84	64	14	89	66	56	54	100	46	24	48	62	90	73	18	50	14	93	91	54	
93	21	9	11	11	24	74	48	29	42	83	62	98	24	42	44	62	1	41	19	
93	18	8	7	62	32	19	6	57	87	90	66	24	45	61	70	10	99	20	99	
20	47	80	33	45	34	56	45	67	28	80	21	45	20	97	7	13	70	63	1	
9	64	50	27	15	37	93	16	71	55	64	82	7	9	54	32	77	36	70	89	
64	11	40	64	94	94	13	24	94	99	17	62	56	11	48	9	34	27	67	2	
10	4	49	17	56	19	10	8	89	77	30	56	89	35	88	77	85	34	73	69	
81	53	45	88	6	67	90	66	22	70	13	58	28	19	71	64	31	41	32	68	
18	87	87	44	81	93	87	46	81	89	33	53	41	77	51	6	41	43	60	84	
12	53	97	65	73	79	18	7	39	55	83	46	8	95	74	58	43	25	85	100	
21	36	65	10	96	89	75	55	76	58	86	19	80	56	62	78	49	4	80	73	
55	83	64	45	70	29	50	45	67	82	11	42	85	46	68	65	2	67	44	5	
10	77	83	5	5	83	21	22	59	34	85	92	84	9	41	53	25	17	27	47	
35	19	93	94	58	21	99	55	27	34	16	16	49	11	88	46	32	6	1	41	
67	90	96	56	7	65	66	38	95	2	8	78	44	32	75	92	45	56	11	65	
8	34	43	24	97	70	63	98	9	11	14	86	4	21	55	90	56	42	99	33	
96	55	15	25	35	80	34	36	28	83	22	16	43	16	48	91	35	95	69	15	
88	1	8	12	51	75	60	82	9	94	45	99	79	17	51	70	49	27	89	50	
81	55	19	69	81	98	76	31	71	98	24	17	65	78	62	34	97	88	98	45	
21	61	80	56	8	24	88	11	47	54	6	28	27	99	14	95	78	28	51	99	
On machine	11
33	35	78	88	81	18	97	86	72	34	10	16	15	38	32	87	66	40	52	56	
85	9	85	83	16	79	44	43	53	67	24	38	63	87	100	81	72	41	34	23	
95	41	66	51	23	34	75	29	47	21	30	74	4	34	17	87	85	55	76	95	
89	65	84	37	82	18	90	90	71	38	52	43	99	81	57	13	35	12	3	64	
86	18	1	38	12	23	89	93	69	15	88	21	14	13	32	38	46	24	89	81	
54	45	7	78	2	73	72	13	56	93	76	74	23	47	28	57	41	86	90	86	
98	82	1	80	1	57	65	25	82	82	42	1	29	54	2	23	24	70	18	5	
41	42	97	21	75	55	1	5	16	100	97	84	90	71	50	100	92	7	30	98	
52	84	55	27	91	55	97	50	1	11	67	54	48	34	71	34	72	38	55	77	
6	11	21	48	40	56	22	5	78	36	37	5	96	45	7	91	64	45	92	22	
44	74	70	8	70	1	76	92	18	21	13	74	12	23	16	65	39	62	95	99	
69	8	68	72	96	44	73	75	91	60	13	37	11	53	58	78	72	44	55	22	
28	37	29	53	31	87	1	8	75	68	76	69	68	98	80	22	98	31	28	28	
89	82	34	100	88	84	27	42	37	25	24	51	51	63	52	87	35	91	67	27	
10	87	73	26	76	61	81	84	79	7	48	38	86	67	79	48	38	98	12	92	
66	62	94	1	78	26	8	91	45	64	91	91	92	3	56	4	66	33	34	1	
34	72	65	54	31	14	18	81	19	69	63	81	68	100	49	32	74	37	25	20	
63	78	19	6	35	36	80	21	96	53	4	69	10	60	94	12	16	5	20	62	
93	41	85	42	76	57	74	96	14	78	27	15	33	66	93	31	82	17	4	4	
28	9	18	3	3	41	4	57	7	88	12	12	6	81	28	51	9	58	42	10	
On machine	12
95	13	3	44	92	7	65	64	55	52	66	8	68	20	19	59	5	12	18	63	
44	77	23	80	22	87	29	9	11	34	51	95	90	7	68	1	16	17	85	49	
32	50	13	34	37	13	87	58	26	97	30	78	74	17	35	99	53	26	89	49	
94	1	61	58	66	79	14	12	6	44	90	11	97	35	7	92	19	73	94	83	
73	61	23	64	54	83	53	7	38	9	99	66	14	24	21	100	60	44	57	66	
27	58	46	43	97	58	40	21	79	19	95	53	27	4	59	90	30	53	49	60	
9	55	72	73	87	95	16	5	82	66	92	98	20	25	86	25	47	16	84	31	
25	5	80	75	64	39	90	94	54	25	60	63	57	41	91	29	72	12	80	35	
73	15	84	74	12	66	39	43	91	81	45	15	8	22	59	84	43	52	97	11	
98	21	34	79	1	66	19	26	58	27	10	75	38	54	94	88	26	23	90	40	
44	21	80	6	32	76	78	56	84	13	89	21	75	53	86	53	26	3	99	91	
34	67	52	43	71	42	43	49	75	89	63	70	87	78	77	45	86	81	95	76	
37	40	68	27	76	1	71	61	72	67	39	50	59	17	3	56	5	98	42	25	
62	4	79	45	35	12	13	39	17	5	16	74	63	48	45	4	99	74	85	46	
60	43	56	9	22	46	29	55	1	54	38	62	50	10	68	30	59	42	54	26	
28	55	97	71	55	76	88	30	25	8	64	67	36	14	98	2	32	38	89	32	
95	73	21	32	3	72	61	30	84	25	27	20	96	46	100	2	43	32	90	91	
96	37	61	70	68	20	60	3	61	67	82	71	30	79	93	12	56	49	73	98	
97	51	96	60	52	22	73	70	13	93	28	93	63	23	5	52	69	47	27	54	
68	67	68	55	40	34	85	20	42	93	23	39	90	79	41	41	54	100	64	13	
On machine	13
11	25	12	20	97	88	69	24	79	36	24	71	78	55	50	64	16	58	28	88	
46	64	14	26	28	33	96	91	88	55	10	42	47	50	42	19	88	75	51	75	
70	24	48	21	93	75	48	57	30	94	71	77	87	37	72	7	49	100	24	77	
40	28	84	88	79	58	82	47	49	43	14	56	71	63	77	57	98	28	94	79	
46	59	57	42	100	19	45	24	17	79	9	17	100	93	5	53	82	20	99	29	
99	40	35	28	17	20	25	11	60	29	90	36	57	15	56	54	56	67	47	77	
95	64	2	98	29	40	16	6	79	99	87	57	22	98	49	72	4	93	40	58	
61	52	27	12	55	89	7	15	61	38	74	66	64	81	14	4	78	24	13	14	
46	20	45	83	33	68	56	7	81	29	34	56	61	49	23	96	68	63	37	46	
31	56	52	29	77	22	85	12	45	4	77	46	73	25	40	2	84	64	8	83	
12	25	21	10	94	18	82	96	17	20	90	50	3	87	80	28	4	31	18	89	
67	13	89	93	18	94	83	21	95	40	81	14	95	16	31	68	6	61	50	86	
68	32	4	16	15	59	51	33	95	54	52	2	62	6	65	73	28	73	51	63	
4	4	91	54	21	94	47	65	6	9	47	4	90	6	10	77	85	59	54	13	
10	66	59	75	8	28	67	57	52	21	25	98	43	36	38	58	72	34	86	21	
35	5	30	51	14	52	71	16	55	5	40	59	86	58	42	12	78	42	80	60	
99	70	74	38	4	53	45	6	22	4	48	31	5	64	24	39	78	15	93	91	
56	38	40	11	47	74	68	62	17	90	94	77	40	68	79	78	37	29	5	100	
72	58	72	38	30	88	24	59	78	52	93	4	55	50	74	28	27	22	35	79	
32	7	81	21	9	18	28	16	89	89	77	67	91	12	16	30	100	89	70	23	
On machine	14
13	61	4	98	98	50	97	68	64	24	71	56	49	88	16	23	9	76	67	98	
12	33	65	92	27	95	95	2	10	42	6	69	88	18	64	5	64	44	5	33	
49	59	33	100	35	89	4	22	68	72	48	4	72	52	83	37	36	96	93	100	
64	23	55	20	90	47	26	18	18	86	3	95	12	90	61	77	81	58	86	37	
37	65	25	100	1	48	11	15	9	43	83	43	32	10	7	42	79	21	18	73	
73	86	28	31	78	77	75	81	90	35	57	21	84	85	62	26	81	66	35	20	
14	65	60	84	84	44	22	1	81	57	22	87	70	87	9	15	14	95	42	27	
68	39	52	47	3	44	65	77	96	72	72	9	75	41	89	86	88	80	73	3	
16	19	63	46	36	38	39	15	69	13	13	57	90	92	100	44	98	95	9	13	
22	40	45	58	68	35	18	80	99	74	55	26	24	24	20	67	6	43	14	8	
17	86	87	98	55	63	82	37	7	64	34	16	22	32	11	24	89	12	53	47	
17	12	100	59	19	42	66	13	87	86	50	12	18	58	98	40	61	26	76	85	
83	37	19	98	72	67	23	45	74	66	25	59	78	23	35	45	89	25	86	88	
62	17	15	16	11	45	14	37	43	88	93	34	15	20	22	9	21	92	73	56	
89	49	36	55	4	69	81	40	11	75	34	56	58	56	12	71	42	42	26	89	
9	98	75	71	98	91	91	92	6	79	83	55	47	76	83	48	77	73	78	83	
66	61	41	33	2	74	19	76	81	48	61	78	35	12	80	34	53	80	79	59	
25	84	10	25	42	54	28	23	67	47	46	16	48	82	25	81	72	4	82	26	
60	43	27	88	61	8	13	57	41	31	99	66	16	88	48	93	50	95	20	32	
27	29	70	85	78	88	11	27	33	40	77	60	26	91	62	59	21	83	70	27	
On machine	15
62	16	43	47	8	75	70	50	69	95	12	94	60	15	11	95	87	25	30	18	
100	91	4	72	11	93	39	20	60	12	21	96	34	77	27	55	26	41	10	15	
94	5	78	23	85	2	64	54	71	14	39	24	2	74	79	96	73	25	39	57	
28	67	8	50	4	59	26	81	34	54	81	3	52	22	98	44	69	68	26	68	
77	46	97	87	18	29	65	96	73	87	77	48	88	46	29	52	4	5	79	50	
29	48	58	71	90	90	3	88	97	20	88	79	96	84	93	86	76	56	72	94	
14	37	95	30	9	27	75	7	79	23	55	36	34	30	72	63	40	15	36	11	
11	6	78	37	39	85	81	92	34	52	83	43	69	98	74	55	5	36	58	84	
98	48	62	93	23	4	40	76	73	68	14	83	35	66	6	48	36	42	99	15	
30	54	29	36	11	66	90	100	46	94	19	65	80	60	81	18	14	34	15	80	
88	20	19	45	71	22	72	20	82	12	81	86	2	62	73	19	69	5	37	88	
87	30	69	51	37	5	64	13	94	75	82	12	20	82	88	53	61	20	87	7	
16	38	48	69	95	69	50	37	9	27	24	68	6	93	24	57	81	40	19	12	
58	28	66	95	83	58	100	32	62	68	20	70	42	34	59	72	88	24	47	92	
8	82	33	51	78	36	95	17	85	32	91	95	34	57	58	98	92	7	74	18	
17	94	90	33	31	76	58	16	100	19	8	57	69	49	58	42	68	65	38	10	
74	21	21	48	31	86	3	72	76	76	99	96	88	40	70	18	23	94	59	27	
92	91	38	18	81	35	89	27	51	88	6	37	41	38	38	99	18	36	14	41	
97	6	78	96	86	6	40	65	17	100	3	63	5	48	86	55	64	97	27	19	
6	53	36	11	78	53	88	4	16	61	37	42	99	2	56	11	7	90	94	51	
On machine	16
12	58	100	19	65	2	3	92	24	94	17	72	88	54	50	3	91	71	48	64	
43	45	59	48	43	38	52	23	63	23	99	30	12	4	93	7	5	29	61	30	
74	11	33	96	19	43	20	9	71	50	99	44	70	58	24	48	56	63	82	98	
98	70	15	73	24	94	13	73	12	30	64	73	36	33	22	26	71	79	69	37	
19	8	32	97	29	2	82	6	80	67	58	87	77	12	24	96	38	42	50	32	
79	93	73	20	99	20	12	97	72	49	16	75	15	7	66	29	88	52	61	42	
8	12	31	39	89	73	79	16	4	4	44	54	48	66	97	5	30	68	16	67	
99	65	100	99	23	76	78	29	57	97	84	49	79	61	7	84	22	79	52	22	
36	70	35	41	81	40	22	94	98	32	36	17	66	84	63	98	86	52	98	89	
5	60	76	42	77	37	54	95	43	55	27	12	96	47	88	59	6	39	17	44	
92	24	34	38	99	15	49	3	81	7	55	75	8	80	63	25	74	26	26	41	
59	53	9	38	68	45	85	46	46	12	53	87	87	40	36	35	97	22	1	60	
65	16	39	29	46	2	91	23	55	96	60	17	45	31	1	87	44	56	35	14	
1	51	21	30	52	24	94	78	90	38	41	97	7	78	18	92	28	45	60	100	
19	63	53	80	86	64	70	94	95	18	8	58	15	79	39	95	52	61	100	88	
76	53	6	40	38	11	68	50	5	27	87	36	3	65	34	97	9	65	55	68	
92	91	5	64	35	36	75	8	77	98	3	16	40	63	72	36	19	65	40	88	
55	67	29	33	84	41	84	3	77	71	48	100	66	11	77	94	45	20	49	95	
96	100	52	75	17	12	2	3	99	55	97	14	54	99	73	13	83	100	72	93	
67	64	11	29	73	32	66	76	91	99	58	12	1	37	89	100	64	15	80	92	
On machine	17
21	31	84	67	84	72	30	26	19	75	86	72	98	99	26	87	63	16	22	38	
94	74	43	10	83	40	78	9	14	33	83	87	52	23	35	73	40	53	40	61	
60	54	65	47	7	13	67	29	29	49	28	65	10	20	97	31	20	87	55	53	
55	71	45	17	5	75	86	3	53	2	34	68	20	10	47	62	12	88	42	63	
27	82	38	89	49	91	75	21	13	12	63	16	61	39	50	18	2	13	93	94	
14	80	3	24	35	40	81	34	69	86	62	95	28	18	70	59	15	60	90	33	
45	89	91	46	54	36	53	51	84	53	96	79	70	100	58	82	95	55	72	82	
56	71	89	15	65	11	47	93	40	94	53	17	51	57	21	39	90	83	9	68	
44	60	29	27	97	23	20	48	72	4	93	91	9	9	53	47	64	46	68	40	
96	89	2	62	33	78	50	46	55	27	56	8	76	94	49	18	22	45	47	81	
88	22	84	65	60	53	88	55	64	56	66	89	57	11	14	20	98	76	96	50	
24	29	80	16	53	20	46	41	28	33	70	34	18	23	35	43	52	62	23	11	
28	35	56	69	20	42	39	5	15	40	48	29	9	13	83	75	77	14	52	8	
95	4	90	60	81	82	50	29	81	53	84	51	100	40	42	88	58	82	81	35	
90	42	61	14	72	72	42	28	81	7	98	79	75	19	8	44	76	70	86	40	
15	46	2	93	75	38	88	79	44	16	22	23	77	2	14	80	42	34	71	37	
75	55	21	89	56	78	3	26	11	3	78	29	4	94	82	48	21	96	21	98	
77	12	17	99	61	33	91	42	59	56	49	6	97	17	71	84	100	96	36	12	
59	49	87	27	8	39	52	65	84	17	66	95	98	44	28	7	28	100	72	4	
46	57	60	1	86	80	88	71	65	14	32	79	19	32	36	2	58	40	72	29	
On machine	18
41	9	89	91	69	2	59	25	70	78	67	42	33	10	86	76	72	86	78	91	
27	79	98	53	80	35	87	9	5	53	30	90	49	58	69	19	33	72	10	7	
9	23	21	30	56	98	64	93	53	22	92	7	21	6	53	69	52	40	93	25	
48	37	30	92	81	78	75	62	8	30	25	6	91	25	19	64	13	25	96	11	
100	60	73	23	13	91	21	37	48	45	32	55	61	7	81	57	71	12	53	92	
18	72	32	68	25	49	68	87	43	58	31	59	48	75	9	13	19	14	48	77	
25	7	95	88	58	74	67	37	84	9	22	12	21	94	73	73	38	25	88	12	
55	94	46	6	27	25	22	99	59	23	23	17	61	42	7	61	68	81	50	21	
37	39	44	28	88	7	100	3	28	43	40	60	28	11	78	25	25	21	76	25	
99	84	46	91	6	3	71	17	8	52	20	45	87	41	8	67	26	18	24	37	
16	90	9	82	30	37	42	85	3	1	26	85	36	27	5	8	77	74	2	14	
8	16	49	59	47	88	49	52	28	7	20	52	7	55	32	75	42	1	15	63	
21	79	85	51	22	46	96	56	47	15	21	7	41	74	26	74	27	28	24	7	
26	85	12	19	44	57	10	70	90	100	25	54	80	32	39	36	14	96	13	73	
19	35	35	33	33	85	73	79	34	14	35	23	3	29	87	31	51	94	94	10	
42	60	69	54	96	14	87	19	94	79	45	97	41	71	74	92	44	73	31	2	
80	37	38	93	48	74	67	31	89	29	81	2	4	30	75	59	97	13	72	1	
87	16	79	44	2	83	32	16	57	82	65	19	50	29	88	52	98	97	83	86	
48	37	40	60	22	69	38	33	8	87	31	32	4	6	50	48	55	85	5	42	
92	38	57	56	100	40	22	12	67	9	38	82	67	51	13	13	46	64	71	56	
On machine	19
68	30	46	38	93	24	56	29	44	77	76	49	18	80	74	100	82	60	51	81	
1	82	49	12	86	33	78	93	20	27	89	25	67	17	99	84	63	24	67	37	
12	39	67	78	32	91	54	42	84	5	80	64	77	39	49	80	45	57	44	67	
97	42	99	11	90	43	22	9	72	100	12	84	94	47	49	6	46	1	77	60	
88	16	22	74	45	34	67	37	81	51	78	24	43	17	94	4	17	73	2	26	
2	16	68	37	65	98	39	81	65	75	22	94	28	79	82	5	76	49	40	86	
14	47	68	55	39	40	30	26	58	53	36	89	60	78	17	30	1	2	24	69	
46	19	7	42	57	77	8	85	61	77	91	81	14	63	65	92	57	91	85	42	
98	53	46	56	80	53	44	62	67	34	29	68	66	33	64	50	76	83	94	86	
4	29	9	30	51	28	34	97	11	76	37	12	21	92	97	100	77	53	19	42	
87	89	31	99	25	25	8	26	78	43	76	1	27	70	77	64	90	43	69	11	
94	41	54	10	5	97	49	100	74	24	59	31	91	87	93	84	28	17	33	71	
28	2	23	45	5	40	92	4	27	16	84	75	86	11	48	61	51	88	66	62	
32	97	45	96	24	71	44	27	94	5	52	51	95	46	77	15	45	46	42	6	
88	99	12	25	64	15	97	87	14	75	75	66	77	53	71	39	8	53	38	65	
100	83	61	63	93	60	81	40	76	26	97	94	56	44	6	33	66	2	100	61	
61	70	62	100	22	50	24	67	17	81	30	64	84	62	86	66	24	91	91	55	
7	52	67	97	4	89	87	43	55	14	40	51	32	63	86	3	36	10	84	7	
80	89	65	15	31	62	75	62	14	64	22	75	87	19	61	80	77	71	46	97	
85	32	27	27	94	25	90	44	54	27	85	89	16	72	80	65	71	35	41	100	
On machine	20
66	74	24	72	27	59	15	10	52	54	13	15	49	44	20	50	38	72	41	91	
73	18	38	99	20	20	79	92	100	4	3	51	18	22	92	25	79	33	94	39	
44	38	61	87	3	9	49	9	75	93	53	17	79	2	6	77	24	98	99	2	
97	89	53	36	41	79	74	72	88	30	94	55	72	82	8	5	5	92	18	60	
59	81	14	22	100	29	63	35	34	71	61	18	1	90	27	45	80	51	10	57	
94	46	90	18	100	59	79	9	75	40	71	77	9	91	82	54	9	99	100	6	
74	61	77	80	41	26	19	77	7	22	21	11	65	87	10	60	22	66	10	76	
83	97	51	32	41	30	52	68	57	46	10	36	5	10	83	76	8	43	5	80	
29	4	37	43	10	1	15	79	39	73	42	56	11	11	81	13	17	35	51	97	
42	61	51	6	55	73	41	94	10	7	12	34	69	85	17	38	76	13	64	7	
9	40	7	50	85	73	25	38	77	10	76	18	67	5	78	39	99	37	97	87	
7	88	56	25	84	92	80	4	78	90	21	2	32	41	65	14	34	80	20	27	
38	48	93	73	76	9	2	24	21	91	36	13	49	11	49	99	78	67	74	95	
82	37	75	28	85	5	1	42	39	97	94	81	46	20	90	1	36	28	74	95	
71	92	10	12	11	93	66	15	34	57	62	45	78	2	4	8	98	49	36	58	
16	34	62	31	100	24	59	7	30	10	95	65	45	100	12	95	92	19	85	60	
66	84	7	95	23	23	4	5	22	6	75	80	67	38	25	89	52	96	27	94	
40	55	17	80	86	17	74	57	32	76	89	11	3	17	90	34	82	96	40	17	
30	53	37	81	76	49	61	5	26	91	87	41	54	57	15	58	9	66	20	32	
5	89	34	79	36	2	59	24	45	67	57	12	100	79	94	56	32	87	27	33	
On machine	21
70	78	71	53	31	82	30	36	84	33	8	11	60	42	16	25	20	47	13	21	
96	59	2	14	96	53	86	18	85	33	81	9	35	11	15	83	91	29	38	6	
62	7	62	21	67	97	99	100	54	51	11	75	95	15	31	42	78	33	23	87	
17	70	34	100	79	26	9	93	32	99	64	57	94	91	56	100	31	71	29	82	
77	43	23	86	34	82	53	28	17	79	34	63	77	76	24	67	76	10	71	75	
27	70	84	24	84	50	40	38	35	4	23	30	32	46	36	48	3	89	15	26	
46	44	46	9	7	100	96	67	47	87	35	99	71	28	100	50	28	70	69	33	
88	17	20	75	44	38	86	66	73	78	80	9	77	54	57	82	52	69	56	48	
71	48	16	60	56	53	44	15	24	26	78	23	78	52	30	50	84	50	98	27	
37	43	58	80	23	56	88	45	85	73	48	32	92	26	54	58	2	56	61	29	
19	28	71	55	22	95	62	32	99	65	10	75	57	18	16	23	11	62	66	81	
49	50	42	43	55	69	97	100	77	76	62	37	7	57	10	27	90	18	68	99	
82	10	83	20	5	59	24	70	84	92	99	72	35	55	79	46	56	55	85	85	
15	73	64	36	86	24	27	27	75	40	28	96	74	53	9	17	14	82	41	1	
52	63	78	32	35	82	25	4	72	41	72	36	7	71	76	84	9	9	13	92	
71	93	24	69	30	44	10	68	93	22	62	62	32	97	62	88	80	28	16	32	
62	21	70	39	41	64	27	81	84	21	78	77	46	98	97	68	29	56	100	94	
2	43	76	78	64	43	33	72	55	100	90	52	85	92	67	44	24	49	5	25	
68	61	21	57	45	62	99	27	3	4	25	51	41	92	1	83	72	80	2	14	
40	78	27	68	18	54	31	19	32	54	79	10	61	44	56	6	3	87	9	85	
On machine	22
78	49	21	85	60	1	6	69	29	32	86	22	4	35	27	79	43	83	60	97	
7	55	100	47	14	81	41	93	40	67	16	53	70	8	65	4	64	27	1	15	
49	42	16	44	66	47	2	25	25	21	30	38	96	80	36	95	34	61	19	89	
67	32	100	99	85	19	60	9	89	53	89	33	40	9	28	37	70	87	19	10	
27	57	7	75	17	53	31	87	52	20	52	19	16	87	97	77	40	36	77	60	
15	39	3	65	24	15	12	95	99	35	22	12	51	26	38	34	48	83	47	51	
85	20	97	5	38	44	74	49	96	54	64	55	70	43	23	78	53	50	49	94	
41	50	76	54	15	56	46	33	83	96	38	38	40	65	42	88	99	48	4	46	
87	17	64	35	40	70	39	44	62	47	29	54	50	5	95	10	55	86	47	79	
15	72	93	99	16	50	50	46	90	50	17	78	69	43	67	6	79	52	24	93	
31	92	47	81	8	93	58	10	2	86	14	8	60	53	63	22	26	34	40	87	
82	3	11	79	47	69	95	7	45	1	40	76	25	48	77	39	61	56	5	21	
71	2	93	95	23	97	85	28	72	61	67	59	91	43	25	45	93	77	8	94	
40	5	58	79	19	16	24	71	2	53	84	35	54	67	26	5	93	52	59	81	
76	100	50	78	17	17	75	74	30	83	62	89	81	37	13	41	60	73	16	99	
38	71	22	16	11	19	27	68	85	89	72	96	77	62	9	56	73	9	16	92	
27	6	93	48	33	14	95	37	98	13	50	19	79	88	49	93	7	9	25	91	
80	48	54	82	12	11	94	39	31	43	63	96	39	94	5	58	26	34	74	93	
51	8	69	99	73	44	95	30	17	97	36	26	83	98	43	65	88	5	51	79	
15	53	55	33	7	68	32	3	78	27	5	54	31	72	65	18	36	20	64	31	
On machine	23
97	14	72	20	97	16	15	16	98	69	70	42	12	83	10	47	16	91	60	93	
8	72	57	17	54	77	1	68	69	46	56	16	70	86	43	57	51	13	60	16	
87	52	79	41	42	95	38	58	6	60	18	17	53	53	24	17	82	17	28	37	
78	11	3	48	67	19	54	29	33	44	65	8	28	48	7	39	97	8	19	49	
13	98	58	75	38	20	46	36	10	47	45	76	97	4	89	97	50	43	45	83	
2	76	62	11	99	44	91	60	62	65	30	23	85	73	48	82	98	29	49	46	
80	51	91	8	18	100	87	76	37	5	87	54	54	81	8	74	58	82	20	11	
11	64	30	98	71	61	37	8	54	5	74	89	3	37	95	82	30	100	20	26	
33	86	68	79	43	34	18	39	91	74	1	22	55	20	30	62	10	61	22	73	
40	71	91	5	25	27	8	47	32	87	66	34	75	64	81	36	39	53	8	19	
82	99	76	82	10	63	50	8	33	65	21	95	22	45	17	10	17	47	37	40	
74	26	41	85	48	63	99	12	88	91	99	77	2	42	90	79	30	46	9	21	
95	72	27	20	23	49	25	52	78	32	91	96	73	94	44	9	31	90	25	92	
10	80	77	58	35	74	19	79	21	89	88	78	31	77	5	100	23	28	79	68	
69	45	67	75	1	35	89	73	45	70	73	64	100	13	22	12	91	8	56	81	
40	89	98	70	60	80	38	14	64	10	43	88	95	31	9	31	46	29	57	12	
6	100	55	18	85	37	18	41	97	22	96	20	16	96	4	41	94	65	84	60	
25	40	9	60	82	71	30	70	92	52	37	69	11	19	32	92	33	36	75	12	
29	80	12	81	59	71	20	31	44	22	71	80	32	75	71	19	5	73	65	66	
96	34	49	99	73	36	5	75	94	100	28	13	15	69	31	77	69	49	90	66	
On machine	24
54	48	8	38	92	78	23	47	49	20	81	20	85	94	19	23	76	91	19	3	
61	60	51	60	8	68	21	42	28	34	62	11	98	26	34	87	55	69	76	12	
16	73	51	38	64	11	61	36	99	56	12	24	80	37	40	71	51	62	35	43	
56	33	19	100	14	90	73	5	87	18	82	16	3	38	15	8	62	35	61	66	
5	45	1	55	28	92	95	16	46	51	25	32	61	84	80	29	32	63	6	47	
31	79	81	95	62	34	41	12	37	3	36	32	75	78	64	14	72	92	33	61	
23	49	6	3	85	89	88	69	65	1	50	12	70	15	57	47	20	72	60	78	
13	32	76	7	53	91	19	39	43	97	28	85	19	63	46	52	90	100	95	17	
99	10	22	27	43	55	56	70	54	14	65	25	22	31	11	81	52	85	52	65	
88	30	74	29	26	79	31	25	54	6	92	32	45	91	95	9	94	36	90	47	
100	73	15	23	7	4	2	89	91	89	7	46	5	29	71	1	90	76	46	100	
8	69	75	21	97	95	2	9	36	93	64	96	65	58	100	10	33	37	45	3	
12	87	30	99	64	45	81	99	88	78	96	31	45	21	80	51	77	32	64	80	
57	33	76	58	40	58	92	100	62	95	77	41	92	99	47	34	42	63	90	80	
82	28	54	11	86	44	14	54	95	1	84	28	29	85	67	10	52	83	55	77	
83	1	71	68	55	40	21	6	41	82	3	6	4	9	40	9	9	96	32	19	
64	55	8	10	81	53	92	74	75	40	20	31	30	25	65	79	20	60	72	70	
89	18	68	83	27	77	5	55	40	54	31	95	67	82	65	97	68	33	63	52	
58	59	40	27	49	51	51	95	31	21	32	24	15	26	86	21	26	32	55	74	
54	57	5	1	13	30	44	96	75	97	17	83	85	63	84	100	67	43	58	96	
On machine	25
43	60	4	87	14	7	41	5	32	73	73	49	4	40	16	71	9	87	2	48	
7	67	72	11	24	43	34	3	68	4	38	60	40	59	23	57	70	28	93	79	
62	15	39	100	33	28	71	54	40	98	34	9	34	68	39	62	53	19	14	9	
28	100	52	82	39	47	69	8	51	5	28	27	3	89	41	55	74	93	2	40	
38	63	30	72	29	63	97	50	64	94	40	89	58	2	42	14	25	18	22	33	
73	10	37	87	45	94	39	95	49	38	77	67	71	99	25	59	99	3	19	99	
6	10	79	24	21	33	30	6	52	36	79	15	95	71	55	66	15	42	6	52	
62	28	35	71	87	95	20	9	99	42	52	49	49	70	75	13	75	74	99	61	
36	66	89	63	40	12	97	97	2	7	40	70	44	6	47	6	61	69	26	52	
78	96	78	78	73	41	25	54	20	44	30	54	48	74	56	16	59	71	66	14	
90	40	92	64	53	35	67	60	44	42	31	32	95	96	49	8	69	60	26	98	
45	10	50	32	74	20	80	3	36	50	97	92	20	82	51	68	66	2	31	27	
32	1	15	72	90	4	28	6	55	3	41	54	71	97	64	38	23	99	17	24	
14	57	13	65	36	55	47	97	45	77	58	8	85	7	3	52	80	39	65	89	
23	96	46	34	83	100	72	53	38	91	88	7	76	41	91	84	93	3	41	26	
81	77	88	34	70	52	87	60	21	94	67	77	33	20	9	66	5	43	44	97	
90	87	59	28	100	35	19	34	38	85	41	65	3	97	71	81	69	89	42	35	
86	73	29	37	95	98	21	67	47	6	97	100	87	50	61	96	88	98	91	1	
45	88	96	77	48	80	11	86	85	2	58	3	81	5	42	100	31	96	22	77	
85	52	14	78	96	26	36	63	10	82	79	29	19	4	20	16	88	97	30	18	
On machine	26
3	77	58	32	98	25	26	61	17	88	5	22	11	93	38	91	45	13	57	87	
83	20	49	97	21	43	50	93	82	84	96	14	59	3	10	25	27	36	71	66	
22	8	28	53	68	70	27	70	69	62	22	59	59	88	16	74	82	11	68	82	
4	5	47	13	29	70	52	2	26	60	3	69	81	71	80	71	48	87	31	19	
28	96	98	11	5	68	71	18	48	77	47	85	33	69	31	10	52	79	34	32	
32	21	38	86	83	12	70	16	33	88	8	79	39	48	35	37	75	61	7	30	
78	16	85	21	3	97	77	23	70	25	28	37	97	36	53	85	3	57	25	5	
91	83	27	78	83	97	8	99	91	89	63	2	6	50	21	51	79	47	8	54	
72	18	88	47	13	21	13	30	62	19	74	100	93	98	20	42	26	20	92	64	
88	24	80	14	90	91	88	74	69	62	59	78	21	44	56	71	16	15	35	45	
34	41	31	27	21	62	79	91	41	73	21	32	58	3	11	27	97	99	46	63	
50	100	5	7	65	81	78	85	42	38	21	93	26	47	67	46	53	60	93	79	
4	43	92	44	49	24	69	70	50	84	74	60	93	4	61	90	99	12	80	18	
33	52	35	38	60	31	56	46	22	57	95	53	29	19	55	37	27	34	95	30	
84	58	20	97	70	47	100	47	61	46	10	18	41	60	89	40	15	21	37	54	
14	54	15	83	25	13	26	28	47	1	79	70	33	65	76	29	82	16	25	45	
46	58	99	92	81	93	39	98	34	89	31	36	93	80	22	89	36	69	85	11	
91	31	95	40	100	70	97	38	23	60	64	79	25	91	85	44	30	4	60	52	
35	62	30	95	13	80	41	18	27	56	51	93	42	58	6	41	85	8	6	54	
97	76	95	47	70	48	54	2	8	83	93	43	28	27	18	38	60	32	54	17	
On machine	27
96	15	31	3	18	34	51	31	11	5	66	25	90	32	31	18	30	25	97	38	
28	87	7	40	44	96	56	90	23	79	9	91	100	90	39	60	82	1	31	6	
81	88	14	19	25	55	54	74	4	81	13	96	3	19	58	25	90	95	76	69	
4	27	38	80	47	26	53	51	82	28	89	90	62	56	75	10	96	99	36	44	
30	69	72	17	90	70	88	16	86	61	94	99	29	50	48	46	14	81	66	2	
76	99	90	84	37	78	54	56	88	55	33	30	75	27	36	54	4	64	18	2	
11	76	93	39	79	79	19	28	51	28	73	37	79	61	29	74	41	9	55	37	
33	33	94	31	24	68	95	3	92	1	55	92	59	37	5	68	46	78	75	29	
34	34	94	28	79	42	10	40	95	88	74	44	99	40	26	70	76	45	74	39	
37	78	8	60	94	23	3	75	34	45	33	34	93	62	64	91	16	97	42	81	
25	89	70	87	67	28	51	48	59	85	11	93	20	47	11	71	35	98	90	90	
78	12	61	15	67	10	39	56	15	60	22	42	82	55	59	82	2	5	23	83	
37	43	40	43	10	73	95	54	21	12	23	54	53	59	48	92	40	26	28	38	
23	93	68	63	42	76	65	100	95	71	25	59	7	52	66	71	98	16	60	61	
55	7	54	30	78	4	77	90	70	45	58	16	83	54	43	48	94	5	50	71	
52	68	15	42	65	82	26	3	27	100	75	75	4	92	12	13	34	84	76	22	
43	83	28	51	72	62	21	67	4	9	37	14	82	97	41	73	55	71	78	66	
98	82	63	42	29	32	26	2	96	81	88	66	31	37	76	47	25	54	26	64	
30	59	26	6	77	44	41	32	42	95	100	27	28	49	85	52	55	4	88	28	
33	100	63	21	59	22	76	40	98	11	61	87	51	59	75	31	5	81	79	41	
On machine	28
67	55	70	63	60	44	18	4	39	41	86	20	19	96	19	22	7	88	97	16	
96	51	43	30	16	16	93	72	44	9	3	29	75	99	3	47	23	88	61	69	
91	64	42	22	63	78	46	60	96	59	79	48	94	40	9	53	26	91	21	2	
22	30	88	46	90	55	83	23	58	75	30	69	69	15	100	45	94	18	80	86	
10	18	63	71	7	96	46	93	34	76	79	15	16	92	80	75	30	73	20	92	
58	55	13	29	49	13	10	10	57	60	74	20	43	29	24	96	78	6	26	14	
67	89	37	88	93	40	100	15	79	25	19	86	76	80	100	43	22	45	53	45	
92	9	13	40	48	67	87	80	46	60	28	87	8	25	75	29	47	86	84	84	
6	42	35	94	79	79	74	16	52	88	4	65	59	58	70	76	2	91	43	85	
1	4	68	25	66	80	54	66	79	22	15	32	81	38	54	81	78	45	72	82	
86	57	37	6	57	72	24	41	88	18	97	20	34	72	43	28	67	31	82	13	
51	2	38	21	76	84	65	11	76	39	96	43	59	16	31	64	99	29	70	22	
13	82	18	4	94	53	85	36	65	78	50	63	42	16	70	16	32	1	35	39	
89	45	47	90	73	11	46	30	56	63	11	78	26	51	96	20	66	97	12	27	
52	83	8	37	52	17	78	2	69	2	96	10	84	16	55	88	85	86	1	68	
76	52	16	58	69	60	74	89	67	67	88	21	32	80	62	96	24	2	25	21	
71	68	83	61	33	88	99	81	95	12	24	25	96	6	42	7	70	65	47	84	
95	94	70	87	40	15	99	83	37	76	83	61	34	40	56	29	85	15	2	85	
71	99	46	54	11	66	47	66	95	69	73	12	86	85	4	59	56	26	84	19	
1	6	7	44	76	20	27	55	48	16	43	100	52	1	88	53	42	93	44	51	
On machine	29
80	11	18	84	69	100	94	90	58	71	58	25	69	25	26	61	76	62	63	22	
41	56	77	14	4	42	43	42	11	56	98	69	13	51	17	40	8	71	91	12	
72	54	54	68	14	65	60	34	7	76	21	7	63	95	12	86	69	93	95	85	
85	35	25	23	89	18	52	54	28	66	97	66	43	16	47	42	39	33	37	12	
96	29	87	19	32	47	58	55	46	93	41	97	91	33	45	13	40	69	82	97	
84	62	51	30	60	28	18	16	90	97	43	74	94	13	64	15	77	78	76	4	
63	51	86	61	17	100	48	95	90	10	88	18	42	77	99	86	73	20	33	46	
56	43	27	2	34	67	58	31	44	44	47	35	55	75	11	67	99	63	33	75	
37	7	49	87	90	4	36	11	90	35	83	72	44	85	47	79	77	7	84	39	
22	63	80	68	71	79	94	62	44	51	25	21	52	81	24	5	87	57	57	68	
81	12	84	60	27	73	92	61	4	21	67	41	99	2	99	80	63	69	18	17	
7	85	50	33	42	53	98	75	10	53	72	34	34	66	40	52	5	13	25	50	
63	48	69	44	4	73	14	73	20	12	70	35	4	25	17	72	99	18	68	37	
61	18	78	37	4	29	92	100	54	53	72	14	7	35	47	25	1	1	18	73	
42	33	13	12	70	72	97	37	60	63	40	22	49	57	32	10	75	41	72	42	
15	77	82	42	71	24	88	81	64	78	28	64	25	59	61	93	36	34	88	38	
20	4	21	74	42	98	75	13	49	83	86	34	8	20	73	51	74	15	21	100	
12	6	97	15	2	98	44	10	72	100	5	1	35	75	71	44	17	71	64	48	
4	64	16	59	50	34	59	95	94	37	85	41	46	74	20	71	2	34	12	47	
97	36	27	60	73	45	7	71	37	71	59	67	29	51	6	13	9	20	67	40	
On machine	30
63	15	93	97	63	7	95	40	82	9	30	39	61	73	22	6	69	42	44	70	
33	93	14	76	95	91	23	41	43	68	16	73	60	35	33	79	89	33	7	88	
1	76	79	32	82	86	51	98	16	7	56	54	18	90	2	99	10	37	36	25	
15	37	12	45	64	34	95	75	77	45	47	75	69	30	30	34	95	50	22	95	
9	37	85	49	8	95	58	54	97	90	41	89	44	45	57	11	67	88	25	88	
45	86	19	74	65	99	74	58	59	9	52	48	100	75	74	98	53	83	45	26	
12	83	14	3	21	21	72	7	89	18	48	44	2	43	9	15	25	83	4	64	
26	94	24	90	89	76	29	41	43	96	53	45	27	91	78	21	31	96	45	11	
26	2	40	11	3	8	75	74	25	95	37	47	4	32	49	1	18	75	75	89	
18	24	24	39	76	17	43	62	88	86	64	57	49	36	51	95	99	33	27	16	
48	20	40	49	34	8	1	65	24	24	12	83	26	86	40	18	6	16	4	87	
10	20	96	50	72	12	37	85	12	34	47	15	36	73	26	47	73	11	82	13	
71	42	25	93	23	55	71	59	65	95	92	18	38	84	88	30	35	75	34	54	
35	75	69	39	4	12	60	62	78	52	93	65	72	76	62	20	25	29	32	72	
77	68	62	22	8	89	11	3	51	5	3	69	15	7	99	69	96	33	48	38	
78	33	70	70	82	96	73	29	6	5	27	62	44	15	7	52	25	44	39	20	
2	22	88	66	93	57	86	68	88	25	1	48	19	35	60	17	61	15	20	54	
2	92	89	95	14	48	14	54	6	21	20	8	68	59	58	19	24	1	11	40	
69	51	99	83	28	8	45	52	13	75	33	49	32	73	22	92	82	69	12	81	
79	43	42	36	72	21	88	77	99	57	9	21	55	92	46	38	39	89	16	34	
On machine	31
43	69	69	58	79	26	72	50	6	81	86	90	8	6	27	22	95	41	7	3	
14	12	66	97	19	10	79	91	84	65	38	71	92	60	27	87	37	70	31	77	
16	88	77	11	70	66	53	36	17	30	8	87	86	60	10	85	43	8	25	38	
9	83	42	31	3	55	69	24	26	48	81	83	8	50	48	1	8	94	17	37	
51	72	97	18	92	18	9	7	47	100	73	100	67	46	64	95	56	57	15	79	
69	100	87	39	57	84	44	35	2	89	77	55	12	54	18	92	18	47	30	57	
30	71	86	56	68	28	89	12	18	52	52	100	7	100	94	55	67	69	22	52	
85	77	10	62	41	45	86	28	29	71	58	74	55	94	15	33	29	32	85	50	
15	49	94	99	56	14	72	42	48	24	83	42	53	75	71	61	95	62	8	28	
23	28	23	14	67	77	3	94	56	36	95	68	36	60	54	40	69	36	89	32	
10	70	85	66	23	24	17	84	80	22	3	69	84	11	91	39	3	71	53	76	
60	81	91	58	46	67	88	22	74	65	53	67	73	36	84	55	89	59	91	65	
70	7	98	74	91	93	42	89	83	25	58	91	97	11	55	67	7	7	100	25	
93	84	47	32	1	35	26	44	93	73	77	61	14	82	88	87	62	44	28	35	
25	63	75	28	12	75	8	51	18	100	81	62	91	1	37	3	84	99	12	93	
85	35	53	49	25	46	11	4	94	65	45	15	91	66	31	48	87	56	83	28	
60	44	8	67	25	32	34	21	44	90	62	23	64	87	9	68	65	43	35	14	
39	3	73	13	1	91	82	17	70	95	6	35	92	86	72	73	43	98	24	20	
71	32	27	13	9	28	73	20	45	4	31	23	67	45	60	61	59	59	12	25	
72	100	2	4	43	72	51	14	60	15	97	44	7	6	12	77	82	81	71	49	
On machine	32
76	66	42	89	34	91	80	7	87	72	2	75	48	92	97	29	91	64	58	69	
26	15	80	88	93	73	51	38	78	46	23	39	2	78	85	71	16	15	39	41	
41	21	38	37	6	15	99	45	85	74	91	25	40	85	99	80	50	39	28	19	
1	93	30	88	44	93	25	38	84	34	62	2	51	33	34	24	53	81	92	59	
9	35	70	77	30	48	14	94	2	77	99	32	47	81	69	18	82	100	28	36	
17	67	74	53	9	99	86	69	80	77	22	31	49	54	55	87	58	90	42	31	
22	89	4	82	67	75	88	100	12	18	90	80	27	18	48	76	21	11	7	30	
38	71	64	5	23	76	76	6	77	63	39	83	35	58	60	73	27	92	19	33	
85	77	44	22	20	96	4	29	100	65	13	20	94	41	100	75	88	24	72	20	
5	93	91	67	29	65	69	5	84	39	58	42	67	13	100	27	58	40	21	88	
14	1	36	80	86	89	13	43	11	4	69	34	29	98	15	93	67	11	11	95	
86	33	13	40	97	61	15	7	42	87	38	18	39	21	77	23	30	49	23	90	
57	75	90	6	31	84	98	22	90	20	1	20	4	38	25	28	84	74	39	61	
12	46	82	88	36	60	45	67	99	56	92	56	90	50	62	100	37	99	75	52	
85	18	71	65	44	28	19	74	77	61	72	99	35	41	38	32	31	99	86	55	
77	63	41	66	68	56	66	68	48	12	78	22	16	55	34	78	81	29	91	20	
26	21	82	28	69	44	16	9	89	13	95	31	33	27	37	84	95	89	83	23	
74	14	54	43	85	72	37	51	24	98	90	12	23	76	91	1	34	77	37	99	
8	99	99	72	52	80	78	85	34	21	16	5	80	88	10	30	89	3	74	49	
12	2	95	8	12	100	99	46	12	12	91	95	27	14	56	42	57	48	65	21	
On machine	33
24	100	44	59	21	41	33	49	49	83	100	80	78	8	83	1	100	16	58	59	
76	52	73	88	82	59	95	41	66	93	27	6	92	65	24	14	62	92	50	37	
2	39	24	43	33	60	18	46	79	37	61	43	79	10	33	98	5	6	81	60	
32	83	71	17	7	100	10	57	70	64	8	97	12	57	61	75	1	62	19	85	
96	61	69	44	50	13	81	31	80	60	15	75	90	90	4	36	80	63	36	83	
54	44	79	41	65	43	37	55	39	60	54	67	81	59	33	47	29	86	20	95	
24	9	32	41	97	69	1	11	24	36	13	73	70	60	93	97	57	87	21	18	
79	60	98	12	92	69	33	38	25	48	63	70	17	18	35	41	16	89	27	42	
42	51	51	25	82	80	50	65	58	52	91	49	58	93	48	6	64	16	76	44	
59	77	63	88	24	82	79	20	25	70	20	50	97	54	12	92	9	94	49	67	
92	2	7	27	11	11	41	78	38	60	56	70	1	79	55	67	8	85	6	34	
62	86	19	12	89	56	94	86	70	37	66	77	75	29	10	37	45	69	90	1	
5	27	2	42	79	64	53	37	27	44	82	53	51	91	66	85	68	23	34	34	
18	29	84	26	91	57	12	99	16	47	30	97	56	52	38	81	16	83	52	24	
50	77	58	70	24	77	42	62	78	70	7	90	81	39	54	45	7	94	28	92	
78	10	58	66	15	30	40	68	66	90	70	7	52	40	47	5	85	53	30	5	
56	37	70	41	28	52	22	16	33	94	92	87	23	4	26	82	86	25	77	10	
43	40	66	14	75	84	12	51	24	63	50	83	57	43	65	59	4	15	60	36	
8	46	3	99	12	89	33	18	63	43	29	7	31	98	81	35	99	9	40	100	
44	24	56	14	77	35	97	50	69	71	14	68	26	53	71	8	81	93	100	60	
On machine	34
90	95	82	76	83	2	29	13	71	24	98	98	19	63	96	22	64	70	70	41	
17	26	83	21	43	11	78	30	89	57	62	39	9	66	97	10	8	95	79	43	
95	2	2	21	8	21	96	99	37	53	66	27	66	17	94	5	77	95	81	81	
93	15	42	61	35	94	74	46	16	48	39	89	51	46	91	24	91	80	4	32	
34	57	10	86	64	5	43	57	91	16	96	17	99	98	59	85	89	24	4	27	
96	28	25	9	14	26	24	69	15	66	15	18	34	94	83	27	95	92	100	33	
12	4	60	5	80	18	34	25	62	34	96	20	30	7	83	34	88	31	51	33	
22	45	34	44	77	98	19	89	8	87	24	56	53	31	54	73	9	47	74	12	
21	18	66	83	2	25	58	81	44	25	69	77	80	100	6	57	41	31	16	55	
79	93	96	61	47	80	32	92	26	3	21	87	34	89	79	77	11	25	7	15	
47	71	7	28	90	42	91	35	76	87	86	28	54	88	74	20	92	16	34	93	
59	14	83	39	11	66	34	61	44	16	50	96	73	97	39	52	27	70	19	86	
93	23	51	21	55	51	45	96	46	14	55	13	34	44	99	36	20	12	35	39	
25	55	10	20	77	68	73	68	16	51	58	4	23	59	75	90	42	95	58	48	
31	91	58	47	29	36	64	85	41	25	11	95	58	23	14	46	30	83	64	36	
95	23	98	54	3	60	61	31	35	100	52	97	58	8	71	97	38	2	93	2	
50	13	69	94	100	72	26	34	55	87	18	16	74	45	16	80	22	17	37	36	
57	83	59	85	61	50	32	39	86	2	53	60	55	48	86	70	42	46	64	12	
54	42	12	90	10	5	3	25	15	9	89	89	23	70	89	65	94	59	6	61	
19	52	69	73	7	25	1	75	84	26	10	88	62	32	30	75	74	89	78	23	
On machine	35
60	89	89	84	37	61	26	34	43	64	4	62	29	34	21	79	33	90	41	16	
85	45	79	61	7	60	56	62	98	45	66	64	45	12	22	46	93	80	32	33	
64	75	8	89	67	54	11	11	58	5	59	86	30	77	49	39	97	54	69	20	
40	54	86	33	54	61	87	73	44	75	64	29	78	76	52	86	76	46	93	1	
17	32	75	61	31	38	49	68	21	36	57	2	57	75	5	59	6	90	46	41	
72	10	39	38	11	5	21	100	15	68	62	18	16	4	73	56	97	45	60	2	
20	49	76	16	66	26	47	84	70	84	89	37	57	44	77	50	41	72	73	43	
29	6	38	38	4	2	6	40	2	73	7	64	68	78	17	63	58	36	88	53	
10	12	43	85	53	88	8	7	69	91	31	99	40	39	28	4	98	27	90	35	
42	34	6	8	98	82	2	33	26	26	38	53	77	99	81	74	17	57	52	86	
47	95	44	11	26	57	51	65	25	25	50	75	53	2	69	38	38	36	25	42	
32	57	60	3	64	18	6	73	30	4	96	34	3	90	11	42	17	60	74	73	
66	60	34	68	99	50	1	7	5	90	94	82	18	64	23	49	59	14	36	86	
57	41	95	53	22	3	32	10	73	93	73	77	67	48	69	59	4	45	2	50	
79	91	41	28	12	12	51	9	76	65	55	10	84	15	50	31	90	24	92	72	
76	30	39	80	17	39	43	22	5	67	25	17	55	15	31	87	88	51	81	64	
60	84	20	68	66	55	16	40	26	88	4	50	11	30	65	85	39	94	26	18	
89	75	59	29	90	3	99	52	37	98	86	14	26	13	3	76	94	73	8	44	
92	3	63	69	29	66	9	98	22	77	13	68	40	64	67	14	59	86	55	65	
5	89	59	13	83	9	43	55	42	56	66	7	98	46	51	89	29	31	6	15	
On machine	36
84	28	32	79	31	80	3	30	2	25	99	94	35	7	56	27	59	46	92	66	
31	49	44	18	74	5	66	13	60	30	38	38	67	48	90	57	83	75	33	20	
1	1	4	17	54	15	29	2	48	53	97	90	35	42	2	94	79	63	68	81	
74	30	37	51	88	69	56	25	36	19	46	10	2	55	14	43	12	3	41	13	
19	100	94	1	95	7	92	71	89	7	39	36	37	92	92	58	11	54	99	89	
34	66	75	3	41	21	10	57	62	68	64	72	35	80	7	57	51	11	16	7	
19	82	64	84	69	71	4	4	100	73	85	71	87	34	1	6	17	92	12	39	
61	98	83	6	72	81	63	3	73	79	39	33	82	31	63	13	20	50	36	19	
57	72	19	89	17	71	46	50	71	35	31	72	96	72	69	40	86	7	47	94	
5	42	34	14	31	39	85	75	58	88	49	72	46	13	100	65	49	94	61	68	
47	96	9	69	76	2	81	19	73	91	60	100	25	70	59	95	54	20	21	81	
65	18	32	11	82	44	98	31	95	70	48	20	3	18	98	27	43	41	100	32	
33	72	56	89	2	68	5	79	1	6	10	59	95	21	68	51	68	13	33	41	
13	50	66	64	87	25	56	28	31	20	92	47	66	84	1	100	73	27	46	89	
69	76	18	37	81	13	46	40	45	15	72	53	24	91	50	52	82	27	81	87	
80	11	15	8	69	56	8	99	23	43	28	11	91	59	53	15	73	21	42	20	
23	30	48	1	47	39	56	37	86	27	80	98	71	54	84	3	16	53	59	82	
20	75	23	66	92	80	58	38	19	35	58	27	60	28	62	1	42	5	75	27	
16	51	18	2	72	12	100	99	26	47	60	92	51	53	79	85	12	24	63	51	
69	82	40	94	98	51	13	67	34	34	47	31	68	75	72	57	13	100	99	61	
On machine	37
66	86	44	31	52	45	11	60	67	20	53	63	86	96	76	45	42	92	59	81	
84	48	61	73	85	66	57	48	33	31	78	40	98	51	4	31	99	23	33	41	
85	95	79	15	37	28	68	75	45	65	46	71	51	12	75	42	11	7	94	52	
35	25	87	45	86	60	77	75	12	83	68	27	37	93	22	29	69	93	26	94	
52	2	76	37	74	90	31	31	89	41	1	49	44	71	48	97	15	62	11	82	
48	11	59	18	28	35	53	32	2	95	86	60	24	24	18	93	38	56	8	32	
21	76	11	45	1	63	45	70	86	39	50	26	20	18	57	55	81	80	57	39	
35	60	75	44	75	74	37	92	18	45	60	90	42	97	88	35	13	64	21	72	
79	79	85	1	26	3	24	95	78	47	82	54	10	48	95	66	95	11	95	2	
7	90	49	68	4	15	9	4	58	96	94	63	10	16	2	60	25	17	37	93	
53	49	70	86	4	86	47	51	87	41	13	46	35	60	51	99	36	9	27	48	
76	100	5	51	23	87	100	83	7	97	50	35	86	17	25	44	31	80	64	52	
82	58	78	99	18	12	14	29	12	40	15	54	31	17	73	99	15	64	26	68	
57	13	5	80	41	9	73	61	47	36	45	48	88	60	28	51	33	65	36	17	
40	67	44	79	39	31	2	64	94	33	24	94	84	95	100	58	21	40	90	39	
100	40	66	1	80	45	54	1	5	46	9	77	71	92	43	21	100	96	85	21	
40	18	10	51	52	32	42	47	10	34	25	21	10	7	36	48	73	82	45	99	
81	42	40	97	80	71	45	36	100	11	35	72	3	19	74	77	94	78	30	23	
68	26	58	1	75	36	100	42	10	25	32	35	35	68	63	60	11	36	37	86	
64	84	85	45	14	69	40	57	34	8	57	10	24	48	34	89	43	71	24	59	
On machine	38
6	44	17	87	59	54	59	83	22	31	40	26	39	41	80	76	53	99	37	81	
33	74	8	69	8	26	19	98	27	83	3	77	69	5	13	96	7	66	36	47	
99	11	31	40	43	33	41	71	98	100	13	80	69	59	3	29	50	61	14	65	
44	64	85	5	13	53	3	62	72	8	81	94	33	74	41	56	52	14	23	85	
8	4	45	51	81	89	68	42	82	62	19	39	51	2	13	9	81	45	49	65	
88	98	17	38	61	7	24	77	28	21	52	64	60	69	23	7	86	76	73	33	
35	97	4	25	35	62	65	48	20	11	7	17	80	35	28	88	2	98	69	51	
33	69	7	100	57	2	83	68	21	7	3	32	56	32	90	17	66	52	10	29	
53	12	24	58	18	17	26	25	22	73	86	83	88	80	39	29	94	75	59	44	
73	86	100	60	83	98	84	27	74	91	41	77	54	47	81	14	64	64	100	14	
40	24	48	8	37	39	42	24	40	46	87	89	34	18	23	1	26	84	63	89	
32	18	39	2	15	57	35	49	67	70	3	14	60	18	98	39	91	51	51	37	
21	33	7	48	28	82	20	7	63	96	15	54	67	92	91	20	7	92	1	21	
37	40	31	5	88	63	6	33	36	30	51	80	62	54	12	98	71	96	96	6	
70	49	21	78	52	8	99	50	22	63	10	86	39	9	21	40	97	12	54	57	
17	99	16	6	55	69	79	16	92	45	75	46	42	60	84	9	65	46	92	37	
63	2	83	8	90	41	79	40	16	28	40	88	7	1	54	17	40	58	100	46	
62	78	68	74	83	17	20	10	8	24	92	29	13	35	76	39	27	73	13	2	
59	99	93	61	76	83	4	30	41	53	55	25	17	64	2	61	42	77	39	100	
23	6	30	92	95	7	2	26	41	26	81	66	44	69	77	69	1	63	32	33	
On machine	39
37	32	91	99	19	11	66	33	39	89	23	75	29	82	3	82	12	80	14	60	
4	96	47	61	79	43	16	4	61	8	5	88	4	89	15	42	85	89	10	67	
38	6	64	74	12	26	69	95	32	34	59	32	14	90	90	27	40	34	53	24	
25	21	19	68	21	81	24	14	71	86	54	43	43	77	39	13	8	4	76	36	
77	44	91	60	83	66	10	45	49	5	42	34	75	65	74	67	5	49	88	28	
18	27	99	15	73	87	41	66	44	13	89	97	24	83	74	52	2	87	47	95	
99	42	56	4	20	60	52	72	32	37	35	28	55	77	16	67	64	74	31	90	
30	65	100	97	7	67	55	85	91	82	90	40	45	81	70	68	5	9	45	33	
89	81	1	77	28	22	80	42	81	16	23	49	55	6	25	56	73	97	86	58	
80	35	52	44	87	19	60	49	32	96	74	50	49	85	93	10	75	20	65	60	
25	30	11	66	78	37	16	30	59	65	69	10	79	55	67	55	96	38	48	82	
9	68	34	96	56	58	85	66	39	54	73	31	90	12	75	15	27	24	26	69	
30	93	93	88	78	12	17	70	11	80	92	47	30	90	63	33	76	100	81	20	
18	56	11	33	31	91	49	25	84	51	6	58	14	37	57	67	65	78	40	71	
2	22	24	61	96	71	53	6	46	59	4	31	15	95	90	23	80	81	64	100	
77	61	94	57	39	11	65	84	61	4	52	56	25	40	79	36	57	51	33	11	
57	17	60	69	51	33	88	21	60	24	6	67	77	10	1	65	83	23	24	15	
88	16	27	88	20	34	51	68	44	86	26	13	60	36	91	73	92	47	66	76	
66	21	28	75	52	68	27	48	58	57	72	5	4	65	80	22	6	11	91	95	
88	58	5	7	72	41	12	19	81	6	45	76	13	40	39	94	92	87	23	32	
On machine	40
32	83	50	64	50	86	88	69	62	54	92	29	86	76	86	79	23	69	87	13	
19	97	40	72	33	26	75	55	76	54	51	36	67	79	85	46	68	63	78	85	
90	24	99	74	17	30	50	25	61	3	88	44	22	20	100	9	3	42	4	59	
39	85	3	2	52	46	52	59	82	5	49	18	49	40	72	88	58	98	73	51	
88	83	17	86	83	12	93	67	22	67	55	37	13	12	100	65	24	36	23	43	
34	96	40	79	18	91	21	53	74	63	9	30	97	34	7	41	44	47	62	73	
17	87	32	37	36	73	72	27	67	47	24	61	38	1	44	4	99	56	82	44	
18	83	47	51	6	7	8	67	29	4	7	14	6	85	4	53	65	64	89	59	
76	28	28	22	6	11	9	17	34	24	51	45	86	40	84	17	87	16	44	65	
73	48	89	50	15	90	90	7	74	47	41	85	64	37	33	8	64	19	82	57	
98	99	40	29	16	42	3	50	38	62	41	83	5	48	27	83	32	61	69	41	
99	6	51	87	65	74	67	79	78	1	5	12	27	91	81	71	16	81	48	50	
98	52	6	91	40	47	55	3	86	18	10	49	98	33	67	8	1	37	17	79	
37	84	87	29	12	72	90	36	8	83	19	42	55	71	95	51	42	43	50	46	
82	90	93	3	63	34	9	93	81	23	22	25	45	38	17	96	9	94	60	69	
24	86	100	76	22	99	31	52	30	54	11	35	92	99	47	6	39	95	9	97	
23	49	24	30	81	8	7	94	15	64	12	28	71	63	61	14	91	11	28	50	
28	34	21	96	83	10	84	85	76	84	21	54	39	85	55	79	74	10	69	35	
54	97	15	44	8	51	43	70	30	8	74	35	49	28	20	96	54	42	49	33	
56	34	19	35	66	41	83	5	50	72	70	19	99	49	68	96	16	27	93	63	
On machine	41
48	74	72	57	57	89	7	100	21	29	46	68	76	51	52	22	15	68	91	79	
31	2	36	45	53	59	74	62	100	50	4	5	78	77	95	95	90	9	65	31	
88	94	48	51	49	96	9	8	31	23	96	53	86	30	98	66	84	79	31	6	
28	37	28	38	31	42	83	58	16	89	9	29	84	4	61	87	20	74	24	58	
6	31	35	36	62	33	14	37	46	16	97	60	97	24	19	54	10	91	36	51	
41	1	21	69	16	23	39	32	66	61	20	84	87	32	54	60	59	6	59	14	
54	54	86	92	19	10	22	92	95	97	50	22	30	85	62	77	33	95	62	13	
15	41	50	38	58	56	39	70	66	76	30	80	52	86	94	47	12	95	20	47	
64	3	32	49	83	14	66	8	96	100	47	42	82	34	75	43	78	92	82	64	
77	81	32	55	100	71	67	6	12	7	25	11	17	29	31	59	24	10	61	28	
24	1	7	85	15	57	9	12	79	34	66	25	16	86	33	39	51	2	62	86	
52	70	18	6	20	35	29	1	19	97	72	80	21	57	39	9	96	38	50	69	
10	77	57	18	77	35	77	4	55	9	9	14	39	53	12	37	71	37	14	13	
87	33	91	63	97	59	55	90	48	55	66	76	29	34	29	79	69	30	13	54	
92	11	95	66	60	14	25	29	55	91	94	89	53	97	53	38	69	49	36	51	
11	27	42	47	20	54	70	21	75	52	25	71	30	55	68	30	3	89	19	52	
90	13	49	20	26	52	72	60	64	88	60	27	73	48	61	90	20	33	69	72	
80	35	62	23	22	76	93	15	56	83	46	53	80	36	12	92	57	73	86	31	
3	37	85	69	41	71	33	92	1	92	96	83	50	43	35	51	25	19	83	95	
15	85	37	61	75	55	74	57	23	18	46	5	45	50	100	90	39	46	4	14	
On machine	42
2	8	45	85	30	26	20	64	93	49	88	57	81	82	92	60	30	53	55	2	
86	64	71	19	2	19	68	74	2	82	20	47	72	7	96	38	21	68	39	95	
82	96	54	53	70	93	6	94	11	56	38	90	4	84	88	36	12	76	89	48	
27	23	93	21	79	17	34	92	36	9	1	61	66	57	17	96	35	4	73	84	
70	35	84	15	15	32	78	76	32	7	75	12	65	93	48	64	40	53	81	18	
31	79	40	26	69	5	30	80	5	67	78	96	89	91	62	4	10	51	2	32	
64	11	9	44	76	81	65	94	77	34	29	65	47	25	35	1	54	1	3	81	
15	99	42	83	61	80	69	46	17	60	9	71	80	73	14	4	37	9	21	10	
49	35	72	67	3	49	52	64	14	52	38	7	19	14	69	70	44	84	50	98	
51	63	23	47	48	75	47	37	75	60	5	35	83	19	85	61	20	63	68	98	
16	5	20	67	72	71	41	49	25	99	28	36	9	54	72	94	85	28	35	30	
26	60	82	92	21	64	62	85	30	60	44	60	79	55	36	85	17	50	80	50	
27	88	18	61	51	98	90	53	78	87	3	38	96	41	14	58	11	64	72	26	
94	50	22	71	26	98	9	93	83	62	91	50	77	96	77	37	46	71	4	91	
92	75	19	90	79	33	14	29	47	72	91	42	48	35	69	87	79	37	78	38	
35	78	27	83	94	99	64	81	16	57	81	83	38	59	46	52	58	34	48	90	
18	46	96	22	62	38	52	44	70	79	70	2	99	40	45	83	76	30	84	92	
33	39	58	9	55	24	29	11	9	1	61	16	3	87	17	97	91	17	91	36	
96	66	57	85	21	38	30	16	67	70	42	50	15	12	26	81	89	22	95	61	
65	2	76	81	22	16	71	81	95	20	14	87	12	79	95	46	78	24	93	22	
On machine	43
10	26	57	72	44	49	84	88	92	88	59	89	95	69	39	41	74	49	55	88	
25	5	98	85	61	58	37	13	86	7	94	13	70	86	13	41	93	92	35	15	
67	33	38	75	53	89	1	39	36	42	72	57	35	85	61	27	28	45	5	47	
72	51	82	41	56	60	74	96	36	45	45	38	82	85	100	26	33	45	56	84	
65	90	74	83	50	5	86	58	100	67	73	18	5	62	8	17	34	73	61	98	
13	60	12	100	43	46	94	48	66	90	82	100	100	61	96	90	88	34	27	47	
7	59	78	69	61	45	22	66	57	32	80	64	55	95	29	34	40	37	53	79	
95	1	61	34	38	74	92	47	93	9	19	23	97	92	84	72	23	62	14	57	
48	55	96	42	38	11	19	73	46	69	47	30	50	47	89	69	89	93	33	19	
79	40	7	11	18	28	4	40	47	71	61	5	14	81	27	83	96	2	58	66	
59	33	13	66	15	25	24	50	70	53	37	45	62	64	78	87	76	9	97	72	
98	20	44	10	61	95	7	75	31	48	39	99	20	31	87	26	1	64	94	86	
79	6	84	60	33	92	85	63	90	56	80	76	58	79	58	11	100	63	74	79	
98	76	20	74	92	76	12	44	68	41	22	93	64	96	55	63	31	92	31	90	
5	73	1	78	27	71	1	97	97	14	18	72	3	99	86	83	50	42	26	69	
27	20	43	22	24	68	3	64	25	77	21	36	88	16	100	5	22	37	34	12	
3	39	31	66	73	85	65	87	52	1	11	37	56	35	13	69	64	26	56	74	
49	16	28	85	82	14	21	46	8	62	80	31	2	43	74	87	15	31	21	3	
95	72	17	31	82	65	35	100	37	12	95	63	53	95	39	55	60	73	78	88	
33	69	27	20	68	57	45	51	85	39	4	13	39	60	77	72	16	29	80	100	
On machine	44
94	43	10	11	7	65	33	2	50	52	41	74	45	5	75	49	15	6	41	30	
15	2	25	47	53	87	51	71	37	87	47	86	47	10	51	17	3	16	68	99	
66	16	61	87	6	34	58	49	29	11	32	97	42	22	50	49	11	6	77	79	
100	90	25	97	13	79	92	51	76	47	8	25	82	71	10	44	87	70	74	57	
91	88	84	17	63	11	44	67	69	32	89	40	98	37	100	85	87	56	50	26	
58	54	89	71	41	98	86	99	86	22	36	87	6	62	42	78	94	55	31	94	
16	3	41	78	17	57	25	12	53	46	7	100	78	46	80	3	46	56	15	32	
81	22	81	59	90	15	12	60	95	82	41	18	17	60	80	52	58	7	55	27	
88	34	50	91	94	95	58	73	69	36	34	37	29	41	95	29	57	86	25	29	
11	49	81	57	87	15	32	45	41	44	15	53	62	96	75	74	14	7	69	24	
86	20	49	58	22	52	38	23	80	18	94	49	4	12	87	34	74	96	44	98	
46	97	44	61	10	31	31	41	96	6	2	5	22	79	94	41	57	72	52	66	
26	81	2	27	41	55	91	31	22	68	15	92	90	40	45	54	39	89	90	36	
23	87	53	10	42	16	53	89	7	10	82	92	18	60	52	58	27	19	100	93	
72	42	36	8	78	20	61	56	50	28	91	51	81	60	49	28	74	12	88	26	
82	50	44	13	29	14	44	100	8	83	99	87	36	7	70	22	82	18	71	19	
67	28	83	12	74	8	54	48	30	80	86	17	56	93	12	80	34	86	48	31	
5	72	60	20	79	61	34	26	31	94	2	67	93	64	76	87	62	84	46	22	
5	22	23	88	48	93	33	26	45	18	65	1	42	91	92	34	100	57	71	18	
19	16	87	76	8	38	84	98	77	83	41	37	93	4	92	70	27	22	17	47	
On machine	45
39	66	94	92	100	45	87	50	48	22	46	27	70	62	2	46	71	52	33	97	
3	33	21	45	2	17	90	47	82	82	43	5	71	35	15	89	97	21	73	89	
55	72	45	26	93	61	29	10	41	51	52	55	86	47	34	51	91	23	42	37	
77	12	98	36	33	87	9	13	97	84	86	77	14	24	42	88	42	31	51	72	
6	15	8	25	64	26	70	19	61	82	11	68	22	71	37	9	95	3	81	80	
60	89	78	7	80	12	26	3	16	88	12	81	95	41	66	86	10	6	15	19	
64	55	52	50	34	11	23	89	18	37	85	14	82	28	88	38	53	81	53	27	
45	32	95	91	83	89	59	28	78	23	57	54	85	76	5	27	61	2	85	76	
50	55	82	81	61	61	17	43	78	82	93	40	20	77	91	87	50	51	19	29	
48	17	75	70	47	21	67	87	81	43	80	40	92	93	91	74	28	73	30	59	
98	20	24	35	77	83	42	63	17	1	92	62	44	80	82	63	33	86	29	1	
28	89	41	62	67	15	87	22	34	25	2	32	7	66	56	51	35	87	79	21	
23	52	36	66	43	7	43	14	37	52	6	58	93	3	38	39	2	60	100	47	
77	20	90	95	47	29	98	21	50	66	6	1	31	28	22	96	69	78	32	85	
62	87	16	98	95	89	51	82	61	80	57	26	52	74	56	40	42	5	73	86	
53	95	24	88	70	61	62	95	40	57	20	47	72	70	19	75	68	14	35	26	
33	14	30	50	53	71	4	51	6	78	33	93	39	42	83	94	16	12	75	56	
8	18	32	92	96	2	2	95	51	49	35	45	31	85	71	15	98	13	66	80	
49	38	29	36	77	91	34	33	40	91	76	79	57	63	54	36	82	68	100	87	
28	69	13	31	71	94	46	22	90	74	48	42	16	55	90	56	49	41	49	92	
On machine	46
87	90	61	76	93	35	99	28	58	98	78	34	50	80	54	95	70	12	69	69	
86	79	30	55	35	54	21	67	28	94	5	62	92	11	45	71	71	57	28	9	
30	35	59	6	83	46	32	41	94	90	44	50	96	19	41	15	41	31	70	93	
61	81	30	52	33	10	77	63	66	12	86	71	29	20	1	54	46	66	86	4	
91	62	69	41	28	16	57	60	56	93	36	81	37	42	87	69	69	50	51	35	
29	96	94	60	13	68	31	65	32	32	28	41	46	35	39	96	100	63	56	72	
14	47	24	78	36	79	55	20	22	61	67	100	67	87	61	50	65	76	97	5	
14	53	85	29	20	28	89	94	41	19	36	73	50	51	1	85	49	74	17	37	
74	38	94	73	60	6	56	43	91	98	48	3	91	86	5	37	95	41	51	38	
40	33	21	33	56	8	80	60	98	17	65	82	36	89	6	41	73	13	35	72	
65	79	14	74	4	22	54	60	23	72	41	22	57	70	24	27	69	66	88	43	
11	23	92	82	57	44	88	61	28	52	44	87	7	80	40	37	73	99	39	68	
64	21	6	99	88	56	48	20	99	66	85	46	39	59	15	17	32	48	92	89	
77	21	30	4	10	34	55	16	66	10	67	84	14	100	27	61	45	92	84	92	
25	13	2	45	60	40	2	43	5	71	88	23	62	99	21	64	84	97	55	28	
78	10	87	44	18	75	17	93	37	47	42	8	21	65	39	42	62	42	7	4	
67	12	89	59	20	16	87	35	88	14	19	12	71	15	72	82	90	48	2	45	
68	83	59	20	16	32	67	74	42	26	16	99	17	79	64	30	65	94	62	19	
70	31	55	20	15	52	50	96	79	7	18	34	21	100	39	48	56	74	82	58	
15	92	96	7	72	45	98	48	94	9	59	17	32	23	92	85	18	54	39	47	
On machine	47
46	69	58	88	71	56	91	41	17	96	23	100	70	60	23	49	38	53	33	87	
88	82	15	3	73	69	53	34	27	9	95	69	64	96	75	7	86	18	32	47	
90	22	29	57	85	23	50	2	59	32	27	8	71	26	12	96	30	43	81	46	
47	54	11	70	9	77	14	7	72	81	7	73	17	33	93	76	58	73	70	59	
70	4	2	82	46	76	38	9	27	99	13	82	68	37	5	21	70	18	58	70	
60	71	47	77	30	64	97	37	62	70	97	12	86	83	58	52	83	18	12	29	
97	66	27	56	55	92	78	22	22	85	40	78	66	47	69	24	62	64	41	20	
44	6	15	20	93	52	52	77	10	80	44	15	73	91	25	95	81	33	23	72	
12	100	88	73	61	29	97	69	44	18	37	53	58	65	65	35	64	97	33	44	
79	61	29	36	56	37	13	37	33	16	34	32	15	32	74	81	61	76	67	72	
94	80	89	100	8	63	51	35	80	44	99	88	77	81	44	94	83	91	37	16	
71	57	96	3	68	8	87	21	45	96	99	87	51	3	17	91	75	51	30	26	
74	92	1	43	55	62	35	65	89	71	55	95	69	11	35	24	29	27	18	88	
100	27	20	25	91	53	14	62	49	79	91	37	84	79	6	38	71	59	50	69	
26	95	53	10	99	6	94	16	11	70	1	49	42	82	81	44	64	47	2	61	
18	82	18	17	19	18	86	1	55	79	56	22	38	30	47	12	21	43	12	31	
2	28	75	80	100	40	16	81	91	58	24	99	11	51	71	91	28	90	67	13	
83	77	24	51	99	5	69	92	39	21	79	37	33	27	89	12	22	4	46	81	
17	39	18	84	76	87	71	37	6	48	51	46	86	41	66	17	3	91	13	35	
29	75	52	51	62	37	70	20	100	39	28	48	35	100	16	35	57	67	79	72	
On machine	48
71	12	12	29	99	61	63	66	95	2	80	39	74	94	82	59	98	46	81	46	
32	8	56	19	87	7	36	6	24	95	89	35	28	27	1	50	30	85	79	33	
23	22	42	37	14	82	4	17	66	59	68	9	7	39	72	19	30	72	76	31	
28	63	67	73	99	87	13	25	38	41	76	37	23	73	80	42	5	9	77	65	
76	80	83	73	20	3	33	75	24	93	41	91	39	10	89	9	36	66	27	2	
42	99	6	92	34	16	56	25	98	63	59	41	68	50	30	52	80	74	39	57	
3	65	100	5	24	18	4	97	32	16	84	40	74	31	91	3	19	50	54	85	
91	25	53	11	17	60	44	79	18	95	39	89	95	70	40	54	40	76	2	22	
61	52	44	6	40	11	18	56	30	91	18	100	67	86	50	88	64	49	79	35	
82	78	77	21	3	64	69	57	47	71	79	70	51	77	33	68	58	58	17	59	
45	22	10	40	73	77	60	58	42	64	63	9	54	24	83	93	58	15	49	62	
73	99	26	50	86	29	84	20	46	58	41	7	29	26	21	72	36	74	73	33	
95	10	89	14	67	68	21	20	80	55	59	97	26	59	57	74	99	93	63	90	
89	40	51	5	21	66	36	38	91	1	68	21	6	100	41	67	33	73	17	76	
68	62	74	55	21	81	52	25	77	1	71	67	19	47	35	22	97	74	3	40	
52	91	36	73	68	36	22	32	89	87	21	45	56	15	69	19	90	29	16	1	
6	88	52	24	89	62	39	81	67	42	74	5	91	1	67	5	85	32	53	80	
87	89	39	44	91	75	48	41	42	64	83	16	36	44	79	61	4	45	64	80	
41	92	42	22	47	24	72	75	41	7	55	62	66	93	91	89	42	82	69	2	
63	41	90	57	13	82	1	92	15	72	67	73	69	89	17	19	29	63	10	26	
On machine	49
63	97	37	51	95	46	27	53	90	16	29	24	80	99	83	85	73	9	74	78	
89	5	53	84	99	87	34	78	66	9	83	96	62	82	91	45	87	95	13	97	
24	95	80	59	31	46	10	32	42	90	29	67	61	48	93	20	48	15	13	9	
51	63	3	27	81	79	51	56	67	2	41	84	24	5	70	24	95	67	26	59	
62	98	50	90	60	43	11	15	45	15	7	91	54	17	47	71	68	11	81	34	
33	24	49	10	88	1	74	19	89	47	96	29	60	5	96	44	22	73	35	69	
50	76	14	86	25	56	79	90	81	84	89	15	59	20	24	60	66	46	94	50	
58	58	25	36	92	47	30	79	34	7	90	65	5	21	43	36	87	26	14	6	
71	99	11	77	37	42	84	98	44	69	25	42	65	99	72	76	41	29	13	48	
91	17	93	42	87	41	46	84	83	7	57	5	67	80	13	98	39	34	62	47	
63	87	73	86	73	87	62	90	63	92	24	15	74	87	83	81	1	43	79	34	
89	82	44	12	60	83	34	83	95	39	67	14	1	88	8	53	73	21	36	88	
4	29	69	96	73	35	86	71	95	26	8	47	29	81	54	80	95	14	100	21	
43	90	4	73	94	77	8	17	41	11	39	94	83	26	48	72	18	4	28	90	
19	15	25	38	61	81	40	62	6	87	51	97	21	25	3	36	37	85	10	34	
99	29	73	3	75	40	66	85	22	63	100	2	55	98	5	49	89	69	59	56	
80	70	16	10	21	56	3	53	41	46	34	30	35	70	10	1	61	10	67	11	
40	61	86	63	52	27	31	30	74	100	94	71	100	66	64	64	100	22	10	12	
18	29	41	98	63	93	65	44	11	65	58	88	97	46	91	46	95	25	29	8	
95	59	87	45	77	35	95	23	18	55	58	97	1	2	28	27	59	3	32	52	
On machine	50
9	47	75	25	81	22	62	62	38	70	48	50	63	1	60	80	12	100	24	95	
34	39	50	2	89	12	44	81	80	78	84	68	60	1	51	6	30	94	73	84	
36	42	67	81	72	43	12	83	79	66	97	54	85	25	66	28	36	16	74	6	
32	100	87	92	41	81	16	45	20	83	84	84	54	43	4	6	23	69	39	24	
90	31	57	90	80	97	92	82	70	73	44	32	62	45	30	96	13	66	41	45	
17	16	33	43	5	15	83	94	99	71	26	80	5	19	23	4	93	81	83	88	
7	40	54	12	77	34	65	23	15	35	11	34	72	11	79	75	18	61	3	28	
42	83	6	21	37	67	45	53	31	67	72	38	22	60	32	55	4	79	81	17	
90	94	79	40	86	35	12	65	12	9	72	20	9	41	63	86	14	89	45	92	
26	46	37	83	93	11	71	76	94	71	97	42	37	87	99	11	65	67	36	25	
19	8	39	20	30	51	83	56	68	80	36	7	56	19	24	46	72	42	47	85	
44	53	18	73	39	2	3	11	66	63	29	71	20	58	38	2	16	94	12	20	
72	39	86	69	58	60	94	83	83	71	59	10	34	43	29	63	72	19	35	79	
20	59	58	29	65	53	99	13	94	33	79	1	21	92	40	28	15	81	87	82	
89	12	3	34	99	93	99	23	72	86	31	65	44	1	89	57	1	33	23	25	
6	74	39	42	36	42	10	90	22	94	34	42	40	74	34	82	50	31	9	82	
42	51	8	72	5	28	86	53	90	34	84	26	30	40	74	3	21	60	83	42	
19	79	1	27	24	57	85	79	80	55	12	8	86	87	55	45	4	64	84	56	
99	80	65	36	8	88	91	24	26	8	46	92	63	62	44	3	99	97	49	64	
51	18	37	64	1	1	24	74	43	58	52	73	27	39	26	92	35	57	34	80	
Reldue
-1	2378	-1	-1
-1	1340	-1	-1
-1	1266	-1	-1
-1	1484	-1	-1
-1	2087	-1	-1
-1	454	-1	-1
-1	2682	-1	-1
-1	2729	-1	-1
-1	3166	-1	-1
-1	931	-1	-1
-1	877	-1	-1
-1	830	-1	-1
-1	1581	-1	-1
-1	1166	-1	-1
-1	1850	-1	-1
-1	3275	-1	-1
-1	237	-1	-1
-1	2633	-1	-1
-1	2481	-1	-1
-1	3490	-1	-1
