Families	20
Machines	50
MaxSetupTime	100

Number of Jobs in each Family
9	10	7	3	10	7	1	10	9	8	2	4	1	7	10	5	7	7	6	7	

Jobs in each Family
0	1	2	3	4	5	6	7	8	
9	10	11	12	13	14	15	16	17	18	
19	20	21	22	23	24	25	
26	27	28	
29	30	31	32	33	34	35	36	37	38	
39	40	41	42	43	44	45	
46	
47	48	49	50	51	52	53	54	55	56	
57	58	59	60	61	62	63	64	65	
66	67	68	69	70	71	72	73	
74	75	
76	77	78	79	
80	
81	82	83	84	85	86	87	
88	89	90	91	92	93	94	95	96	97	
98	99	100	101	102	
103	104	105	106	107	108	109	
110	111	112	113	114	115	116	
117	118	119	120	121	122	
123	124	125	126	127	128	129	

Total number of jobs
130

Processing times of jobs
3	8	6	3	4	6	2	6	7	10	10	7	2	7	8	7	5	5	2	1	4	6	5	4	2	4	5	5	1	8	9	2	7	5	1	10	3	8	7	1	1	1	6	8	10	8	10	3	2	6	
10	1	10	5	7	5	4	7	10	9	4	1	10	3	3	2	4	10	10	5	2	6	8	5	5	9	10	7	5	9	9	7	5	3	3	2	2	1	1	5	7	6	10	4	5	1	6	1	3	6	
6	4	4	3	4	5	4	6	10	7	10	8	7	2	3	9	8	7	8	1	3	8	6	9	2	2	8	6	6	9	2	9	2	7	3	3	1	7	6	1	2	6	10	10	10	3	10	2	6	8	
9	4	2	5	1	7	2	1	9	7	2	3	4	5	7	5	5	5	2	8	3	10	10	5	1	9	4	4	3	5	2	9	9	6	10	9	3	8	4	3	4	7	9	1	6	7	2	1	5	2	
4	4	7	8	8	10	9	3	8	9	6	8	5	8	3	2	7	6	10	1	8	9	5	8	2	7	5	5	8	1	6	2	9	10	3	3	7	4	2	2	3	8	2	6	7	6	7	6	6	3	
9	5	7	3	1	6	7	3	6	4	8	6	9	8	7	1	2	1	9	4	10	6	8	7	5	7	5	5	7	2	3	7	5	5	3	8	8	9	2	4	10	6	4	9	6	9	1	1	7	9	
6	3	4	2	2	5	8	6	9	2	8	10	6	4	3	8	1	5	6	4	10	5	6	10	9	9	4	5	4	7	5	6	8	3	2	9	6	8	2	6	8	10	5	2	8	5	2	1	10	4	
9	4	8	1	6	7	2	2	7	7	9	5	1	1	3	4	8	10	2	5	5	3	3	7	9	6	5	10	3	3	2	4	9	6	6	7	4	4	9	7	3	5	3	8	4	4	2	3	3	2	
5	7	1	10	9	7	10	3	1	1	3	8	1	1	10	6	5	9	9	1	10	9	2	2	9	9	10	6	4	7	10	4	4	10	3	4	5	10	4	6	8	8	10	8	9	10	3	10	7	5	
8	3	6	8	9	3	2	5	9	4	3	4	6	1	9	1	7	6	1	4	4	4	4	2	3	2	7	6	3	10	2	8	9	10	8	4	6	9	4	4	5	5	7	5	9	4	8	10	4	4	
10	3	1	10	9	9	5	10	9	3	3	2	1	10	10	3	7	8	2	10	4	10	8	6	10	1	6	1	6	6	7	2	1	5	2	6	4	7	2	8	10	1	1	3	10	2	4	1	2	5	
8	2	10	2	4	8	3	4	6	3	2	10	1	3	2	10	2	10	9	8	2	7	4	5	4	9	5	8	2	9	5	1	6	3	9	4	2	2	9	8	7	9	8	6	2	9	9	2	10	1	
4	6	6	2	4	5	1	3	1	1	6	4	3	8	8	7	7	10	9	3	1	9	2	9	2	2	1	4	8	7	8	1	10	10	6	2	3	1	1	1	2	5	3	7	5	6	5	5	6	1	
6	9	7	5	8	5	6	9	8	3	2	3	6	3	1	1	9	3	8	5	1	8	5	5	5	9	5	8	8	10	6	2	7	1	2	8	7	9	9	8	9	9	3	5	10	4	3	7	10	7	
6	6	2	1	5	7	4	5	9	6	10	9	2	3	7	10	2	9	9	4	2	5	4	2	4	5	7	10	2	5	3	3	6	8	4	5	7	2	2	1	7	7	6	1	4	5	4	4	10	7	
7	2	10	10	7	4	5	7	8	4	10	7	1	8	1	10	5	6	7	1	4	10	7	9	6	8	4	1	4	3	9	7	9	3	10	5	9	4	8	5	7	3	5	10	8	7	7	7	8	10	
5	7	2	10	5	10	3	8	10	3	2	7	5	7	6	1	8	2	2	4	2	4	5	10	4	4	3	5	8	10	5	7	10	10	5	6	2	3	3	1	1	10	6	9	7	5	4	10	9	6	
3	9	7	8	5	7	5	8	4	10	9	5	5	6	4	10	2	1	10	8	8	3	1	5	6	6	4	8	4	3	6	5	6	4	8	3	8	2	10	5	9	3	9	2	2	5	3	2	2	6	
4	4	8	2	3	9	6	4	4	4	5	1	8	7	2	9	4	7	9	5	4	2	1	4	10	1	6	10	2	5	9	1	1	3	5	7	5	1	6	7	10	5	1	3	10	1	6	2	1	1	
2	10	3	3	8	6	10	6	8	1	7	5	2	8	9	9	1	3	9	8	6	9	5	1	10	10	9	10	3	3	3	6	8	10	6	4	6	2	5	1	4	10	10	1	5	4	5	3	9	2	
1	6	3	1	3	3	9	5	1	9	7	9	7	8	2	9	7	2	9	8	4	7	10	9	7	4	6	2	8	7	3	8	10	9	4	10	2	7	2	5	1	7	5	4	7	6	9	6	8	1	
5	7	3	8	3	2	9	10	8	1	9	7	9	7	2	8	9	1	7	9	4	2	3	9	4	6	4	8	10	10	7	8	9	6	1	4	4	1	5	6	9	3	3	1	7	6	10	2	5	10	
2	8	6	2	1	10	2	3	10	9	2	5	2	5	3	9	7	1	2	6	6	10	3	7	4	10	6	2	9	10	7	1	2	1	7	9	8	10	9	7	7	6	8	9	1	10	4	3	1	9	
6	3	6	7	3	7	9	8	3	3	7	1	5	9	8	5	10	10	3	2	1	4	5	8	5	6	7	3	1	6	10	3	4	8	10	8	5	1	1	3	1	9	6	8	7	10	9	2	4	8	
4	5	2	1	7	10	8	5	9	4	7	7	2	8	7	6	1	6	9	10	6	3	7	9	10	2	7	8	9	5	7	2	3	9	9	5	1	6	9	3	1	1	2	1	4	4	5	10	7	8	
5	9	7	5	6	2	1	7	4	1	10	5	1	5	7	2	6	6	2	1	10	7	6	9	3	10	3	2	3	2	10	10	9	3	5	5	5	1	6	3	1	10	3	5	3	2	5	8	7	2	
1	3	7	5	2	2	4	9	3	3	4	7	9	5	4	5	6	4	6	8	5	9	5	9	6	6	3	8	9	7	3	6	10	6	9	1	8	8	9	10	2	3	10	10	9	3	8	2	6	6	
4	5	4	3	8	4	3	7	3	7	3	2	10	3	4	2	2	4	1	3	3	8	3	4	1	2	3	10	3	6	8	3	4	7	4	6	5	7	10	10	10	1	7	7	6	1	8	7	6	10	
10	9	5	6	5	3	8	3	5	4	3	9	3	4	3	5	4	2	6	8	10	1	5	9	3	3	2	1	2	2	8	5	1	2	3	2	8	10	7	3	1	6	5	2	6	10	1	4	1	6	
2	1	9	6	4	8	1	5	3	6	4	4	4	2	7	5	6	8	8	7	2	9	6	9	8	5	2	4	8	8	3	6	2	3	5	6	5	4	7	8	10	10	1	3	5	8	9	10	10	4	
4	10	3	3	9	9	9	3	8	4	7	3	4	4	3	10	9	3	7	4	2	9	10	6	6	6	10	3	4	4	10	10	7	4	8	7	10	7	6	3	8	1	9	4	10	6	4	2	6	9	
8	10	5	7	2	7	1	9	5	9	2	6	1	10	9	4	7	8	7	9	4	10	5	6	9	1	10	3	6	3	10	2	2	3	4	2	5	8	3	7	5	5	8	3	7	2	7	4	5	7	
10	9	1	8	4	8	7	9	6	6	2	4	3	9	6	9	6	7	4	1	6	1	10	9	9	3	2	2	6	9	5	10	3	10	10	10	7	4	6	8	10	1	6	2	6	8	8	3	4	3	
4	1	7	9	3	2	9	3	7	8	10	1	9	3	10	3	1	4	1	10	6	5	10	9	8	4	7	5	2	7	6	10	3	2	10	4	10	3	5	6	9	7	1	4	3	6	3	3	8	7	
2	3	5	10	8	6	7	10	1	10	6	2	3	8	3	5	9	1	6	2	4	6	9	5	6	10	1	5	5	8	10	3	7	6	6	10	3	3	8	8	5	9	1	10	5	7	9	2	5	10	
6	7	4	10	6	9	8	6	9	5	1	5	6	5	8	1	4	7	3	5	7	1	10	6	9	1	3	1	1	5	10	1	7	9	8	1	2	4	1	1	8	7	10	7	5	9	2	3	6	10	
4	5	8	4	8	4	2	9	1	6	5	3	7	10	4	5	9	4	5	2	2	7	2	3	5	8	9	10	8	10	9	9	8	8	3	7	3	3	4	9	8	2	5	4	1	2	8	10	8	9	
3	8	10	3	6	1	3	3	5	5	10	10	2	7	6	10	6	5	6	6	2	7	2	1	7	4	4	9	5	3	1	7	2	2	10	3	6	7	9	9	2	9	1	1	10	5	1	7	9	2	
10	5	7	9	9	3	6	5	6	1	1	3	9	5	9	2	6	5	9	3	1	4	6	8	2	7	6	6	1	10	2	3	9	2	9	2	5	1	5	5	3	6	10	7	7	10	9	9	9	3	
9	5	5	6	10	8	2	2	1	2	5	9	7	6	9	2	8	3	2	7	5	3	4	5	1	2	3	7	5	2	1	2	10	3	2	5	5	10	5	7	6	6	8	4	5	6	6	1	1	10	
5	10	6	5	9	9	7	5	6	6	8	7	2	8	10	7	7	10	2	5	5	5	1	3	3	8	4	7	4	9	5	6	5	4	4	6	9	2	1	9	7	8	1	1	10	10	10	7	6	3	
9	3	6	4	10	4	9	1	8	2	1	2	2	10	1	5	7	9	10	9	3	2	10	1	2	9	10	5	3	2	8	4	8	5	2	5	8	1	10	8	1	6	7	7	7	5	10	6	5	2	
6	4	1	7	6	10	1	4	7	3	10	2	5	10	8	8	7	7	4	8	2	4	2	10	3	3	4	7	3	8	10	6	1	10	5	5	7	6	10	3	5	7	3	3	8	4	8	8	8	10	
2	6	10	7	2	2	6	1	1	8	1	9	6	10	10	6	1	4	3	2	10	6	1	4	9	5	3	1	9	2	10	7	4	4	9	2	7	1	7	9	10	6	6	7	2	6	6	2	6	6	
8	2	3	8	1	8	10	5	9	8	7	9	7	5	6	6	10	8	9	8	8	1	2	9	1	2	7	3	7	3	3	4	6	2	4	7	4	3	6	2	10	8	9	6	9	7	7	7	10	2	
10	5	6	8	4	10	9	8	6	7	3	3	2	3	7	2	1	2	5	1	4	6	5	1	9	4	7	6	2	4	5	1	4	1	9	2	7	3	7	7	7	4	2	3	10	3	6	4	3	5	
7	3	4	1	2	5	9	7	4	8	4	2	1	3	5	10	4	4	3	5	1	3	9	6	9	2	7	5	8	7	10	10	1	4	2	7	1	4	5	8	10	1	9	1	6	10	3	1	5	5	
5	2	7	5	3	1	3	2	7	6	10	1	2	5	10	10	2	10	10	10	5	1	6	6	8	6	2	9	8	4	3	9	8	3	2	5	1	7	5	1	6	8	8	7	3	3	10	9	1	7	
3	9	9	9	2	2	10	1	10	4	7	5	10	1	9	6	5	7	3	7	4	4	4	8	8	9	9	8	7	7	4	7	2	1	9	5	5	2	2	3	8	3	2	7	6	6	8	8	9	6	
9	3	2	1	9	8	8	3	3	8	2	4	2	9	9	9	3	5	3	2	10	3	10	2	8	3	10	2	3	9	10	1	9	1	4	3	5	4	6	1	4	8	6	1	7	8	4	6	10	4	
3	2	1	8	7	2	5	5	1	4	5	10	10	10	2	10	7	5	5	5	5	10	3	9	5	1	10	6	9	4	2	5	6	1	4	9	7	10	10	2	8	7	4	1	10	1	4	4	9	4	
7	10	9	10	2	3	4	4	1	10	7	2	1	9	3	2	10	10	2	1	6	9	1	4	3	1	5	6	2	5	10	10	7	10	2	9	9	6	9	2	3	4	4	5	5	6	6	9	3	1	
6	3	9	7	4	2	3	6	4	5	3	10	6	6	10	5	8	2	10	9	2	8	5	6	6	8	5	4	8	6	1	9	1	10	6	6	5	3	3	9	7	5	1	8	5	10	1	4	7	7	
4	3	6	2	1	4	9	10	9	10	8	3	9	8	5	5	6	5	7	9	7	1	1	6	4	8	8	3	2	7	7	8	3	8	10	8	7	3	9	1	3	5	5	7	6	1	2	5	1	5	
3	3	1	7	4	1	2	1	2	9	7	1	4	6	6	5	9	1	4	5	3	9	2	9	8	10	8	9	2	4	5	2	8	1	7	2	5	7	9	9	5	4	8	10	8	7	9	1	3	2	
9	6	2	6	10	9	3	9	10	3	3	4	4	10	5	10	5	8	10	10	6	10	6	8	2	1	10	5	1	1	2	5	5	5	10	4	5	9	7	1	2	3	6	7	4	10	8	1	3	9	
3	6	4	7	1	9	1	2	6	9	10	9	9	7	3	9	1	9	5	1	2	2	8	6	7	4	9	3	4	2	2	7	9	5	5	9	9	7	10	9	8	4	7	5	6	5	5	3	9	6	
7	2	8	9	9	7	7	5	2	8	3	1	6	4	9	4	8	4	6	5	9	6	2	9	8	2	2	9	2	9	2	8	10	2	1	1	5	2	2	4	7	5	6	4	7	2	1	10	6	5	
6	5	3	1	10	2	5	5	10	3	8	5	5	9	9	9	1	7	3	10	1	7	5	7	4	7	7	6	8	3	8	1	10	10	6	9	3	9	7	1	5	4	7	9	9	6	7	10	5	5	
5	1	2	1	6	7	5	4	6	3	10	4	5	6	10	1	10	9	1	10	9	4	2	1	4	6	4	2	6	3	8	10	3	7	8	1	9	5	6	8	7	6	6	4	6	1	3	6	3	7	
6	9	10	9	7	1	2	5	2	3	2	2	5	7	9	4	5	10	5	5	8	8	10	6	7	10	6	8	1	10	7	2	4	8	5	1	2	4	2	2	4	7	1	9	6	9	2	9	4	9	
2	2	10	4	5	6	5	6	7	2	4	7	6	3	8	9	9	8	9	4	1	9	10	8	9	7	9	7	4	3	8	8	9	2	3	7	4	3	1	10	6	8	7	10	2	10	9	7	2	5	
2	10	3	2	7	6	9	5	6	1	1	7	4	1	7	1	8	6	2	7	4	1	1	2	8	10	6	6	3	6	1	2	4	8	9	2	2	8	2	1	8	4	6	10	8	10	5	3	10	7	
7	5	7	5	3	5	5	8	9	8	2	7	1	7	1	8	10	9	8	2	2	2	6	9	2	1	3	5	3	6	3	4	8	7	4	7	2	3	3	7	9	10	1	9	9	10	3	7	7	7	
7	10	9	5	5	4	1	4	8	8	8	1	4	9	9	3	2	6	1	10	5	8	7	2	3	6	5	4	8	2	8	8	3	6	2	4	4	7	5	5	1	4	5	4	3	1	9	5	5	10	
1	7	8	4	8	3	7	2	9	3	10	3	1	3	9	3	10	7	7	2	5	1	2	10	9	8	7	9	1	1	6	1	3	5	10	10	2	2	6	8	2	10	6	10	10	5	5	4	3	3	
7	2	8	8	10	3	4	6	9	6	8	8	5	8	10	10	4	7	2	4	10	4	2	2	5	10	4	9	4	8	7	5	1	7	8	10	1	5	9	7	1	6	8	1	10	9	2	6	5	2	
10	1	1	6	8	7	5	9	9	7	7	4	6	2	10	7	5	10	5	8	4	9	1	7	10	6	9	9	9	10	7	8	1	1	9	8	5	7	4	3	8	10	5	9	6	7	2	1	10	3	
7	10	10	8	2	9	4	8	1	3	3	6	3	2	8	5	6	6	1	7	6	5	10	5	2	2	8	10	2	6	7	8	4	10	6	9	10	10	6	1	6	3	8	8	3	3	10	8	7	6	
7	10	9	5	7	3	2	9	1	2	3	5	4	6	2	2	7	3	10	1	8	3	5	1	9	3	4	7	9	8	6	3	9	5	7	10	9	4	10	10	5	4	4	2	3	3	10	10	5	1	
7	1	8	4	9	1	1	6	7	7	4	6	7	8	1	6	5	2	4	5	10	1	7	2	7	2	9	9	3	1	2	8	4	4	3	10	8	6	6	7	8	6	2	7	8	4	8	3	4	6	
10	5	10	9	4	1	5	6	4	4	2	1	2	10	1	9	1	4	9	10	6	4	9	4	2	4	7	9	6	7	5	6	2	9	10	5	4	9	10	6	8	8	8	3	4	3	8	9	5	1	
5	2	5	8	5	5	9	5	2	10	1	7	6	9	1	8	10	8	3	10	3	3	6	2	10	7	5	7	9	8	10	6	9	4	6	5	7	3	9	10	10	5	1	7	3	2	2	3	8	6	
6	4	4	4	8	4	10	4	1	4	8	7	3	7	8	8	8	6	5	7	3	6	1	5	7	5	5	1	5	1	5	6	10	6	4	2	3	5	5	10	8	8	4	10	7	4	3	2	2	6	
9	1	3	7	10	6	6	9	3	4	1	6	3	1	3	10	4	1	10	10	8	1	4	1	1	8	4	5	1	10	7	8	9	5	6	9	1	6	5	2	1	5	7	5	9	3	1	10	4	9	
8	7	2	9	4	9	4	4	2	9	2	1	7	7	3	6	5	4	3	2	2	9	10	7	5	1	9	2	10	1	9	3	1	10	8	2	7	1	1	7	1	7	6	6	4	6	8	9	3	1	
4	10	9	6	10	5	7	2	8	10	10	10	7	4	2	7	1	2	3	3	5	2	9	4	9	7	10	1	10	10	10	1	8	1	7	6	10	3	2	2	7	7	6	4	3	9	9	5	9	5	
2	4	8	3	4	4	8	6	5	3	5	8	7	4	7	6	1	7	2	3	6	6	3	5	10	10	1	9	7	7	9	3	1	10	10	2	8	1	10	2	7	5	7	10	4	2	3	6	9	6	
1	4	7	9	9	3	2	10	4	1	8	1	1	3	3	5	1	4	1	6	1	10	8	5	9	9	1	10	2	5	10	8	2	10	5	9	7	10	7	5	8	5	2	9	6	1	2	4	4	6	
5	9	1	7	3	7	10	6	8	3	10	8	4	7	2	9	6	7	7	9	2	3	5	5	6	10	6	5	5	10	6	3	6	6	4	10	8	4	5	10	7	8	6	5	5	6	7	4	2	7	
6	6	6	9	6	10	7	1	3	5	7	4	5	5	8	9	2	9	2	4	2	10	7	3	5	9	1	7	5	4	5	5	10	9	6	4	8	5	9	2	3	7	1	5	10	5	5	2	6	6	
10	10	9	6	9	9	4	8	10	4	1	3	8	1	6	5	3	8	9	6	8	10	7	1	5	6	7	1	2	4	10	1	3	6	4	5	7	6	8	5	3	2	10	10	5	5	2	4	4	1	
8	2	1	4	5	5	2	5	5	10	5	7	6	1	7	10	2	3	4	6	8	10	10	1	9	6	1	7	7	3	5	9	8	2	1	9	8	8	6	6	9	9	3	8	3	7	10	8	1	9	
2	2	5	8	7	2	1	1	1	5	4	6	3	9	5	2	2	4	6	3	5	9	6	7	9	10	1	2	2	3	3	10	5	6	3	5	10	6	7	9	2	6	7	3	5	4	10	10	2	4	
9	10	10	5	3	5	8	6	10	4	7	10	10	8	2	4	6	2	2	6	4	1	5	8	3	5	4	1	7	4	4	7	1	8	5	6	5	4	1	6	3	1	9	1	1	4	3	4	10	5	
5	2	5	10	1	8	6	1	5	5	8	7	6	3	2	1	6	4	6	9	1	6	7	6	9	7	5	3	6	7	2	7	10	3	6	7	8	10	6	1	3	6	2	7	4	10	10	7	1	6	
1	2	9	9	5	3	9	7	2	9	10	6	3	4	9	9	8	1	7	2	9	4	8	5	5	10	7	7	1	1	5	5	9	9	1	6	3	2	4	7	5	6	8	2	8	1	9	5	6	9	
4	3	1	4	1	7	10	1	10	4	10	4	8	4	9	8	5	2	4	3	6	8	4	1	10	3	1	7	10	5	3	7	3	10	1	8	5	4	5	5	9	1	10	1	8	6	6	10	4	5	
2	8	9	1	9	6	6	3	8	8	5	3	4	9	5	10	7	8	7	8	1	8	3	10	9	5	1	9	2	5	6	4	9	8	8	4	3	9	3	6	5	4	2	4	9	4	8	2	6	6	
2	8	9	10	3	8	9	5	5	4	2	6	1	8	10	5	8	5	9	4	6	2	5	10	7	1	9	1	2	6	7	1	4	2	1	3	2	7	9	2	4	4	7	4	4	8	2	8	8	2	
7	2	3	3	5	2	7	2	6	1	9	5	2	10	8	1	10	2	3	10	5	6	5	4	1	9	2	2	3	7	3	8	1	10	4	2	2	9	1	8	8	10	6	1	6	3	9	1	2	8	
4	2	9	6	1	6	3	6	3	9	10	3	3	5	8	9	9	2	5	4	4	10	6	4	9	5	8	3	2	5	3	7	3	6	4	9	9	1	3	2	6	4	7	8	2	4	7	5	6	5	
8	8	10	1	5	1	4	7	1	7	6	4	3	10	9	2	7	10	9	3	5	8	3	5	7	4	4	8	7	6	7	4	4	10	4	5	9	9	6	7	8	5	3	8	6	4	1	9	1	9	
4	4	8	4	3	8	6	3	5	4	8	7	1	8	7	7	7	5	9	2	10	8	4	1	3	7	3	6	5	1	10	3	8	3	8	6	7	4	6	7	5	7	9	1	2	7	3	9	5	7	
2	5	3	8	2	2	4	8	8	1	4	3	9	8	3	2	6	2	2	2	10	6	6	1	5	1	7	2	2	2	8	9	4	6	1	3	8	5	1	6	10	3	3	7	8	1	9	3	5	1	
8	10	4	8	5	9	8	6	9	1	6	2	5	2	2	4	3	3	7	8	6	3	3	8	6	8	10	3	6	6	2	3	2	10	3	2	2	10	8	3	8	2	10	9	1	5	5	7	2	3	
1	3	8	4	3	5	3	6	2	9	6	9	3	3	2	7	3	5	5	6	6	6	4	9	7	10	10	7	3	8	5	6	1	1	2	2	8	3	3	5	3	4	8	7	7	9	2	9	5	10	
2	3	10	1	6	8	8	9	4	2	1	7	8	6	9	10	4	4	7	1	2	2	3	6	10	6	7	6	4	7	4	10	6	10	5	1	5	10	10	4	3	6	3	9	7	2	2	1	2	8	
5	2	3	7	10	6	2	7	5	6	5	4	5	8	8	8	9	2	2	9	3	5	1	9	9	5	9	9	5	6	8	7	3	9	2	7	3	9	9	3	2	8	4	2	3	6	3	5	1	5	
6	5	9	3	1	10	4	6	1	7	8	7	8	8	10	4	3	3	4	1	5	4	9	1	5	1	8	5	6	10	2	9	7	8	7	5	3	6	9	2	7	4	6	1	4	7	10	4	7	9	
1	5	9	3	8	1	2	7	6	4	9	2	7	2	6	1	10	2	6	6	2	6	6	6	10	8	2	9	1	9	10	2	1	7	8	7	10	8	10	9	6	5	6	4	4	9	10	8	8	10	
7	9	10	10	1	1	2	4	9	2	8	2	10	4	2	10	3	9	5	4	6	7	4	9	2	5	9	7	8	10	9	8	9	3	9	5	8	4	3	6	7	3	5	5	10	1	7	3	9	10	
9	3	10	9	6	4	10	5	8	9	10	2	6	7	4	7	1	7	4	8	7	1	3	6	2	2	9	9	2	3	1	4	7	1	4	1	9	5	8	4	8	4	8	5	6	4	8	1	2	6	
4	4	10	3	1	4	1	8	7	7	2	5	7	4	6	5	1	2	7	9	4	8	1	7	1	4	2	5	7	10	4	7	9	5	4	1	2	5	9	10	1	3	8	6	5	10	8	4	8	3	
9	9	6	5	2	8	1	10	3	2	1	9	10	6	3	5	10	1	4	8	6	8	3	9	8	1	2	2	7	9	6	10	5	5	8	5	9	10	5	9	4	5	8	8	2	5	1	4	6	9	
3	4	1	10	7	9	3	3	9	10	8	2	4	2	1	9	5	4	6	4	10	8	2	2	6	9	7	7	3	3	1	8	6	7	4	5	7	10	5	3	3	9	9	3	4	8	4	1	2	4	
7	6	6	9	5	4	1	8	10	2	5	6	1	6	5	9	9	8	4	4	4	8	7	3	2	10	8	6	10	5	4	9	9	9	8	10	4	5	6	6	7	2	5	1	5	10	9	9	2	10	
1	8	1	6	5	3	3	1	7	9	7	1	4	4	6	9	2	4	9	10	6	8	4	2	4	7	1	10	7	5	5	10	8	3	2	2	8	6	7	4	7	6	1	8	4	1	9	9	2	2	
2	3	8	7	2	9	6	5	8	2	9	9	5	2	2	2	9	4	1	9	7	2	8	5	9	10	2	5	2	5	5	4	6	7	5	6	5	1	3	4	6	10	3	5	6	1	5	10	8	7	
7	5	7	1	10	9	6	5	2	10	2	7	7	3	10	1	4	7	5	6	9	6	4	6	7	9	5	7	6	8	1	3	5	5	5	3	1	5	10	4	3	9	2	2	10	4	10	4	4	2	
7	8	9	5	6	7	8	9	10	5	9	9	9	9	3	10	8	5	3	1	5	8	1	9	4	3	7	7	2	1	3	2	8	9	5	9	10	1	4	9	3	9	6	4	10	2	1	8	10	8	
4	4	1	3	5	7	9	4	5	4	9	8	1	8	1	2	5	8	6	10	3	8	9	2	4	7	7	6	1	5	8	8	8	3	7	6	6	3	8	10	6	8	3	1	10	1	4	6	9	4	
2	4	5	3	1	8	2	4	5	9	6	1	9	7	3	8	9	9	7	6	10	10	9	9	5	2	8	2	5	6	10	1	8	3	4	5	2	9	4	1	9	3	2	8	2	8	8	3	4	4	
1	10	1	3	1	5	4	2	10	7	3	2	3	3	10	8	6	5	3	2	10	9	2	9	6	3	8	7	2	1	8	9	6	2	6	5	5	3	7	8	4	1	4	3	6	9	2	2	1	4	
10	9	8	4	5	3	8	6	2	3	8	1	4	10	6	1	9	10	8	8	9	7	8	5	5	10	10	1	2	10	5	2	7	7	4	5	4	5	9	3	9	10	5	5	7	7	1	8	6	7	
5	6	8	4	3	3	2	3	1	7	2	5	3	8	8	1	10	7	6	5	8	10	5	8	3	7	10	10	2	5	9	6	4	2	10	8	7	10	4	3	2	7	6	4	3	2	5	7	4	3	
7	4	10	5	5	3	4	3	7	9	6	4	8	1	10	10	7	2	5	8	10	4	2	8	6	4	10	2	4	5	6	4	7	8	8	3	3	7	9	9	5	6	4	6	1	3	8	7	4	10	
1	10	2	5	2	1	9	6	2	7	9	9	1	4	10	7	1	3	7	2	4	7	4	7	5	4	5	4	5	3	2	10	7	7	3	6	5	3	8	6	3	9	7	10	4	10	9	3	1	3	
10	6	7	4	1	3	1	8	5	6	8	1	8	3	5	3	9	3	4	9	8	8	2	5	6	7	3	6	4	1	5	2	6	8	9	3	2	6	4	3	7	8	7	6	6	10	8	10	2	4	
9	3	1	1	3	9	8	10	2	5	9	10	5	5	4	3	4	5	4	3	8	9	3	3	8	8	6	4	3	1	9	6	2	6	2	4	1	9	1	8	7	10	6	8	7	7	2	5	3	6	
2	10	3	9	2	5	7	8	4	1	9	9	8	6	6	4	1	1	8	6	6	10	9	6	7	5	8	7	7	7	7	3	10	7	9	3	3	10	8	10	1	7	3	3	4	3	2	9	1	5	
6	5	5	5	4	1	6	7	8	8	8	1	9	4	1	8	5	7	5	7	7	8	10	1	6	6	8	2	9	3	3	10	7	2	8	8	6	3	1	9	10	9	8	4	5	8	10	7	3	7	
6	5	9	2	1	3	7	10	8	1	9	4	2	10	9	1	2	10	8	6	3	7	7	7	10	10	4	4	2	9	6	8	6	2	10	10	3	9	6	7	10	10	6	9	2	3	10	6	10	1	
7	7	3	8	5	9	6	1	10	5	7	10	4	7	10	7	8	2	6	1	5	9	4	5	8	6	10	3	7	5	3	8	8	6	3	3	1	9	4	7	4	4	10	8	10	2	5	2	6	2	
2	6	9	3	1	2	6	7	2	2	5	5	10	7	2	9	6	1	2	2	5	7	5	6	7	9	6	2	8	4	5	8	9	4	4	4	2	2	8	5	3	8	3	7	5	5	6	5	2	4	
5	7	8	5	3	9	3	7	4	7	4	10	6	7	3	10	8	6	4	3	8	6	7	10	1	8	1	3	8	4	9	1	5	4	10	9	4	8	10	6	3	8	7	6	2	6	3	6	9	8	
8	10	6	8	9	3	7	7	9	7	6	8	1	5	9	1	1	9	7	6	3	6	9	7	5	1	4	8	5	5	5	2	9	4	7	3	1	8	1	10	6	6	1	7	2	3	5	4	3	10	
9	3	5	6	3	9	3	4	7	9	7	4	10	8	4	1	6	4	9	8	5	4	4	9	8	3	4	5	6	5	1	9	9	3	1	4	6	8	2	5	9	8	10	3	7	9	6	8	1	2	
1	9	1	9	5	6	8	1	10	4	1	5	2	10	4	4	9	8	7	8	7	10	7	1	7	5	2	3	7	5	2	3	9	8	2	10	1	7	4	6	9	9	9	9	7	4	5	3	9	9	
10	9	1	2	3	8	9	2	1	8	10	2	9	2	9	3	4	10	7	8	10	10	7	10	4	3	3	7	5	6	9	10	9	7	4	10	1	8	6	3	7	9	9	5	1	9	3	10	8	1	

Stepup times between family, where [f][f] represents initial setup time
On machine	1
78	31	39	95	62	75	53	13	35	51	46	10	29	11	81	3	92	24	91	54	
42	47	5	37	79	61	96	98	98	21	22	17	6	75	77	37	75	88	81	80	
83	89	73	92	25	95	23	73	60	58	69	86	35	46	36	69	90	16	40	99	
68	13	12	49	7	27	21	14	24	26	17	2	64	32	82	99	3	54	8	97	
35	47	24	13	93	98	97	92	89	16	23	5	25	95	60	94	27	68	26	63	
23	36	35	41	20	21	84	89	50	71	66	64	12	32	90	35	72	90	4	18	
41	50	74	27	8	30	15	55	87	38	57	90	2	73	30	5	60	38	62	76	
99	54	24	94	34	13	22	89	14	64	68	65	29	86	44	95	71	80	29	53	
56	14	97	85	30	88	85	97	98	49	11	12	28	6	81	35	32	15	40	94	
48	52	59	32	53	40	3	84	8	98	8	97	32	83	4	82	49	34	91	5	
42	35	65	16	33	31	29	88	34	37	49	69	88	30	98	23	38	80	19	3	
75	89	91	77	58	15	18	89	1	83	97	19	43	22	35	35	87	64	91	63	
21	64	71	74	96	65	13	9	61	6	50	15	79	6	89	88	13	85	53	27	
70	60	63	78	87	38	89	82	31	58	79	13	72	34	98	92	49	63	77	23	
32	26	30	51	50	22	56	9	12	60	52	97	98	47	87	20	8	79	45	30	
47	76	89	71	67	68	95	90	66	100	47	51	38	41	86	57	40	33	6	92	
2	12	36	94	38	70	21	49	25	18	26	93	56	72	53	92	92	61	28	68	
97	26	13	70	25	82	59	91	25	53	36	85	86	87	48	91	17	30	19	13	
13	79	56	91	32	47	70	4	15	43	38	86	62	27	81	36	14	56	13	75	
91	46	76	61	8	76	81	9	68	86	3	58	40	25	18	42	64	49	36	23	
On machine	2
52	33	27	20	66	20	81	78	78	24	25	60	70	83	85	65	68	19	58	59	
79	89	99	70	47	14	52	34	49	43	15	9	92	40	73	7	91	88	24	66	
6	23	45	59	6	52	44	68	27	52	96	94	52	83	92	56	52	39	33	45	
43	76	10	45	66	100	59	14	48	47	52	7	16	92	90	18	39	66	18	47	
59	74	6	71	38	81	11	93	71	90	2	41	27	89	26	86	39	88	5	46	
19	33	90	22	41	80	37	40	44	78	96	89	43	14	68	81	8	62	85	81	
18	81	43	86	2	8	45	75	38	82	98	71	77	17	33	13	65	96	80	37	
73	63	19	22	39	64	21	16	90	1	44	74	88	66	94	66	10	9	100	79	
41	78	66	24	20	98	33	82	19	26	70	40	21	47	2	42	15	87	31	27	
35	69	48	50	100	36	92	89	49	6	92	98	53	76	55	4	95	78	26	40	
95	98	17	4	64	84	57	20	19	25	6	91	49	18	33	59	58	56	57	62	
25	74	49	71	18	82	26	6	68	49	88	57	69	22	45	42	38	90	67	90	
35	29	90	30	78	27	52	69	92	65	13	24	24	92	64	83	6	93	3	33	
62	63	50	26	14	2	53	70	5	53	79	97	91	21	80	77	56	85	68	96	
17	79	94	57	35	86	7	86	35	96	56	14	36	95	19	38	19	24	40	100	
21	18	15	84	52	58	9	94	61	44	34	10	8	72	11	58	79	8	61	100	
7	34	41	13	67	15	84	48	70	46	66	17	36	55	75	39	27	1	18	42	
40	46	62	36	65	62	15	92	27	83	20	58	40	91	40	75	23	18	69	77	
70	28	92	20	65	13	63	44	8	43	87	37	78	39	74	24	1	71	40	98	
19	43	83	41	65	72	94	100	14	75	6	44	38	94	98	70	25	29	22	34	
On machine	3
73	71	74	25	36	96	90	9	62	62	80	12	63	59	30	23	80	100	67	76	
33	54	30	53	47	62	80	45	56	38	58	15	28	29	95	29	83	74	79	76	
47	67	51	62	61	19	35	21	45	77	30	35	95	38	81	54	48	95	92	40	
26	34	51	85	80	36	7	74	98	74	36	36	47	85	14	84	50	54	36	38	
61	15	79	70	71	32	18	48	28	35	30	57	82	35	6	57	28	41	93	14	
75	34	48	9	79	83	78	90	14	46	2	45	96	78	76	88	62	98	94	12	
76	51	42	58	21	82	56	60	56	96	13	39	16	53	80	4	74	19	56	79	
23	1	46	15	40	56	92	63	92	90	4	46	33	67	56	59	34	1	53	78	
26	67	47	82	68	19	78	50	89	89	68	17	1	93	70	25	18	36	93	57	
50	8	30	59	73	53	12	93	66	29	21	46	19	80	52	88	15	94	80	7	
5	20	68	46	69	14	23	79	89	81	99	2	30	35	64	39	89	30	72	26	
37	15	72	80	56	41	44	58	98	68	87	60	36	45	99	55	57	77	87	46	
86	25	32	59	88	48	38	97	63	66	8	1	73	86	91	30	30	46	38	62	
82	25	76	38	23	98	28	11	11	40	79	47	39	61	92	5	40	40	36	83	
91	1	10	98	4	4	99	18	74	95	46	50	87	29	53	98	63	12	27	70	
34	16	12	53	23	9	81	98	97	12	73	45	94	19	8	2	69	84	40	24	
99	90	55	89	77	10	4	22	100	81	71	61	47	16	61	3	57	44	1	19	
5	60	94	97	72	78	6	9	71	32	31	24	94	28	75	99	68	74	55	41	
88	20	2	92	87	73	75	83	49	59	82	30	85	68	85	70	23	92	63	71	
75	14	44	67	86	2	45	76	89	43	19	53	11	17	88	77	84	39	78	17	
On machine	4
20	7	12	98	97	78	100	91	15	16	65	11	47	1	73	60	27	83	63	75	
56	19	27	27	63	43	31	20	74	23	49	10	75	98	31	91	56	37	21	7	
8	78	41	81	98	80	71	47	69	28	98	3	60	81	4	69	55	74	42	95	
40	60	21	21	27	70	84	16	11	32	77	41	17	6	32	7	51	24	9	7	
93	43	25	13	51	95	7	55	64	89	48	28	4	47	65	29	52	68	52	99	
93	78	7	54	58	8	78	96	70	92	42	15	54	62	1	37	40	55	25	68	
79	87	84	56	90	81	30	60	12	72	98	69	79	91	70	41	52	37	61	64	
32	64	12	50	76	96	49	55	77	87	99	68	75	98	5	27	1	74	29	97	
18	98	37	61	58	72	30	75	2	50	59	85	83	26	95	78	55	70	30	83	
40	59	66	26	27	17	100	72	46	63	55	48	37	17	19	66	39	5	81	94	
32	96	27	99	58	82	77	74	82	11	34	39	20	33	31	11	40	88	98	72	
49	2	22	56	24	57	84	66	22	31	16	20	54	31	68	78	15	87	98	30	
37	24	11	21	67	13	37	17	35	97	41	80	56	21	29	23	14	11	91	62	
20	48	91	41	28	7	61	58	62	44	36	53	29	82	89	32	52	90	3	10	
61	35	91	68	85	71	76	84	8	57	21	18	40	24	25	21	87	47	33	91	
5	15	85	92	37	68	92	18	100	26	97	18	57	29	85	64	72	24	10	42	
63	12	23	5	22	18	90	2	50	98	41	55	22	71	11	94	95	6	73	55	
25	81	12	15	88	42	58	10	29	21	27	27	98	11	50	91	89	88	90	81	
62	64	89	75	96	68	35	44	46	7	94	22	16	24	85	8	89	90	48	59	
54	35	32	81	94	28	16	65	24	53	87	53	69	67	61	53	67	82	56	50	
On machine	5
42	55	15	35	100	36	60	5	73	1	83	29	56	79	57	31	44	93	23	95	
55	62	63	62	16	47	58	58	19	32	87	18	26	49	55	87	82	85	87	24	
97	15	99	67	16	54	11	26	2	21	92	3	49	70	99	18	70	26	13	46	
46	98	3	27	28	50	82	24	71	38	46	46	21	15	66	42	8	53	53	94	
67	3	51	36	43	88	91	57	57	21	50	22	64	68	49	79	59	95	24	78	
73	20	98	71	76	34	26	8	98	7	32	43	5	25	58	5	92	50	57	69	
44	94	40	35	55	23	54	76	68	42	36	89	9	22	13	97	77	82	57	20	
56	58	77	57	9	41	51	24	34	40	98	95	64	27	79	45	26	34	56	70	
29	90	96	75	60	2	49	30	84	46	45	68	26	37	72	94	27	53	60	13	
99	21	90	24	50	78	73	10	51	30	88	24	44	43	72	3	96	41	55	59	
73	44	20	47	41	10	75	35	15	44	20	67	57	49	23	23	65	47	99	65	
72	28	14	88	21	14	10	31	31	94	89	61	9	39	30	11	60	22	23	15	
44	83	44	18	53	61	42	87	76	52	71	55	84	11	24	64	18	77	71	77	
32	29	72	22	24	45	11	77	28	2	88	26	87	80	22	19	94	43	1	67	
75	60	98	84	51	67	81	66	6	56	74	37	20	59	52	2	87	18	70	98	
98	58	4	6	12	17	6	53	41	16	3	41	46	14	68	30	73	55	41	15	
2	14	98	96	75	38	55	65	32	76	43	100	25	95	77	37	65	97	7	51	
41	48	69	1	55	99	46	94	25	62	83	85	67	34	1	34	32	94	79	75	
59	13	7	68	39	36	69	86	59	89	9	77	39	92	22	68	9	78	67	29	
43	11	99	39	84	56	35	90	42	36	22	28	97	90	45	40	32	10	32	54	
On machine	6
50	44	35	55	73	86	60	59	70	95	17	33	97	16	22	27	60	19	25	73	
35	64	51	66	56	14	42	5	30	47	15	34	59	60	99	72	31	19	52	15	
14	74	28	47	74	5	49	84	29	10	20	34	79	14	2	100	98	5	27	9	
16	65	88	13	66	32	1	95	96	24	41	80	39	24	26	30	70	53	48	27	
63	76	31	7	30	55	17	86	34	3	99	77	1	98	33	88	2	65	24	55	
3	56	52	16	32	19	100	41	64	13	78	59	57	4	7	99	47	96	53	42	
31	95	52	90	77	64	30	12	50	29	65	41	10	7	63	15	100	14	31	22	
68	60	27	96	38	45	18	56	41	6	94	56	39	94	34	65	90	15	41	85	
52	73	53	24	22	26	64	53	68	55	72	6	66	30	18	59	91	23	92	60	
85	12	64	81	8	66	7	5	82	86	8	40	9	34	81	55	27	37	47	70	
62	19	66	62	89	41	28	58	88	14	80	85	66	66	69	50	81	23	39	43	
15	77	32	34	64	89	22	32	42	72	79	26	55	86	69	3	88	26	71	88	
82	38	81	49	35	31	62	59	46	67	34	76	58	74	59	65	98	12	81	81	
9	46	78	28	52	41	45	26	9	48	34	51	76	8	34	70	69	27	28	9	
68	63	49	87	74	20	34	61	19	22	90	22	93	14	92	42	73	33	26	78	
35	44	84	99	70	97	97	16	63	3	16	98	5	92	9	9	88	99	59	28	
71	19	13	69	33	87	35	22	74	68	42	60	80	48	34	74	81	8	91	91	
12	56	78	70	27	21	87	68	67	48	62	45	88	3	84	26	3	55	44	74	
50	60	62	90	39	27	53	10	28	64	52	6	69	18	76	87	43	37	19	74	
11	7	40	13	72	97	20	15	96	100	96	40	11	87	87	87	34	93	81	37	
On machine	7
74	54	95	19	90	14	15	52	75	89	15	44	58	41	73	67	48	50	72	83	
49	47	33	5	50	70	69	70	73	99	89	37	76	53	75	30	46	12	2	74	
65	20	68	90	42	48	75	30	72	89	95	35	65	84	98	56	99	84	5	32	
37	16	56	39	91	19	73	55	78	82	40	91	15	14	3	39	66	78	99	19	
41	52	51	94	82	47	26	31	94	73	14	75	26	27	67	26	47	59	60	76	
93	85	63	71	44	83	85	96	48	5	4	23	47	92	78	45	65	4	74	72	
82	100	11	96	16	66	21	13	19	49	68	92	18	28	20	56	50	39	43	60	
38	64	33	22	39	61	87	37	54	49	85	96	83	89	27	50	2	16	87	38	
42	53	55	35	17	36	24	51	88	71	67	87	65	49	57	42	94	42	25	1	
80	16	92	16	9	78	23	10	57	19	75	92	11	54	99	50	92	46	7	34	
38	70	38	56	94	4	77	66	74	3	8	43	2	13	98	40	48	82	29	91	
73	45	45	80	61	63	96	40	50	34	87	86	41	15	58	93	74	30	25	80	
63	40	67	97	71	81	26	71	99	34	10	72	75	57	30	86	73	26	67	42	
42	33	39	60	32	76	6	7	62	31	62	77	44	74	34	12	37	60	84	79	
45	23	47	33	84	65	84	76	42	10	50	18	99	98	66	65	53	92	23	82	
53	75	58	16	8	55	10	44	47	46	30	42	21	86	57	78	21	51	2	48	
92	17	81	93	23	45	89	93	41	91	62	53	24	87	95	35	43	53	16	13	
61	50	91	74	95	57	15	79	23	47	51	73	25	90	40	64	6	69	55	92	
72	50	84	46	24	99	52	91	39	88	97	56	28	58	29	46	81	39	46	57	
97	55	70	74	19	38	16	68	70	35	38	63	96	16	24	86	72	40	64	21	
On machine	8
47	79	3	40	5	20	4	84	43	40	78	25	51	54	87	35	69	33	62	57	
45	74	86	28	42	29	27	55	56	10	40	67	11	73	48	24	93	46	22	50	
9	41	55	88	10	96	92	94	24	66	23	25	37	48	10	57	95	94	60	17	
56	92	50	72	74	55	18	79	73	16	65	24	19	7	40	94	96	37	54	24	
13	62	79	92	98	13	14	64	29	9	53	55	35	50	29	19	24	43	37	80	
70	95	21	57	38	18	7	65	25	89	6	79	4	67	94	4	77	9	76	57	
2	59	41	69	84	62	3	28	22	20	92	97	98	73	18	97	31	36	41	30	
7	56	71	41	56	87	41	72	74	59	85	83	43	59	63	2	25	76	25	99	
15	44	13	23	77	92	95	66	74	82	51	12	68	46	69	83	28	15	31	2	
95	92	17	69	33	21	87	81	74	87	65	6	67	94	60	57	87	70	30	44	
92	22	5	83	90	79	69	37	11	59	41	1	48	88	35	56	28	35	71	61	
2	71	71	73	76	77	44	97	16	26	38	43	85	96	20	60	17	60	8	85	
54	65	94	55	62	22	50	4	24	33	11	22	96	61	17	37	58	30	70	81	
23	34	69	84	92	71	47	43	57	74	97	62	36	70	33	56	42	86	51	23	
98	72	56	42	91	7	60	61	29	56	44	19	75	75	13	51	65	39	85	53	
7	19	16	88	22	38	75	13	52	61	14	67	14	69	46	38	77	99	64	88	
93	85	35	2	15	30	92	67	46	19	11	36	51	85	58	69	7	39	80	82	
3	100	78	52	63	69	20	2	27	35	16	25	63	21	44	72	45	83	23	4	
43	24	39	28	66	1	15	30	25	69	24	86	89	97	21	1	39	78	65	17	
16	33	74	56	6	27	87	42	1	35	85	46	62	44	97	45	72	56	44	34	
On machine	9
34	72	49	92	84	81	3	19	3	11	79	12	72	74	74	2	3	43	42	85	
8	74	89	32	75	38	73	95	72	5	50	82	43	64	89	86	47	30	1	88	
68	49	75	83	55	10	46	8	7	14	27	3	35	34	61	32	18	15	79	69	
61	78	91	76	23	12	40	44	96	71	86	3	95	70	46	54	72	41	25	67	
76	58	87	55	66	90	60	98	51	14	51	35	2	74	57	15	53	51	6	74	
69	52	50	93	54	22	89	46	35	12	3	97	19	46	5	73	58	50	56	40	
50	69	24	44	14	57	32	24	64	7	9	60	29	72	27	67	12	97	11	8	
82	82	93	98	87	5	75	66	45	66	14	20	16	26	90	24	25	61	7	48	
28	46	72	42	69	82	84	35	90	30	41	88	56	51	29	97	83	86	23	92	
38	64	61	50	58	7	77	51	15	82	78	57	97	87	55	23	49	13	34	26	
21	25	17	52	64	35	67	22	38	85	80	82	60	95	44	19	81	47	7	77	
23	29	14	91	2	15	46	43	43	22	17	87	69	6	14	29	69	65	4	21	
58	32	8	93	96	31	7	54	1	76	93	94	76	13	20	90	43	97	88	91	
74	23	16	98	53	35	31	51	93	2	98	31	35	8	30	61	5	7	40	96	
92	77	26	5	50	33	53	78	12	20	40	58	63	5	23	52	12	91	4	91	
21	49	36	62	43	28	52	50	31	11	43	40	62	53	57	7	40	53	72	75	
52	76	95	44	3	5	63	74	34	35	53	84	65	80	65	62	19	70	21	29	
9	75	38	12	3	64	63	87	99	52	74	69	15	56	79	50	100	86	62	15	
81	34	27	52	64	92	12	28	66	84	73	50	64	92	73	56	45	31	79	49	
89	33	42	27	32	83	24	78	27	32	14	78	75	33	28	33	16	67	46	58	
On machine	10
6	74	89	41	21	18	99	68	35	14	16	41	14	50	17	93	83	41	16	70	
81	79	80	80	41	56	94	85	3	44	58	1	60	55	1	76	42	65	11	45	
19	86	17	14	36	47	67	8	80	83	17	55	36	67	65	54	63	99	37	2	
78	51	97	93	34	80	75	14	12	3	36	38	94	27	17	48	60	69	38	16	
83	63	10	6	63	100	2	7	95	90	83	59	48	23	89	22	59	100	5	11	
60	43	29	59	62	20	55	29	98	81	60	70	89	18	100	59	50	35	99	59	
93	93	61	72	17	43	81	24	27	5	77	81	79	33	36	66	66	27	45	83	
61	88	53	100	75	57	15	24	80	73	22	35	6	4	19	80	19	31	76	89	
13	80	29	91	99	8	72	20	38	90	15	23	45	36	91	97	58	57	11	64	
89	84	55	26	94	4	30	92	44	39	1	19	5	30	44	92	94	61	85	61	
5	40	19	79	52	77	33	34	98	30	8	100	22	25	12	64	99	59	62	37	
12	23	26	42	42	33	80	13	65	57	100	73	55	79	66	3	48	33	68	65	
18	90	62	65	57	59	68	37	66	49	34	56	83	52	4	38	87	33	1	70	
10	51	4	57	34	81	62	47	86	100	97	65	11	23	30	89	67	45	62	92	
63	76	75	42	30	44	91	9	29	21	4	76	73	81	99	89	9	51	84	67	
58	53	43	100	45	28	76	32	9	31	76	72	92	91	47	25	5	80	80	23	
62	10	11	71	68	77	21	52	87	57	85	64	52	48	92	86	53	88	27	28	
93	88	87	21	9	1	39	69	12	87	43	84	58	80	85	97	69	9	64	66	
26	65	4	25	98	15	7	19	39	51	10	65	71	25	39	79	30	26	67	10	
74	21	75	57	11	52	94	24	52	24	90	31	43	82	27	38	53	79	97	68	
On machine	11
69	43	64	36	82	70	98	49	83	14	18	13	97	27	65	36	6	12	28	67	
62	43	67	90	15	40	95	32	96	57	97	95	83	82	16	68	12	26	28	40	
75	8	12	85	89	3	63	52	28	83	64	62	37	100	81	17	23	4	10	59	
38	84	85	86	30	20	87	96	22	18	19	45	50	71	66	96	46	21	7	38	
80	70	7	98	44	10	54	16	90	5	10	65	13	37	50	21	29	12	61	91	
32	80	16	16	39	76	86	25	73	24	98	41	100	43	19	67	41	19	88	59	
13	91	30	85	20	46	17	84	25	47	10	38	3	34	88	55	36	34	87	78	
27	6	59	83	75	82	24	31	7	45	39	38	46	13	92	61	3	72	96	66	
19	24	52	40	73	69	99	50	12	75	3	37	88	28	52	75	12	19	24	43	
85	28	18	3	34	48	22	100	56	25	66	1	7	80	37	35	83	100	70	4	
100	44	78	87	27	97	19	39	53	17	100	46	37	43	55	99	31	22	55	49	
20	42	45	2	58	73	96	80	77	84	66	42	100	23	21	64	98	76	44	88	
53	73	7	10	89	28	48	75	72	36	50	86	84	22	94	26	9	30	30	79	
97	94	57	56	7	23	96	96	62	90	87	3	47	79	9	14	64	55	25	90	
7	60	8	26	92	64	87	42	97	15	62	10	78	19	91	41	80	20	23	6	
6	8	93	82	1	3	82	8	16	83	19	80	96	65	19	88	24	18	4	73	
64	89	61	14	5	3	74	41	94	82	77	64	8	71	47	32	29	89	82	47	
96	30	45	90	52	22	99	34	15	36	25	54	45	8	8	39	72	56	33	25	
26	81	79	35	57	42	1	79	55	69	49	20	62	93	100	67	48	93	65	83	
90	1	59	78	27	74	53	10	47	15	22	9	33	57	64	7	35	42	21	1	
On machine	12
7	89	16	32	42	4	69	58	71	79	76	43	33	100	83	64	21	27	10	54	
80	61	38	55	43	9	34	2	4	60	50	3	6	19	47	28	14	74	64	26	
81	47	59	82	87	87	20	22	92	2	18	23	48	51	4	81	58	67	87	16	
95	99	49	18	39	16	3	87	82	88	70	47	56	25	55	33	13	65	41	96	
37	98	64	78	61	64	18	14	56	100	69	74	25	30	96	33	27	34	16	94	
50	36	83	68	63	35	63	76	60	83	52	91	40	48	39	92	30	5	97	12	
2	88	23	3	36	99	94	90	18	48	93	68	19	81	66	55	33	79	90	53	
88	77	66	55	2	79	52	17	2	28	36	94	29	83	65	68	45	8	25	46	
80	25	37	1	82	76	25	8	81	75	67	11	92	88	41	97	42	71	12	42	
35	23	37	80	58	62	100	96	70	85	66	84	46	39	64	41	93	87	48	47	
74	9	36	2	5	39	56	97	89	44	88	91	72	93	92	93	37	100	25	54	
21	54	94	69	23	83	59	8	37	21	72	36	17	16	28	8	12	75	88	7	
55	24	71	53	13	34	36	21	34	51	20	36	55	57	95	51	49	30	29	11	
80	68	78	76	8	49	96	97	8	52	73	85	90	48	76	46	42	47	95	29	
20	26	21	25	49	88	86	68	4	13	90	13	82	55	44	85	61	27	71	15	
78	11	78	92	41	65	94	52	42	45	11	41	23	17	10	45	90	64	77	50	
54	80	83	22	30	19	42	47	91	86	81	44	14	79	42	36	25	61	4	23	
13	78	27	1	87	22	81	27	97	39	44	28	56	63	15	60	45	89	9	69	
55	33	69	71	2	14	81	12	39	64	57	6	43	54	21	4	78	7	90	39	
94	62	42	60	52	4	29	73	30	17	31	79	74	45	56	54	26	46	50	69	
On machine	13
60	14	14	25	28	37	16	2	70	36	13	63	87	49	43	53	48	46	23	75	
43	86	5	94	22	82	50	41	73	27	49	29	52	59	19	56	54	44	76	29	
30	48	67	70	38	64	26	54	10	34	47	20	63	83	34	35	16	49	4	97	
81	86	37	50	29	27	42	4	82	79	93	41	36	16	57	62	66	59	56	54	
67	68	27	99	86	95	4	44	99	54	69	19	84	25	61	11	78	99	44	47	
97	41	40	53	65	14	1	50	75	16	78	61	61	94	16	49	60	97	81	39	
68	43	78	8	34	51	90	82	85	23	74	31	50	82	63	58	100	8	30	27	
17	74	87	93	7	35	24	8	80	100	44	83	94	37	35	82	61	77	52	60	
19	60	80	88	78	34	71	29	56	17	96	20	78	19	18	65	42	76	55	94	
99	67	56	18	52	48	78	4	19	74	16	31	43	31	14	71	7	18	15	19	
12	13	34	11	37	67	84	50	33	85	52	83	20	65	96	45	73	38	50	74	
22	40	78	22	4	47	21	25	68	57	84	38	3	79	5	86	43	22	42	50	
67	34	77	32	62	69	21	99	3	57	25	38	31	65	34	90	74	88	31	65	
6	84	13	26	23	35	86	41	59	24	79	100	85	47	44	87	1	65	59	66	
79	46	68	90	82	81	39	29	85	21	59	50	69	43	82	73	53	58	60	91	
25	80	75	1	71	92	13	95	3	58	88	82	99	80	39	87	86	98	88	83	
45	42	36	23	2	2	61	22	100	9	31	97	89	80	37	71	39	99	49	53	
39	38	28	23	72	16	30	70	92	78	47	38	97	75	100	85	56	7	80	1	
32	61	3	81	98	51	83	3	69	18	67	25	64	50	13	82	81	84	13	19	
82	70	72	52	33	73	23	1	45	4	60	11	95	75	30	32	53	86	95	100	
On machine	14
91	50	56	70	8	41	26	16	53	83	82	57	68	56	30	46	74	34	21	44	
66	77	88	21	19	92	19	29	66	85	3	35	21	100	66	13	38	35	98	61	
45	1	43	85	69	71	8	51	28	91	37	65	66	88	28	22	85	36	19	38	
45	96	21	60	38	46	79	16	79	64	95	78	2	92	83	100	69	69	18	47	
45	7	26	11	38	16	43	25	28	95	57	82	42	62	98	24	82	59	51	6	
50	38	2	80	94	12	6	6	43	14	9	55	76	85	8	31	35	46	62	55	
56	80	39	72	20	40	67	96	20	95	62	47	55	64	83	61	6	14	35	36	
16	89	61	26	67	48	26	74	75	82	45	78	12	55	27	58	38	73	16	34	
53	5	38	71	32	35	81	98	24	33	82	34	80	38	48	25	17	6	11	60	
36	23	80	3	50	100	3	74	31	51	81	44	17	38	73	38	45	32	84	80	
22	73	1	89	13	18	8	94	97	89	70	26	61	68	39	70	84	30	19	36	
86	33	4	84	5	1	61	54	54	56	62	67	56	36	18	19	26	72	92	15	
36	47	61	94	97	40	16	25	3	60	31	66	48	84	3	63	43	69	98	11	
7	29	46	84	38	97	41	2	4	46	71	57	82	31	66	25	47	68	98	31	
76	51	6	32	98	4	18	59	46	48	21	100	84	31	45	95	66	26	4	28	
89	59	75	13	32	26	97	22	47	23	3	91	42	30	96	92	86	55	96	93	
46	95	59	27	26	81	29	23	14	34	2	25	29	89	10	84	2	9	74	23	
3	95	48	9	18	44	98	65	28	92	77	90	61	57	60	78	41	80	14	47	
67	45	23	69	43	20	26	86	88	63	77	63	29	46	21	60	17	18	37	90	
36	10	49	68	81	53	11	57	43	82	65	81	7	16	25	92	98	30	55	17	
On machine	15
84	75	29	38	8	5	52	40	44	42	75	9	12	85	61	59	37	68	13	62	
50	20	43	60	19	28	23	33	84	91	71	82	59	8	80	9	24	49	34	46	
17	50	75	29	62	18	29	9	38	15	93	13	65	5	36	13	52	6	99	77	
19	7	16	96	48	25	73	19	89	7	96	55	92	62	28	45	92	22	20	38	
20	40	84	88	51	94	79	24	27	71	96	86	73	65	95	39	6	5	72	54	
11	43	18	34	67	2	6	76	87	33	31	66	98	73	56	43	54	81	29	46	
20	45	78	54	81	23	84	50	51	90	70	44	70	84	12	18	3	60	3	59	
51	5	7	50	57	40	11	23	13	21	20	85	72	9	68	51	20	95	2	69	
19	42	15	3	26	13	98	60	59	10	31	72	3	44	18	91	100	63	11	29	
28	56	67	35	34	42	81	21	69	59	72	41	37	5	23	24	90	39	24	23	
33	5	34	33	17	77	86	5	29	36	86	95	28	55	78	74	59	63	35	93	
72	98	32	1	13	7	30	59	100	45	68	45	54	7	72	89	19	10	98	91	
97	38	69	3	94	45	18	66	54	62	58	55	67	47	82	56	83	94	32	5	
99	71	22	18	89	18	6	68	41	24	64	35	63	64	90	12	98	71	58	76	
17	83	51	4	62	92	59	81	38	78	52	95	99	68	6	14	45	92	54	65	
82	84	8	81	89	16	52	56	2	55	45	91	32	92	17	72	56	23	71	72	
54	68	21	90	100	73	75	19	82	51	39	17	59	33	94	84	79	36	69	46	
3	70	1	78	34	43	2	25	52	19	77	73	8	1	26	58	91	80	1	34	
8	46	2	46	95	80	10	71	98	18	68	44	36	33	28	86	90	71	47	29	
15	91	51	9	57	67	59	66	31	11	25	26	30	46	4	52	98	65	67	48	
On machine	16
54	59	36	100	27	63	39	64	48	45	79	74	51	88	4	57	59	23	95	53	
46	92	100	70	20	83	44	92	71	20	38	50	60	14	18	14	61	73	3	70	
49	93	81	100	50	81	34	42	13	55	96	56	52	32	40	24	58	13	55	40	
90	36	94	80	5	36	97	62	32	65	15	94	75	37	28	26	45	81	81	39	
53	31	42	34	31	94	19	44	1	78	77	58	48	30	76	5	50	3	29	98	
62	61	20	23	4	27	41	56	55	40	31	33	98	86	6	10	69	35	3	96	
68	48	11	45	35	78	80	41	21	44	45	78	63	84	92	73	41	2	68	46	
56	54	33	66	59	52	47	38	85	44	10	28	10	51	87	80	30	47	5	11	
66	57	42	14	43	19	52	28	59	47	6	37	15	94	24	65	41	89	65	16	
10	13	19	90	5	7	71	42	77	78	94	83	3	13	74	96	100	79	42	38	
34	6	70	4	71	49	45	65	32	58	85	71	51	57	63	94	76	83	10	20	
28	32	24	98	31	39	10	50	92	65	71	7	66	70	47	13	91	81	79	98	
100	85	35	9	72	43	51	97	41	96	6	94	37	77	21	4	33	37	46	61	
20	27	76	20	98	66	91	75	47	95	95	71	83	14	33	10	54	88	82	87	
42	45	30	96	71	64	45	86	92	44	4	24	62	17	6	60	57	85	18	60	
8	29	76	62	94	5	5	21	38	3	49	63	34	94	68	52	66	96	33	93	
22	41	56	42	88	96	81	86	50	46	13	87	44	65	92	91	50	42	49	22	
80	9	81	50	59	70	60	66	84	27	93	98	41	39	28	88	88	3	11	18	
53	42	44	59	98	11	40	61	90	69	75	8	59	76	68	1	53	79	83	12	
94	76	59	4	93	28	61	31	2	80	96	64	100	13	98	76	22	82	21	13	
On machine	17
3	93	53	70	25	82	52	52	31	81	83	59	36	81	19	82	61	45	63	16	
65	32	56	63	14	69	6	75	82	29	56	63	92	45	34	85	42	1	76	9	
32	80	56	74	4	61	57	80	82	39	28	40	64	79	46	92	54	59	17	53	
52	89	22	31	76	30	68	25	15	5	56	51	84	71	58	41	26	77	12	95	
64	78	4	74	82	58	38	81	36	45	56	90	92	52	45	100	91	63	62	24	
57	50	32	28	65	4	79	56	75	47	51	38	49	72	79	50	77	78	63	6	
83	100	92	63	86	86	53	46	23	56	60	21	45	47	34	55	79	50	75	10	
3	33	98	73	93	46	8	24	27	12	46	95	71	98	22	80	79	63	82	33	
29	31	94	2	62	5	16	79	75	4	19	25	7	46	97	22	54	48	20	19	
11	82	52	86	63	1	55	40	59	51	97	4	60	80	69	76	29	7	11	70	
63	98	93	9	76	11	64	92	64	6	87	47	93	63	61	72	11	2	34	96	
77	55	100	31	69	77	43	70	84	89	57	56	28	6	1	60	91	100	96	34	
11	55	6	7	28	63	43	13	18	32	74	42	55	19	31	99	30	50	17	15	
6	29	37	92	99	22	73	100	50	24	92	95	46	54	67	76	56	3	92	5	
81	59	23	26	7	40	32	18	19	98	10	15	92	27	84	37	17	37	45	18	
16	98	1	38	27	17	47	12	54	49	32	44	78	97	81	73	25	53	59	16	
65	13	74	59	32	8	82	68	47	93	34	87	24	80	98	42	38	90	1	66	
3	80	81	53	43	67	80	3	88	76	95	19	53	3	50	65	45	48	84	24	
37	28	42	40	98	28	34	19	71	11	73	22	42	79	85	66	92	44	59	17	
53	39	26	81	22	34	59	5	16	86	10	68	59	47	81	48	87	94	54	33	
On machine	18
24	90	30	25	19	59	49	33	79	100	86	21	97	49	93	90	30	75	35	100	
79	95	77	83	5	84	100	97	81	9	54	41	96	38	37	2	63	6	79	7	
70	21	48	75	33	85	49	62	77	26	63	33	44	48	76	65	84	35	38	3	
95	30	65	67	33	33	81	27	88	27	66	90	31	99	76	67	14	48	8	56	
80	91	79	63	82	82	42	22	4	14	4	39	9	15	28	68	92	29	37	48	
78	21	100	56	43	77	93	24	60	39	53	38	13	10	73	88	55	97	54	1	
28	35	55	70	49	56	26	59	31	37	2	16	3	77	17	91	4	63	17	20	
80	83	88	24	70	33	4	23	24	40	49	11	94	7	47	57	62	65	28	63	
90	94	29	30	13	93	8	21	99	30	14	12	79	58	89	24	37	33	97	39	
99	65	26	35	89	91	15	86	24	27	4	9	85	59	27	10	45	38	19	19	
48	19	55	66	98	36	30	54	89	81	51	61	34	25	8	72	76	16	65	9	
63	33	89	9	15	39	56	98	38	47	18	82	59	6	56	34	87	37	12	70	
66	87	61	17	83	92	18	4	47	95	40	95	18	55	24	65	73	87	50	73	
45	14	24	71	87	7	95	15	78	34	72	35	36	33	100	53	50	54	3	61	
49	1	88	22	17	95	93	4	43	40	85	25	32	1	71	47	51	24	49	70	
20	87	52	24	31	70	18	18	70	74	58	89	9	45	81	77	69	18	24	94	
51	47	36	31	44	65	65	60	91	89	92	87	81	57	6	71	73	9	30	50	
46	73	84	35	34	58	44	59	31	6	17	19	7	88	48	16	86	22	77	17	
64	10	64	25	56	41	39	56	5	64	72	39	33	72	69	24	72	50	75	71	
3	5	97	33	73	85	66	74	80	29	14	31	81	54	20	92	75	38	37	59	
On machine	19
30	28	76	95	13	36	58	19	75	45	83	23	23	91	21	26	42	95	73	96	
39	54	26	54	20	7	32	40	51	77	75	32	51	3	81	83	65	5	29	27	
78	92	91	90	4	40	24	53	47	96	59	46	8	76	41	62	20	91	51	38	
38	26	10	86	65	13	95	66	73	44	100	68	89	18	57	45	67	49	90	64	
94	22	61	100	47	50	24	12	55	27	21	78	66	22	95	90	63	87	3	18	
9	14	74	59	70	42	82	6	29	86	22	53	30	98	7	63	97	57	90	8	
100	51	93	31	20	21	23	21	25	27	32	12	90	63	20	29	72	85	75	29	
14	66	18	26	29	38	94	11	7	89	63	100	75	89	27	10	44	67	2	23	
26	4	72	18	71	22	93	62	33	86	1	33	14	37	6	99	54	12	56	35	
26	60	45	15	17	90	67	33	49	55	56	28	69	61	56	81	10	98	42	66	
38	84	20	37	3	77	8	59	71	63	81	18	97	77	12	32	36	47	91	50	
46	7	9	68	45	27	76	26	24	59	33	5	55	64	68	64	33	17	100	41	
5	26	21	64	36	82	50	51	4	3	14	62	74	69	38	73	14	100	29	79	
5	88	33	72	30	58	21	17	63	71	98	5	79	63	75	37	12	57	60	2	
40	67	13	49	1	57	70	81	11	31	77	62	98	65	29	61	51	17	40	67	
77	25	40	45	1	38	84	76	82	13	44	87	58	49	64	92	2	86	87	75	
27	11	32	91	74	44	11	23	10	6	18	70	82	4	5	25	78	92	95	53	
93	57	42	12	65	48	67	42	73	90	61	75	46	1	86	76	92	11	43	9	
73	86	58	82	49	92	10	88	87	7	30	86	33	46	57	30	32	74	74	53	
82	23	93	89	89	12	38	45	10	75	47	11	28	48	9	21	40	45	35	28	
On machine	20
87	60	61	4	90	82	94	83	47	66	97	43	10	86	81	54	86	30	38	10	
59	35	30	87	80	89	99	59	79	13	40	94	51	45	41	37	44	73	14	78	
23	45	33	93	68	70	8	18	88	58	56	72	91	3	24	59	3	76	85	5	
10	67	31	98	95	71	14	25	63	80	83	80	39	92	42	86	52	22	17	98	
82	77	8	53	96	15	86	5	93	7	25	52	36	69	94	31	57	45	22	33	
30	10	22	17	31	6	66	24	97	24	69	78	24	7	62	19	10	70	79	74	
51	15	89	98	76	86	6	13	26	99	97	70	88	21	40	31	31	37	23	81	
14	57	71	66	70	55	7	16	5	55	77	41	6	25	46	22	23	40	17	100	
51	66	23	15	76	93	84	76	43	46	32	81	3	21	37	44	99	67	18	69	
48	93	24	30	86	69	45	62	37	52	58	54	65	79	55	45	83	4	95	5	
47	66	25	48	70	55	42	28	97	35	52	1	92	89	78	75	5	18	30	14	
37	86	77	37	12	81	12	32	77	30	6	71	18	85	55	94	70	92	56	43	
11	30	58	95	93	74	20	21	12	39	24	25	91	33	96	43	76	11	95	13	
40	71	7	11	57	42	13	34	33	85	77	74	85	87	43	92	83	93	39	91	
31	65	41	19	89	32	14	56	39	7	96	62	44	22	29	12	96	81	18	51	
68	76	11	60	53	83	92	45	18	62	50	84	24	82	7	20	84	53	36	66	
1	30	90	30	16	14	88	82	95	56	100	84	31	26	53	78	45	82	41	49	
27	95	18	73	43	60	83	66	41	5	16	34	48	70	34	41	95	3	59	51	
56	16	15	5	72	20	42	100	32	33	44	87	6	26	99	68	31	62	17	91	
85	71	61	96	75	26	53	47	4	86	78	45	98	98	72	67	93	4	30	30	
On machine	21
13	88	55	59	26	37	42	56	33	95	46	61	25	71	86	11	69	94	34	41	
68	41	24	1	23	32	54	43	95	56	93	79	94	27	57	63	65	16	95	13	
33	60	84	4	81	31	62	81	78	44	73	75	92	63	93	92	78	56	50	62	
84	60	93	8	19	4	72	93	29	64	37	97	56	73	75	66	44	44	47	81	
32	8	89	12	26	39	46	20	16	8	100	16	15	52	60	12	65	26	45	76	
45	35	67	69	26	98	51	38	63	99	91	14	37	33	4	28	70	5	22	17	
82	29	29	93	17	50	54	36	59	71	23	56	46	32	19	33	75	81	38	39	
47	39	91	82	83	74	7	1	44	83	92	41	42	36	83	9	3	26	92	98	
9	42	74	36	41	1	40	4	22	43	54	32	57	45	67	10	18	12	70	6	
7	92	81	11	12	5	71	91	88	62	61	62	66	6	55	29	6	84	6	37	
95	100	16	68	20	28	77	54	81	26	56	98	40	20	3	37	25	33	32	1	
49	9	20	64	87	31	91	22	42	37	15	98	46	78	87	14	87	62	30	54	
30	10	33	35	37	36	42	75	69	41	9	5	57	87	44	85	97	29	53	21	
94	38	82	6	29	19	14	70	90	97	55	58	69	46	48	69	83	79	11	12	
55	18	83	96	89	46	5	52	58	37	57	67	64	29	19	99	94	31	97	49	
97	97	59	95	59	97	47	69	45	3	50	91	39	82	48	38	77	39	20	15	
74	27	98	21	73	31	8	50	88	43	10	10	24	56	77	34	48	64	6	37	
99	77	17	37	30	86	62	2	7	80	47	76	11	84	14	24	26	63	51	7	
72	26	28	42	92	27	42	76	23	27	48	58	24	59	80	88	61	60	52	86	
47	20	79	21	87	54	58	78	11	17	19	40	64	19	10	56	35	69	93	59	
On machine	22
15	93	45	57	33	82	40	74	22	99	80	51	64	76	70	95	81	35	24	24	
74	59	56	94	73	4	7	15	66	78	11	15	43	34	67	44	60	54	63	59	
88	85	21	44	98	26	44	19	46	26	50	2	18	17	92	17	31	43	25	45	
74	33	14	66	76	29	17	22	98	83	8	100	35	46	12	7	91	97	48	9	
4	5	19	8	61	76	9	62	29	44	60	43	67	45	87	30	23	82	23	80	
6	17	18	41	44	80	68	53	71	97	4	76	43	29	64	72	12	50	33	96	
42	29	23	84	30	7	78	80	78	29	86	28	100	43	82	68	28	31	31	83	
61	39	76	3	9	77	51	47	4	17	49	96	92	16	61	43	40	56	71	63	
83	48	40	83	56	49	83	32	14	18	16	16	21	85	62	13	40	93	43	79	
32	62	42	3	36	52	15	55	99	92	46	87	17	62	79	75	67	54	78	22	
45	45	33	30	70	56	84	61	60	51	24	13	86	92	41	30	72	100	87	23	
87	50	48	95	20	95	65	3	88	93	61	77	54	25	26	30	1	88	63	40	
66	23	87	67	23	38	32	74	68	52	17	21	72	92	16	8	67	8	48	9	
13	56	62	37	94	57	34	26	37	54	9	78	24	1	13	35	51	54	34	89	
84	9	40	87	48	99	94	17	55	34	79	48	41	13	88	15	14	37	32	78	
30	90	93	50	81	52	84	95	29	33	58	51	41	58	60	50	72	47	20	35	
14	51	63	44	99	6	71	64	11	16	6	98	90	4	22	85	31	41	29	27	
62	67	77	40	62	56	71	1	51	76	12	11	46	14	62	49	98	39	22	65	
54	33	73	6	64	8	14	31	79	71	30	86	15	91	82	51	9	47	8	77	
86	73	90	67	38	92	62	47	22	62	49	96	100	4	91	16	38	40	10	82	
On machine	23
86	77	99	61	22	88	12	29	11	72	29	61	97	86	16	37	56	37	36	13	
91	5	32	14	100	35	13	12	51	6	37	7	49	98	3	4	27	43	56	13	
13	46	7	50	38	88	84	68	28	29	3	68	96	10	97	53	7	45	35	60	
64	55	66	29	99	67	98	93	6	7	15	100	97	3	27	64	12	94	70	70	
86	45	5	86	34	80	26	24	16	67	82	93	82	60	60	61	47	31	30	70	
90	81	54	12	58	15	87	100	52	33	72	19	76	67	37	47	20	25	80	19	
27	28	74	15	92	71	55	56	83	35	24	73	83	33	34	87	22	73	32	70	
31	85	88	22	81	88	3	73	47	76	56	72	13	48	75	86	91	64	6	55	
46	86	58	25	43	22	34	31	57	93	55	98	13	5	86	78	32	88	82	96	
67	54	25	59	54	10	55	64	86	38	48	61	7	77	18	19	49	21	63	31	
98	9	75	16	81	9	63	1	12	76	38	71	58	27	66	26	31	44	13	96	
78	84	41	95	15	80	82	33	45	35	50	91	29	19	77	29	60	18	39	14	
75	51	71	19	98	17	56	79	79	10	31	25	31	84	84	92	30	2	36	42	
99	19	74	81	78	96	11	88	4	18	97	8	14	35	57	89	34	57	57	94	
97	91	17	31	38	13	56	56	28	78	40	38	25	38	56	69	17	96	63	23	
18	68	42	94	16	61	79	94	3	9	91	61	40	12	98	32	75	32	34	85	
76	93	18	97	69	31	56	21	29	27	7	26	58	48	31	12	55	32	12	9	
42	25	33	89	77	93	27	58	10	84	63	23	55	99	70	62	67	43	49	28	
18	34	92	37	20	27	14	30	88	11	60	30	87	21	55	59	8	3	59	17	
67	37	88	59	74	81	74	94	61	9	73	52	26	42	81	42	91	95	8	50	
On machine	24
87	81	6	85	50	67	78	54	78	6	40	83	43	76	4	91	78	62	18	20	
40	19	33	28	22	57	81	77	78	37	76	86	19	1	99	36	11	65	24	82	
51	74	29	44	82	4	91	79	9	80	93	69	73	69	24	90	48	82	21	15	
77	84	53	78	30	97	38	72	57	10	92	9	35	5	94	65	80	75	45	83	
69	39	14	53	60	38	70	3	66	98	51	19	25	9	23	39	35	9	73	18	
13	17	39	63	65	34	92	50	24	8	94	54	46	50	38	73	64	38	1	76	
66	53	54	55	43	48	37	58	59	50	60	28	18	63	39	29	2	98	42	15	
26	38	22	26	90	37	5	95	69	87	81	53	73	99	46	10	62	100	64	93	
37	91	51	97	57	84	5	53	90	95	80	7	43	24	43	64	42	6	13	33	
14	10	100	6	93	76	36	20	47	63	52	53	89	82	43	65	14	4	40	31	
61	5	64	18	59	2	11	51	64	48	37	35	22	99	73	14	15	72	2	86	
31	83	55	46	28	51	70	62	67	8	9	80	48	75	22	72	63	48	69	47	
60	79	52	90	40	66	37	60	70	95	34	84	51	18	57	45	56	73	58	36	
25	58	75	66	51	29	51	2	6	48	100	46	93	56	73	14	22	43	13	88	
47	14	97	98	4	81	32	62	24	51	12	68	21	89	99	63	85	45	42	50	
45	69	50	16	57	65	89	93	32	7	33	43	40	100	12	34	31	67	63	25	
63	21	65	75	54	68	29	72	68	76	85	5	94	60	74	36	99	3	4	42	
93	2	78	21	27	59	21	48	25	7	4	28	56	38	16	74	29	28	84	1	
60	52	74	57	19	21	25	97	3	19	43	9	76	17	69	97	90	46	77	78	
36	98	91	34	19	49	77	85	54	64	14	34	65	92	33	46	49	37	62	87	
On machine	25
60	53	21	3	46	92	16	95	31	17	78	56	43	19	52	2	36	26	90	89	
85	41	17	75	40	43	99	1	10	41	12	68	13	37	93	55	75	18	62	64	
73	55	39	22	70	28	84	60	40	77	22	22	63	67	84	36	8	19	71	43	
56	82	79	69	86	90	25	45	39	24	89	77	31	87	85	46	5	76	36	63	
45	64	76	19	3	18	92	90	43	83	83	40	82	43	28	2	60	6	12	91	
100	76	56	89	7	34	77	64	10	73	90	9	81	91	85	52	40	46	74	5	
87	99	97	78	13	30	33	31	13	88	100	66	10	40	2	57	74	18	18	71	
52	71	51	52	15	30	11	72	86	72	63	18	83	17	98	72	62	8	93	44	
20	20	6	40	97	53	30	53	6	14	80	74	32	28	26	26	63	35	83	16	
48	18	14	98	46	44	88	5	22	38	76	63	21	53	97	77	47	80	24	4	
97	29	29	99	62	54	51	45	81	30	93	85	86	39	60	28	11	44	100	42	
88	17	44	64	92	93	18	69	44	6	23	70	77	80	10	4	100	79	28	21	
69	87	53	97	68	10	74	70	99	33	50	81	44	93	34	79	64	60	66	28	
24	56	73	10	34	48	17	42	50	66	94	55	85	99	53	56	1	95	39	83	
7	72	90	3	43	58	18	93	64	87	87	36	25	69	63	42	71	77	62	16	
63	27	98	35	77	2	71	55	51	90	80	93	69	74	55	73	74	28	1	58	
29	31	36	75	59	10	89	32	28	40	8	13	48	42	80	21	73	59	90	19	
39	71	23	93	44	25	62	21	57	26	21	73	50	72	7	54	51	29	91	94	
8	96	1	11	6	73	58	58	95	11	76	20	17	33	71	87	16	59	3	13	
45	67	16	48	58	96	77	62	62	59	40	91	46	77	69	78	23	76	36	79	
On machine	26
34	53	93	87	81	58	38	90	98	22	11	89	28	57	9	22	75	100	98	35	
69	31	76	41	34	23	14	93	70	68	19	4	100	61	4	15	82	45	12	23	
35	90	97	65	57	63	32	94	64	16	37	58	83	91	68	42	92	29	40	34	
65	80	55	57	83	8	29	10	5	32	50	80	15	29	3	6	39	23	25	94	
35	34	81	52	59	36	38	93	15	30	3	71	38	8	53	86	89	79	72	9	
85	66	16	73	34	26	51	26	16	75	28	23	2	35	91	27	6	33	35	83	
75	23	95	26	54	77	22	99	97	11	84	77	69	10	29	76	7	9	39	19	
56	10	31	33	12	54	83	15	67	38	46	55	98	39	17	2	15	2	92	30	
25	21	17	32	75	78	49	8	96	30	64	73	18	92	40	28	95	47	5	83	
90	20	72	95	86	71	35	67	83	26	24	19	59	26	59	55	36	10	71	35	
21	57	18	40	68	92	68	27	25	99	69	77	5	22	9	13	1	2	79	4	
93	34	96	56	92	100	95	4	91	12	14	43	16	57	26	16	78	62	24	45	
82	47	20	96	65	71	23	49	54	71	6	41	55	96	14	11	39	91	41	23	
3	31	69	77	7	79	25	55	9	20	69	50	47	13	85	44	15	65	67	21	
1	26	38	69	35	34	100	5	46	50	56	47	73	2	7	9	3	51	4	40	
47	42	65	99	74	24	22	89	25	4	40	82	24	40	16	59	75	81	28	39	
28	84	44	21	92	25	60	18	85	32	27	38	29	3	25	10	66	92	41	48	
67	62	7	5	36	19	95	84	52	46	95	70	61	26	12	23	49	48	41	1	
20	51	3	28	7	75	73	88	18	29	3	72	96	47	7	58	43	26	12	19	
26	46	51	75	12	3	88	12	68	99	92	94	97	56	31	58	77	31	18	46	
On machine	27
66	45	71	77	19	40	11	80	17	34	66	6	95	7	23	19	26	40	83	89	
27	99	40	55	97	96	86	49	40	91	44	7	4	72	87	48	4	4	79	75	
85	66	55	48	38	86	46	64	67	46	83	48	40	43	3	3	41	24	83	100	
46	87	34	23	94	50	69	49	83	85	65	66	31	74	24	82	56	84	19	44	
53	15	29	17	52	12	16	89	49	19	28	20	21	21	22	64	81	12	26	79	
95	46	75	60	49	38	19	71	10	42	16	88	99	3	58	21	33	89	59	77	
58	44	60	69	41	21	96	55	43	18	44	29	18	3	57	1	40	3	97	86	
10	38	69	11	40	31	42	9	25	99	53	48	50	34	61	68	56	2	83	27	
48	9	11	31	17	40	55	85	42	23	18	33	7	75	16	69	94	6	48	100	
60	4	10	6	95	48	63	84	63	6	98	93	21	71	26	88	87	85	80	21	
56	92	4	87	21	77	80	32	42	55	30	98	12	72	40	78	57	45	100	59	
61	70	19	91	18	98	87	66	29	62	89	24	91	66	15	21	14	99	79	93	
64	80	34	61	54	70	68	33	82	63	8	27	10	37	32	82	58	9	63	50	
86	38	67	8	17	19	2	28	43	12	57	77	10	12	19	8	84	5	98	8	
1	35	70	41	68	75	34	1	18	8	90	5	58	85	83	51	8	5	50	75	
20	8	13	6	23	76	75	51	12	27	82	54	5	54	96	82	85	55	26	34	
58	28	92	82	75	5	51	85	77	73	5	11	45	69	98	38	73	2	22	52	
74	85	18	40	71	24	55	40	66	62	23	68	49	16	52	82	40	58	32	100	
48	25	6	12	58	11	83	5	41	52	42	77	35	45	64	45	48	72	21	96	
50	42	42	61	9	52	7	10	64	49	70	35	99	92	5	67	6	39	2	83	
On machine	28
47	95	86	62	74	35	38	87	86	4	38	14	42	29	61	30	3	95	27	35	
35	42	21	29	53	97	60	1	18	67	35	30	96	68	70	88	69	82	46	95	
63	85	9	59	9	90	13	94	10	87	1	57	50	20	6	87	59	14	63	76	
63	87	62	56	65	6	47	74	22	72	68	42	77	75	99	70	17	39	71	45	
36	86	3	73	97	95	28	90	28	86	93	49	98	79	19	17	49	36	13	11	
55	70	15	90	71	15	98	42	6	78	43	74	64	51	87	52	94	84	74	58	
98	40	64	62	29	58	38	36	90	68	34	43	1	70	11	48	67	58	92	41	
76	42	98	6	31	95	19	40	24	25	78	80	30	31	43	97	38	92	22	9	
86	43	21	90	28	81	40	25	29	36	97	59	14	69	78	96	86	70	70	9	
67	40	66	13	6	90	33	92	64	60	13	33	9	90	24	33	93	73	27	50	
60	29	82	86	54	8	21	24	89	66	51	24	1	41	83	2	73	56	13	54	
94	6	30	81	47	88	40	52	56	44	33	34	78	47	88	46	46	5	1	86	
56	40	43	94	40	58	22	64	12	36	62	90	63	77	60	100	76	57	28	90	
87	97	30	100	27	29	16	28	51	20	93	70	67	4	22	16	77	45	49	90	
97	62	28	40	38	94	56	2	94	42	10	65	98	52	72	90	77	78	95	5	
82	100	70	18	61	88	30	79	72	74	18	97	16	87	27	81	67	18	7	73	
99	45	52	57	76	74	68	74	70	89	84	87	22	59	54	43	56	37	7	21	
63	76	41	97	26	91	12	95	79	63	60	8	54	61	88	79	5	81	74	71	
68	25	15	37	55	57	29	22	47	47	44	31	99	58	63	59	15	29	23	75	
10	47	79	25	94	69	9	89	14	17	30	52	17	73	5	96	34	47	17	100	
On machine	29
28	11	46	51	22	44	23	85	79	65	79	18	93	21	100	49	6	61	24	90	
100	94	78	80	43	60	34	20	54	10	82	90	53	9	39	24	16	75	99	83	
29	73	93	57	2	96	99	43	50	93	32	69	83	100	39	85	39	52	63	37	
12	10	9	55	49	74	41	31	36	74	2	51	18	49	12	100	29	15	65	15	
57	49	97	95	87	49	60	76	16	92	23	23	100	97	78	13	93	64	44	56	
81	31	7	30	74	31	79	98	1	29	94	11	35	58	14	44	48	32	65	17	
75	34	51	38	29	89	10	46	93	62	85	23	48	83	50	96	40	22	92	83	
24	3	72	37	72	78	46	53	66	80	47	44	31	25	93	41	41	97	93	84	
25	84	10	90	58	78	41	76	88	16	94	34	44	31	20	1	64	62	50	92	
94	80	96	86	69	81	56	44	89	94	2	74	31	77	30	86	64	29	56	70	
59	84	58	81	82	90	15	3	93	65	16	27	59	84	95	12	22	6	39	53	
48	39	35	77	53	11	29	60	13	35	61	21	26	55	82	12	22	43	60	24	
21	73	3	21	76	13	2	3	32	8	53	40	23	71	30	76	72	8	14	29	
66	75	77	49	23	93	93	39	67	19	89	62	4	40	41	80	78	66	83	77	
69	25	57	75	88	86	85	83	37	79	80	45	100	25	72	64	82	100	7	2	
77	59	69	39	45	79	73	4	89	6	40	30	7	27	70	82	34	74	63	50	
88	83	34	45	60	100	46	41	16	1	83	100	6	93	15	1	51	5	3	1	
88	51	100	87	54	55	51	13	29	36	100	8	6	51	3	40	77	35	44	67	
27	41	69	21	61	35	50	57	33	6	33	40	66	30	73	7	1	75	50	81	
74	75	93	45	18	78	87	76	54	32	12	24	89	10	20	62	45	32	61	17	
On machine	30
76	71	85	17	66	36	82	72	9	98	67	61	99	38	77	38	17	37	59	29	
12	51	95	12	1	45	17	82	42	75	26	58	55	22	87	31	33	50	53	100	
22	98	52	74	2	5	80	45	13	59	11	35	69	51	92	5	44	65	44	19	
22	51	77	64	78	1	39	65	28	39	86	2	58	74	59	11	39	98	92	54	
62	64	77	8	67	74	56	39	88	35	26	62	34	77	73	11	82	87	9	24	
67	70	39	74	27	91	45	79	67	54	95	21	23	16	18	58	85	63	1	43	
52	13	48	47	88	74	36	9	29	44	18	29	26	80	17	70	89	44	33	59	
22	66	30	18	83	31	11	72	56	79	31	97	70	4	44	73	60	45	50	81	
57	70	66	48	35	13	69	79	57	73	79	26	65	40	16	45	18	44	77	38	
100	31	34	55	66	6	3	95	57	49	35	14	60	59	16	82	75	17	46	69	
81	25	92	91	59	88	87	2	2	3	86	86	84	33	49	15	76	25	77	86	
87	78	78	86	98	10	94	2	33	6	65	7	72	70	96	99	100	82	20	49	
29	20	8	33	99	16	61	62	8	75	91	88	21	95	78	11	64	9	77	27	
5	26	11	38	55	7	33	57	95	40	70	38	17	31	30	64	16	75	12	94	
39	38	22	31	65	73	76	19	78	14	88	87	21	59	85	79	27	62	63	60	
35	51	61	28	96	61	84	9	4	40	61	31	87	4	50	96	74	19	74	13	
57	30	93	69	44	72	37	76	89	69	90	97	70	12	96	32	28	39	92	22	
77	55	48	50	46	86	10	85	98	63	69	9	38	79	18	33	38	34	50	34	
2	66	52	3	3	100	62	58	70	47	1	76	28	43	26	86	56	94	97	2	
42	65	64	77	29	32	91	31	43	97	9	4	6	93	14	68	13	52	16	46	
On machine	31
78	99	89	83	2	48	72	52	7	96	92	94	80	11	63	80	33	61	76	34	
90	58	32	68	19	80	51	21	93	43	36	26	57	58	75	3	93	10	32	89	
98	11	83	68	13	23	10	46	59	59	50	72	48	92	15	55	65	86	44	97	
31	66	32	74	8	22	22	83	36	47	77	39	3	73	26	7	76	65	63	55	
90	70	46	24	100	61	25	8	44	98	26	26	13	36	23	29	62	75	90	34	
85	5	86	6	32	80	41	92	45	42	16	93	43	77	21	68	3	89	88	82	
64	73	29	33	64	61	20	52	25	9	36	3	94	12	81	25	67	96	98	8	
99	87	77	32	74	32	72	14	68	98	32	78	81	19	12	32	93	11	94	8	
63	29	76	41	20	41	43	38	73	99	77	22	61	13	59	53	75	72	24	70	
1	49	41	88	60	48	99	47	35	93	75	75	19	98	56	73	1	3	97	54	
58	4	73	99	80	54	18	17	38	63	9	92	70	35	39	26	40	15	51	46	
74	89	92	1	26	6	57	86	63	46	74	62	5	81	26	41	98	31	78	60	
82	82	61	48	19	98	56	70	94	48	76	20	6	88	81	33	16	76	13	93	
75	46	55	16	32	89	81	7	14	49	98	81	33	99	14	72	19	33	53	16	
72	13	89	68	30	47	20	44	62	65	73	98	51	75	1	29	53	44	17	33	
97	69	24	96	38	27	1	97	68	21	32	84	33	78	11	37	48	52	92	10	
53	99	82	75	2	94	60	84	66	69	1	67	41	97	28	32	79	51	23	82	
82	38	21	85	8	19	24	80	64	100	83	65	37	68	15	11	77	58	68	2	
42	87	91	59	4	63	78	56	32	17	15	11	18	98	70	39	31	27	96	64	
76	91	61	81	82	10	92	86	74	98	25	3	54	77	47	97	32	89	30	39	
On machine	32
71	92	69	26	83	88	67	16	67	38	5	81	65	93	43	57	72	89	76	34	
80	80	94	2	75	38	58	53	88	86	56	98	61	51	92	9	42	5	97	16	
62	83	14	66	40	30	56	66	49	83	13	76	28	54	59	35	16	13	97	18	
95	36	73	42	6	66	36	9	60	30	71	9	58	19	96	3	50	4	21	30	
59	97	43	38	76	64	29	49	99	6	30	52	83	70	2	1	38	98	6	80	
1	65	5	45	89	90	94	89	91	61	8	18	15	4	40	26	45	60	68	35	
100	63	5	20	64	47	56	71	30	5	37	66	1	83	58	41	29	92	74	29	
85	27	18	24	92	15	6	26	19	87	6	53	9	70	28	27	30	16	62	17	
58	33	50	99	18	99	35	89	63	77	24	84	87	17	25	38	64	71	84	66	
74	66	51	81	33	1	12	18	22	90	51	30	80	55	46	31	21	95	38	90	
79	59	30	24	55	86	78	63	29	69	85	39	45	46	85	2	32	69	23	66	
14	52	77	33	35	6	89	44	99	82	70	26	17	52	59	20	65	92	13	69	
69	11	29	70	52	14	17	97	51	43	95	67	51	97	91	97	86	98	4	34	
37	90	61	95	57	48	22	30	3	1	14	88	64	62	59	41	71	85	94	93	
20	3	81	85	92	57	16	61	25	52	13	54	23	22	88	20	23	80	52	48	
7	13	77	17	56	72	94	11	24	42	69	25	94	70	100	88	41	37	58	58	
92	33	67	47	50	42	3	99	40	80	30	46	32	66	46	51	21	33	53	28	
32	70	2	62	18	97	8	29	17	97	63	58	96	76	91	32	85	25	24	68	
17	97	51	28	23	71	8	4	25	14	61	58	96	45	86	70	16	1	87	2	
22	72	90	28	16	33	84	85	81	20	57	9	60	72	80	38	82	29	55	38	
On machine	33
25	68	74	28	88	54	73	100	18	51	77	57	65	86	10	73	59	21	84	34	
39	17	5	37	55	43	28	56	39	57	56	29	44	10	47	97	41	76	79	33	
27	24	48	70	33	21	15	16	24	93	34	17	81	84	99	68	55	93	41	74	
61	75	63	100	49	42	24	99	12	88	79	77	97	55	58	61	45	84	43	52	
1	72	25	29	97	35	35	50	2	40	31	63	23	84	25	3	13	12	51	24	
95	24	45	71	82	48	13	97	42	37	71	80	27	74	67	94	29	96	18	59	
96	91	56	70	85	21	78	19	3	57	50	95	69	49	42	13	35	84	20	37	
94	27	22	65	77	36	100	30	12	8	2	100	34	11	95	46	67	37	31	14	
46	65	17	10	50	70	8	2	44	18	47	42	40	80	70	6	60	90	20	47	
40	3	93	55	55	49	9	55	58	20	81	72	38	89	39	81	56	76	63	21	
8	97	88	65	13	13	22	91	11	12	15	41	28	40	68	73	39	50	30	17	
58	63	43	69	8	63	7	87	8	97	80	48	96	47	7	70	52	32	21	11	
87	96	41	53	86	63	8	61	80	89	56	46	78	18	49	96	36	57	16	28	
75	90	83	85	71	70	37	82	47	74	37	82	86	4	58	13	57	19	22	83	
50	77	15	32	98	26	50	54	40	66	19	93	27	66	31	78	63	79	44	16	
43	84	61	80	31	65	91	17	36	89	53	68	45	99	97	84	37	28	88	34	
68	9	72	66	52	96	32	18	88	12	69	5	91	52	5	2	34	85	1	87	
70	49	38	8	31	92	2	89	16	62	22	25	5	100	6	33	7	89	67	68	
96	2	25	75	26	30	58	70	37	78	23	69	23	74	66	59	35	2	39	35	
76	50	36	18	54	97	73	97	7	80	30	73	42	83	45	60	8	97	74	82	
On machine	34
90	7	42	14	8	41	96	31	43	67	74	95	70	78	10	5	40	7	37	73	
34	25	93	4	80	20	52	85	59	76	7	24	51	52	89	72	93	37	13	6	
25	88	97	97	2	40	93	78	13	48	17	59	89	48	66	44	34	48	99	13	
4	25	58	44	4	30	33	97	100	27	74	24	88	18	92	90	48	89	8	63	
61	2	54	24	50	60	88	72	64	12	18	51	40	64	36	59	43	7	56	19	
1	43	43	97	80	23	96	96	96	48	45	3	52	48	35	47	58	99	92	97	
76	42	67	27	40	36	92	99	23	77	68	77	14	86	13	74	10	14	100	24	
1	39	87	89	90	67	39	29	57	12	72	35	51	17	37	23	26	86	44	10	
94	16	46	44	61	66	47	22	65	30	49	83	7	75	33	28	57	24	10	16	
12	27	75	65	31	58	5	7	98	5	41	17	70	6	13	98	53	42	80	84	
11	46	2	6	98	88	45	9	96	29	27	35	86	76	53	35	89	87	68	22	
62	57	63	73	8	15	100	11	49	99	96	35	41	66	97	26	31	51	78	4	
33	4	11	68	49	53	85	21	67	11	7	81	72	21	1	37	29	65	10	99	
97	54	96	14	36	49	36	86	31	56	84	49	94	15	93	14	3	25	72	20	
1	90	40	91	50	42	6	100	37	82	41	98	9	96	80	20	88	88	85	32	
56	49	82	80	13	40	22	23	29	34	72	15	18	27	19	65	62	66	37	89	
22	7	35	51	44	94	85	8	27	42	38	27	40	92	41	78	68	88	72	81	
94	50	47	55	4	20	83	16	26	37	79	60	51	96	40	32	38	32	36	40	
50	30	86	91	20	98	52	4	53	66	84	33	66	67	1	95	78	74	75	90	
36	35	75	34	90	35	16	54	11	28	99	44	11	95	22	88	54	95	100	55	
On machine	35
31	21	29	42	19	50	67	54	10	13	26	23	48	69	86	84	38	46	59	3	
91	54	87	38	5	29	63	22	31	61	18	93	79	32	80	53	68	28	92	93	
30	24	22	80	87	93	1	55	52	97	80	7	35	7	10	21	78	18	20	34	
17	36	38	26	51	83	66	8	12	53	27	35	19	95	17	16	75	58	30	59	
99	79	17	6	33	57	78	18	12	6	76	6	24	74	71	93	63	91	93	94	
27	22	86	42	38	15	92	20	4	2	68	57	83	48	28	61	55	93	11	79	
40	9	75	72	97	72	22	3	52	1	2	78	63	94	98	94	99	4	51	60	
17	31	62	72	41	9	3	62	91	26	9	12	16	7	24	5	1	52	87	34	
56	82	81	8	63	13	6	33	28	17	52	24	29	80	86	82	56	6	96	54	
6	81	4	96	78	45	88	97	88	75	32	53	75	42	50	59	45	25	9	16	
89	33	33	19	99	41	30	86	26	80	37	22	11	40	35	34	9	13	66	33	
59	39	9	62	59	7	67	1	68	35	98	78	41	53	67	15	93	75	72	85	
19	32	44	49	26	13	49	30	40	84	90	66	60	14	26	27	12	54	72	30	
79	87	80	8	35	89	47	25	96	31	84	62	61	14	12	85	41	71	15	41	
60	70	25	48	66	1	17	5	64	58	21	33	3	64	55	41	92	24	89	30	
78	13	76	17	51	99	92	25	67	34	48	27	34	76	47	98	11	32	61	56	
22	78	14	90	62	75	82	17	91	29	73	68	39	74	12	21	72	60	11	94	
24	11	38	19	19	100	87	7	5	45	53	25	31	2	9	33	31	42	1	50	
50	93	65	51	5	91	29	42	23	10	47	13	33	53	18	26	57	77	27	28	
98	91	29	21	86	13	8	44	61	92	35	93	88	4	48	67	19	39	40	16	
On machine	36
23	64	57	71	12	55	19	69	2	23	39	48	66	39	64	59	96	45	34	22	
72	47	57	78	32	99	99	50	9	63	70	43	37	20	78	98	62	52	12	42	
38	83	15	26	48	57	31	55	83	99	60	59	86	8	67	16	66	39	63	4	
26	84	43	85	25	43	11	78	5	95	80	18	49	46	24	41	31	73	55	16	
20	26	58	80	28	16	36	75	88	80	6	85	45	26	94	57	91	19	85	25	
24	46	80	99	95	89	21	2	45	71	81	94	58	36	2	90	82	50	10	10	
62	70	56	31	21	32	21	71	44	96	24	27	18	66	31	60	42	21	80	46	
72	69	32	93	18	59	52	86	62	30	67	99	57	31	18	81	13	98	19	25	
44	83	30	62	49	62	61	1	78	82	38	25	82	25	61	15	13	73	73	20	
34	40	99	65	67	11	16	3	63	13	69	10	56	56	100	90	87	29	97	19	
76	42	67	72	98	21	32	14	29	50	3	14	69	60	43	97	71	8	48	68	
16	12	17	31	1	24	66	7	50	52	15	76	67	98	61	67	65	93	47	33	
64	43	26	28	94	33	62	64	20	47	38	74	57	42	17	72	30	20	47	72	
50	28	25	78	36	7	71	89	77	31	19	34	10	74	96	69	87	37	82	96	
68	21	87	37	8	74	76	1	37	9	22	77	34	43	30	24	67	39	95	79	
54	1	79	96	50	16	80	37	23	56	53	44	23	45	28	52	15	13	99	91	
31	28	10	58	58	34	28	45	39	7	29	3	12	95	81	30	10	72	1	34	
78	79	4	15	4	1	67	80	77	79	38	17	76	6	44	83	88	40	89	73	
31	32	19	7	41	88	91	100	26	21	12	26	52	100	13	8	70	74	61	28	
18	20	63	24	64	28	90	26	98	63	71	45	10	4	31	29	42	9	27	84	
On machine	37
26	31	10	25	87	56	16	95	89	63	86	98	100	42	70	15	1	81	60	5	
63	68	69	15	99	60	81	49	35	6	26	74	28	37	57	99	23	100	23	44	
83	11	74	83	79	19	35	56	47	61	74	93	13	36	20	92	24	99	33	49	
46	19	81	10	90	93	23	52	61	44	44	35	34	7	1	80	84	85	42	33	
1	1	96	43	63	25	36	93	6	97	64	46	53	76	87	4	46	83	89	25	
40	79	29	7	69	12	67	3	3	8	93	20	78	2	95	91	33	11	74	91	
49	96	65	33	90	60	91	64	23	61	73	73	44	82	80	17	90	98	93	13	
31	73	21	83	61	77	92	75	49	70	51	41	70	41	72	99	86	13	88	51	
35	88	79	21	34	16	89	44	25	97	23	67	39	13	82	4	95	42	67	10	
87	62	25	65	28	38	22	88	94	6	73	41	28	59	34	6	12	42	31	2	
52	3	40	63	50	62	100	95	100	5	28	8	26	67	7	100	46	43	88	40	
74	3	95	46	5	21	54	24	71	62	46	89	25	48	99	67	74	5	85	28	
16	56	6	16	6	81	46	62	47	100	52	1	27	12	60	32	51	27	79	65	
57	84	59	24	50	31	89	25	66	68	36	24	13	22	83	32	79	42	96	38	
12	65	56	45	77	6	19	86	66	24	66	27	82	75	64	9	52	85	4	46	
87	72	56	82	76	53	23	13	84	49	31	17	59	98	58	51	39	67	48	31	
96	48	54	66	89	37	56	9	99	17	91	86	97	96	36	17	49	22	78	5	
37	80	28	15	87	62	17	93	42	95	33	5	65	60	82	40	59	37	34	58	
57	76	69	39	2	85	85	26	83	6	45	5	61	84	48	84	63	82	7	93	
28	18	18	12	85	51	40	94	15	81	29	5	74	78	40	20	46	61	25	62	
On machine	38
50	31	54	94	16	70	15	70	19	20	80	76	79	61	20	94	11	32	25	74	
55	49	41	11	78	15	17	52	47	24	71	45	77	21	56	31	85	64	27	33	
95	89	24	98	61	75	2	28	48	51	43	22	76	47	99	18	36	50	95	41	
38	63	87	100	87	26	67	41	10	8	39	95	15	1	46	44	2	9	67	54	
77	95	53	58	45	49	73	44	27	8	60	8	38	17	27	29	81	66	10	24	
76	66	12	25	94	11	2	49	50	65	13	36	46	70	28	5	25	26	81	36	
92	32	72	43	84	46	33	67	9	4	11	12	30	56	41	65	32	88	18	91	
95	31	69	45	28	24	44	91	43	73	51	9	16	22	46	25	89	72	67	70	
44	17	6	52	65	80	61	88	80	11	60	92	67	39	65	73	82	41	70	100	
8	71	31	20	45	96	12	32	1	18	10	17	36	81	82	56	69	42	73	31	
73	22	87	78	36	73	29	9	14	76	91	17	85	66	82	42	44	8	24	68	
21	20	42	74	7	73	73	73	46	35	28	16	38	20	84	11	63	96	93	100	
95	57	64	8	30	64	44	58	2	82	27	16	19	36	56	8	58	26	77	50	
72	83	57	63	70	80	18	14	38	86	74	3	38	20	53	61	27	55	94	47	
98	47	39	26	93	10	6	8	85	63	1	71	2	72	57	12	4	42	66	43	
91	39	91	41	13	3	57	76	99	79	91	59	36	49	48	59	92	89	55	2	
38	32	4	64	15	78	11	32	34	14	23	46	81	90	15	12	49	66	5	73	
49	95	30	34	72	1	52	88	39	69	74	38	47	48	37	84	3	46	93	74	
56	71	86	62	1	17	80	79	16	73	100	66	18	87	25	57	15	70	8	65	
54	94	14	86	93	69	55	53	44	77	31	61	23	80	67	16	5	42	74	79	
On machine	39
59	42	92	97	28	7	44	48	79	32	9	77	74	87	64	95	1	2	92	48	
34	92	23	99	11	15	34	30	80	99	61	40	84	37	46	34	53	53	27	91	
52	64	88	71	44	15	18	70	66	11	20	16	35	75	18	71	82	8	43	71	
10	16	82	20	51	20	55	37	48	66	71	76	88	65	34	66	38	62	42	68	
84	75	78	55	42	7	56	3	60	34	61	48	82	73	98	8	96	85	56	13	
41	15	18	25	93	93	15	45	65	15	56	25	79	63	59	18	62	74	97	9	
35	27	33	35	76	80	92	43	89	44	98	45	13	83	54	99	74	83	89	97	
63	90	47	95	9	11	8	7	95	86	3	49	97	14	90	70	47	45	93	15	
39	71	83	20	56	27	93	79	14	11	78	56	30	94	7	69	69	59	43	60	
65	44	30	61	2	50	41	73	30	92	63	24	32	46	44	33	62	64	93	7	
1	75	87	60	17	84	39	18	60	97	51	21	68	46	27	82	8	23	14	15	
88	84	98	65	48	3	58	59	13	76	13	88	52	92	78	38	64	14	60	4	
66	3	87	11	87	53	42	97	37	20	3	28	22	44	42	46	81	31	95	56	
24	74	87	15	59	97	38	84	69	1	3	70	17	35	12	6	37	70	15	35	
79	82	82	30	48	25	23	59	73	64	30	57	47	16	80	78	82	26	61	22	
41	8	35	31	63	52	85	46	4	53	73	98	91	8	81	97	100	51	14	31	
87	20	35	1	74	100	20	60	64	85	9	62	38	47	49	73	86	65	70	42	
37	49	84	35	80	47	89	40	72	65	97	90	7	80	83	58	79	60	71	4	
71	15	83	69	53	17	54	20	53	2	71	47	53	58	18	55	98	34	2	78	
78	66	40	78	82	71	72	53	34	34	68	4	62	49	50	46	99	32	64	5	
On machine	40
36	56	59	67	35	69	92	88	2	66	2	38	81	54	48	73	74	73	66	81	
86	57	25	5	50	29	41	44	62	21	100	95	98	18	21	79	25	25	60	12	
92	23	68	37	50	98	93	67	14	9	22	74	68	88	61	64	13	53	69	44	
86	84	58	37	100	94	49	15	8	35	56	9	67	89	54	79	40	94	71	65	
91	82	22	45	93	89	60	74	84	62	69	37	52	70	64	8	12	8	18	55	
48	76	82	17	59	31	10	29	90	53	55	20	81	97	65	60	83	84	29	31	
58	39	93	92	83	46	7	98	74	93	40	67	97	45	53	3	76	68	85	57	
12	69	89	63	20	80	7	2	6	88	78	35	89	52	75	56	83	30	19	82	
79	15	93	54	9	21	10	19	76	54	8	42	92	75	55	56	43	22	91	100	
36	4	8	70	9	87	74	31	66	54	36	83	23	59	44	89	74	20	76	50	
97	65	63	28	81	78	32	15	29	25	41	55	61	81	48	87	94	86	36	21	
25	23	23	77	83	25	26	18	88	65	76	80	18	40	3	22	67	28	81	4	
66	77	37	34	85	75	18	65	29	50	32	28	16	14	58	20	4	49	90	19	
59	12	62	75	55	52	4	66	60	51	16	51	49	20	50	1	90	75	15	10	
49	62	95	9	88	72	67	71	19	56	2	65	35	52	36	71	23	15	31	63	
66	71	99	9	94	32	73	29	18	30	39	85	98	90	11	2	21	2	65	61	
53	22	14	65	30	74	72	64	27	61	82	26	81	73	73	20	26	83	86	18	
92	32	56	33	27	41	8	55	21	1	31	58	71	37	71	21	30	11	51	38	
71	81	75	68	61	72	36	86	86	65	26	2	73	44	48	53	6	74	77	81	
86	61	17	49	69	52	49	93	47	24	55	20	35	90	85	38	50	30	41	53	
On machine	41
60	63	23	11	52	76	81	31	61	51	17	99	30	58	44	74	98	72	56	31	
53	1	75	91	88	13	58	25	98	12	65	13	57	39	84	75	20	15	45	1	
19	81	66	71	6	89	36	17	63	48	51	52	63	4	14	20	94	36	8	4	
81	11	32	16	18	57	24	100	76	22	47	55	31	5	6	11	92	6	40	73	
79	82	82	6	22	9	45	59	90	1	46	12	16	28	29	11	77	8	10	50	
7	1	7	46	15	11	25	14	97	34	91	98	53	71	42	22	40	99	22	46	
15	52	8	82	36	32	68	24	51	29	98	58	62	45	94	69	31	74	36	70	
26	60	10	58	91	46	89	24	12	74	41	9	43	12	25	77	100	89	11	95	
27	30	9	1	70	11	5	90	16	9	15	90	65	48	87	41	19	32	82	86	
33	31	61	65	99	28	23	92	49	82	82	84	95	89	54	8	82	6	69	87	
23	4	51	100	25	13	39	44	65	90	65	49	6	62	86	65	92	76	47	51	
42	9	84	27	85	42	79	15	100	65	74	13	10	48	6	65	63	19	90	9	
18	67	33	70	56	35	16	25	58	21	100	83	34	9	30	84	10	79	67	59	
1	29	56	16	80	26	21	41	88	31	79	75	71	84	100	13	81	6	46	4	
65	68	88	21	12	100	4	100	41	94	37	4	46	85	36	3	5	99	56	13	
38	35	79	61	86	24	8	62	42	8	43	84	35	8	25	93	12	86	86	60	
91	67	70	94	84	32	98	83	14	20	57	47	39	44	33	35	27	36	56	51	
82	17	68	87	47	68	66	35	13	82	64	66	13	84	47	40	71	61	21	13	
74	14	97	54	24	68	3	82	76	82	66	15	19	80	79	35	27	76	52	94	
99	32	94	79	42	23	97	14	29	43	54	26	42	34	60	7	62	100	75	73	
On machine	42
5	30	90	4	87	94	81	59	1	70	8	31	20	35	39	89	35	59	79	35	
49	15	76	60	68	21	63	24	4	51	11	28	2	67	45	79	64	2	79	70	
45	92	12	78	4	59	44	9	46	27	37	50	11	77	86	16	64	53	85	91	
78	15	41	35	38	20	66	50	41	43	40	40	37	32	24	16	50	28	20	82	
60	61	4	43	82	26	33	1	9	55	92	4	99	44	99	33	8	18	69	6	
10	27	6	34	15	71	84	51	54	66	81	32	76	23	61	17	92	22	67	52	
65	17	57	57	51	39	72	9	58	90	60	15	85	16	47	51	78	5	80	75	
2	7	39	99	7	46	39	16	41	91	20	43	61	14	37	86	55	53	68	95	
78	16	51	30	13	90	78	19	23	76	7	90	7	55	64	5	48	29	31	86	
54	59	83	57	4	22	89	3	94	54	7	88	92	38	4	36	77	21	12	75	
37	31	10	15	99	60	5	77	81	89	55	36	11	63	96	55	82	24	56	54	
46	7	92	88	43	73	47	79	82	84	21	29	18	1	40	54	74	94	3	100	
85	34	91	45	58	64	60	17	48	29	27	56	91	70	70	87	93	18	84	37	
53	59	47	17	13	52	17	70	98	67	37	11	80	20	89	98	12	23	43	53	
13	47	93	46	26	63	1	12	38	41	74	70	37	25	36	4	15	9	97	39	
56	9	80	48	75	78	66	82	78	72	24	22	49	11	37	37	41	21	45	30	
90	70	57	39	32	20	41	53	99	77	77	18	81	40	41	23	49	54	63	79	
70	11	36	91	61	95	74	22	89	95	96	30	29	88	74	8	48	70	42	38	
76	86	31	30	8	41	92	16	60	25	57	5	77	40	39	28	30	46	86	17	
16	65	43	85	41	19	79	56	68	44	40	62	72	52	68	57	100	81	90	26	
On machine	43
18	86	79	5	56	45	4	62	11	16	16	98	100	24	35	45	68	46	20	92	
44	15	20	29	66	9	3	73	19	60	94	96	95	5	35	15	84	98	4	60	
72	62	55	76	63	91	71	60	92	40	45	74	3	12	74	64	97	58	7	6	
76	94	64	89	8	94	50	100	84	82	32	30	86	44	23	45	4	10	81	22	
42	3	64	84	97	43	18	1	68	62	50	89	39	55	80	11	17	10	40	78	
99	56	91	57	38	76	20	38	75	54	36	15	36	24	95	68	46	81	81	70	
85	65	89	6	78	50	59	99	80	99	46	84	50	10	86	89	56	35	10	82	
18	40	97	27	63	53	81	82	23	94	11	75	11	19	14	63	16	58	39	55	
81	9	37	49	54	19	9	69	36	65	39	99	87	85	29	72	86	82	57	23	
31	45	88	38	47	32	31	4	17	28	24	34	39	17	90	13	73	46	38	94	
78	60	13	88	9	51	25	41	73	95	88	70	12	12	76	19	2	70	40	69	
100	67	71	38	47	41	4	28	61	36	16	88	45	58	96	72	8	23	48	55	
5	73	76	91	44	25	88	17	20	11	91	60	77	86	40	20	42	69	10	43	
83	69	58	53	72	34	3	28	42	56	35	81	50	6	44	25	76	4	12	70	
29	16	7	95	87	33	69	37	73	12	98	30	80	5	31	84	74	58	67	59	
46	55	44	6	59	52	79	28	89	28	17	27	29	72	62	38	5	8	72	60	
33	82	96	48	23	78	36	70	13	17	53	86	3	1	72	64	3	73	75	70	
45	31	4	21	36	19	96	95	29	93	52	27	50	25	33	50	31	89	70	53	
4	5	96	77	36	10	50	80	78	95	89	6	46	14	94	14	15	99	36	84	
9	77	7	87	6	16	3	41	45	49	27	32	100	12	45	8	70	60	68	69	
On machine	44
9	55	64	90	61	49	20	47	83	93	52	52	11	13	7	17	59	50	97	13	
82	60	16	61	80	35	5	32	30	74	83	15	75	83	34	39	77	1	54	8	
53	74	73	37	83	23	100	76	45	69	54	26	99	70	71	7	41	100	98	65	
81	1	27	80	70	68	4	87	39	63	58	32	17	72	24	64	65	72	24	61	
87	72	58	7	4	2	30	3	73	37	37	7	22	56	65	76	34	86	37	23	
42	41	54	54	40	49	32	65	65	61	96	22	57	77	8	3	5	52	51	14	
5	68	59	84	22	34	18	49	9	42	95	66	77	63	84	85	13	57	83	73	
72	97	94	55	32	32	73	59	66	6	48	82	34	87	72	50	62	7	63	16	
71	79	9	42	4	76	55	76	72	73	56	28	10	47	23	91	46	98	3	44	
48	81	8	8	66	23	92	28	56	35	47	42	26	75	23	97	2	92	68	65	
64	89	79	66	97	95	22	33	27	99	96	9	14	77	65	5	1	73	62	91	
49	37	28	100	45	80	37	55	16	39	19	85	95	58	6	14	2	79	37	50	
100	31	70	30	78	56	96	70	36	13	51	97	51	45	45	86	39	51	82	33	
56	78	56	71	9	82	65	66	23	46	21	63	24	51	27	29	13	52	48	22	
37	18	57	33	24	29	83	2	25	11	74	75	57	66	29	16	22	43	23	56	
98	1	53	74	59	98	92	69	33	21	25	67	18	97	61	12	60	49	55	42	
16	84	62	69	44	44	43	24	33	94	50	86	59	80	15	17	55	89	11	91	
70	36	61	76	12	72	72	68	26	14	41	15	61	49	9	36	86	74	80	21	
55	89	38	80	73	88	51	79	1	73	45	57	53	48	5	14	80	61	36	94	
78	97	95	32	86	48	91	6	100	38	96	53	2	23	18	1	31	35	44	65	
On machine	45
40	47	24	33	13	93	89	62	88	14	61	10	22	38	48	49	47	65	37	72	
45	1	77	38	90	75	50	10	39	54	51	45	68	56	37	1	85	83	100	83	
19	82	33	16	12	5	2	72	69	47	4	53	32	72	11	47	97	4	86	26	
92	75	45	27	94	43	58	90	35	86	48	41	22	79	94	15	88	72	81	15	
12	62	85	89	12	75	98	99	62	98	93	85	75	31	26	73	43	76	27	100	
61	15	91	54	81	46	14	93	44	94	31	99	51	54	43	23	89	27	91	3	
87	97	72	50	20	28	70	79	99	80	79	93	60	11	87	3	2	37	91	100	
96	11	46	26	87	86	9	19	51	57	27	61	17	40	45	25	45	100	57	23	
19	78	32	53	51	55	65	23	44	40	67	65	24	2	66	61	53	87	27	7	
40	80	17	43	22	67	94	4	21	78	19	48	21	71	7	60	28	55	41	29	
78	76	60	19	12	7	18	58	45	98	100	47	4	8	88	26	53	50	53	10	
39	69	85	43	63	29	86	92	73	18	31	43	46	50	69	61	23	75	53	49	
94	89	86	62	86	27	75	71	46	24	78	6	81	10	1	79	66	61	1	45	
6	51	100	50	8	66	88	36	46	65	15	1	65	25	78	44	65	48	78	81	
21	9	21	19	61	21	2	49	47	94	51	63	67	34	96	55	15	11	23	28	
72	47	80	55	93	23	54	18	7	70	70	81	88	46	31	91	42	88	83	12	
89	97	55	12	61	53	6	12	12	10	15	19	11	79	19	97	11	71	75	35	
15	83	99	46	66	17	10	7	87	2	13	14	18	100	18	6	10	23	87	61	
100	84	25	6	38	100	19	32	24	68	18	58	52	9	53	56	95	15	31	62	
60	38	12	93	6	78	64	49	21	73	16	74	27	38	44	24	80	37	74	31	
On machine	46
42	68	98	14	82	47	51	40	70	76	51	71	79	1	62	53	9	24	32	65	
82	88	66	66	30	56	62	34	43	68	44	100	61	36	53	74	39	67	90	56	
68	29	88	25	45	67	34	64	14	2	62	57	81	75	44	27	6	13	12	34	
80	58	30	17	79	25	46	80	98	64	18	11	4	8	92	86	30	95	98	92	
75	89	18	3	51	14	78	53	52	79	1	66	3	22	43	53	14	23	55	6	
73	44	97	76	26	93	18	96	99	17	98	73	53	85	90	22	55	54	16	38	
32	27	79	27	80	73	13	26	58	4	38	62	48	71	98	23	17	17	76	6	
81	67	10	68	10	81	32	5	89	17	60	93	72	40	27	78	76	32	1	87	
52	17	8	45	33	7	27	54	39	7	47	89	74	25	60	25	47	20	31	36	
29	47	40	8	11	2	60	67	39	90	34	97	91	27	71	67	41	13	22	20	
66	4	71	70	5	89	42	58	14	67	52	30	33	66	51	92	33	36	62	19	
27	93	2	86	62	1	79	21	50	62	29	95	26	61	66	81	81	90	34	85	
17	29	84	99	28	2	50	29	83	47	78	90	7	11	66	54	13	50	30	16	
48	57	20	65	52	8	85	34	7	30	85	54	33	38	29	4	69	59	69	8	
68	95	68	87	16	87	25	37	56	17	64	33	81	70	67	43	90	81	77	7	
81	53	83	77	95	23	34	54	84	32	71	97	88	64	29	81	8	40	44	48	
93	94	21	87	8	88	12	81	2	28	76	91	68	37	48	6	52	85	45	52	
18	20	87	17	32	55	31	92	3	52	68	60	52	56	48	19	68	47	55	14	
92	5	65	61	69	54	22	7	40	57	39	67	87	93	38	39	41	55	23	63	
69	79	43	33	41	17	13	99	4	50	83	32	5	1	1	48	80	56	29	63	
On machine	47
53	13	20	49	57	4	97	41	99	56	68	31	27	44	65	93	96	88	34	99	
65	6	85	51	71	35	10	2	9	8	6	56	56	75	91	46	100	71	61	6	
95	24	90	16	66	37	91	24	5	83	27	76	83	66	59	61	50	17	73	73	
6	52	25	71	3	36	83	3	24	15	88	43	50	21	53	21	5	97	96	75	
74	40	56	79	62	46	12	85	51	54	23	5	66	77	16	4	23	94	34	25	
100	43	41	40	5	92	76	31	89	6	17	63	30	72	95	36	51	93	31	22	
55	88	34	54	7	39	67	39	46	60	13	89	46	59	47	12	59	21	5	89	
24	87	82	52	35	13	91	83	16	13	87	44	38	2	100	25	40	57	85	48	
33	38	43	2	2	86	26	6	79	81	70	23	47	94	65	34	69	20	78	45	
45	31	21	63	77	3	62	45	52	60	70	86	64	8	65	12	27	42	52	59	
44	36	84	17	10	10	26	71	54	52	14	63	60	22	77	82	50	70	18	85	
96	76	49	46	69	3	9	95	43	100	17	20	30	2	42	25	29	83	54	42	
39	95	63	99	4	19	44	3	99	19	43	42	41	55	98	26	80	81	57	29	
95	96	94	29	86	55	4	2	41	83	31	65	84	87	97	11	61	92	82	91	
90	97	52	92	45	70	25	63	98	51	5	68	38	91	11	63	98	27	1	67	
52	40	27	14	76	71	51	68	50	17	66	92	91	6	23	94	25	10	66	63	
79	80	44	90	32	55	24	74	50	94	4	53	38	1	7	43	72	69	60	34	
31	43	1	41	44	100	38	29	53	77	92	97	50	59	67	86	84	73	27	68	
92	62	26	10	49	5	4	40	95	20	62	68	91	79	38	86	9	20	93	19	
34	85	41	20	3	70	79	63	84	45	39	73	59	40	51	4	32	32	83	98	
On machine	48
71	25	1	94	77	71	54	41	11	46	7	63	46	27	91	21	71	88	95	28	
54	34	43	1	21	20	84	85	96	26	24	63	10	49	8	39	57	65	98	41	
14	73	2	5	46	9	20	68	4	55	69	76	89	3	98	78	63	31	71	58	
35	17	60	43	69	89	94	37	56	25	52	86	24	12	70	81	51	13	63	89	
97	72	21	74	1	33	84	77	87	89	94	8	44	18	37	50	93	71	75	63	
34	89	24	28	23	35	96	72	54	67	79	27	21	25	60	38	49	65	13	68	
23	66	47	61	79	72	22	64	83	91	54	29	54	41	18	88	33	73	83	36	
99	92	88	21	45	76	67	43	77	54	90	32	79	67	8	55	51	57	64	2	
40	63	94	100	38	9	66	58	26	38	97	65	24	72	90	50	84	85	30	7	
46	28	37	58	88	82	10	14	41	45	76	79	9	91	22	46	4	1	80	67	
48	23	74	70	14	91	32	90	70	4	76	7	31	15	80	20	72	26	41	54	
84	12	59	89	77	37	77	60	68	52	79	73	93	5	9	94	87	97	1	41	
51	39	41	52	75	10	71	36	89	1	81	6	48	2	68	55	82	51	99	45	
47	4	44	10	11	24	44	12	39	31	38	10	12	50	4	68	16	56	38	64	
84	56	41	49	31	26	58	50	38	89	26	75	46	59	20	35	63	74	1	27	
70	96	46	7	92	35	61	68	75	38	34	80	37	45	100	9	44	30	21	37	
47	48	59	89	49	27	23	39	52	20	21	55	27	66	52	56	84	63	18	17	
74	21	85	80	89	51	42	77	66	100	54	99	62	27	69	5	48	84	23	55	
68	35	1	64	43	3	96	33	60	19	13	41	26	87	9	2	13	100	61	74	
22	18	12	31	59	80	31	17	17	10	96	65	79	39	34	64	54	37	47	7	
On machine	49
89	88	10	50	4	11	12	42	43	35	70	11	24	30	53	91	80	84	74	37	
23	66	4	74	76	38	75	88	86	45	45	66	57	35	62	41	26	80	33	53	
50	100	39	46	7	66	11	11	24	37	75	2	87	88	25	24	11	52	6	52	
35	94	52	18	34	74	31	72	22	83	61	69	86	51	6	36	28	90	7	65	
97	80	32	100	85	11	70	47	25	55	56	2	88	91	77	45	22	70	80	29	
31	84	1	69	13	25	14	43	18	88	33	66	96	45	4	16	14	17	18	59	
12	6	14	23	31	67	100	9	67	13	3	51	69	26	32	21	91	2	76	80	
78	9	48	62	44	36	31	61	83	57	44	70	74	93	45	70	97	35	23	86	
96	28	38	69	54	6	79	40	36	64	28	31	49	28	77	83	30	21	22	73	
21	30	44	67	25	57	13	77	61	80	51	28	81	39	4	24	61	49	79	68	
77	11	98	38	99	74	57	55	65	65	72	59	58	26	18	38	47	40	29	16	
57	14	31	66	64	28	98	89	67	93	88	20	73	57	82	58	90	40	15	57	
38	67	68	65	23	90	93	20	53	88	99	84	37	39	83	75	49	58	86	62	
81	18	6	40	62	40	97	71	62	29	22	66	80	78	66	28	11	40	63	27	
25	96	35	94	49	80	71	95	19	23	29	83	36	33	84	3	37	48	91	60	
66	14	5	72	2	83	74	92	16	53	82	88	23	63	100	26	23	63	39	27	
50	18	43	6	83	58	35	74	3	83	97	82	78	77	46	76	81	74	32	46	
12	29	86	44	13	48	4	56	3	10	100	65	50	60	40	66	39	86	47	66	
28	83	41	42	63	52	93	48	91	10	98	14	70	10	19	10	50	76	34	43	
46	63	34	15	9	51	49	33	23	89	42	53	3	89	53	66	99	26	66	95	
On machine	50
69	20	22	81	22	85	48	71	24	39	27	72	62	61	20	90	47	46	90	8	
46	53	97	13	72	22	35	64	84	10	60	41	23	41	41	69	8	89	20	6	
78	9	18	12	54	96	92	32	79	12	17	74	81	19	72	3	50	1	89	40	
58	26	43	23	69	16	67	2	57	21	37	9	39	94	25	54	35	86	60	62	
23	57	48	50	14	26	5	17	16	60	79	39	25	49	27	36	10	42	7	73	
66	59	89	37	6	38	37	4	75	18	33	72	100	50	99	25	19	9	80	22	
60	24	83	80	83	71	94	26	1	47	10	29	22	21	19	29	60	97	13	75	
40	48	22	61	50	65	88	3	38	47	83	45	31	27	79	96	65	14	26	7	
82	26	100	91	48	76	92	52	24	57	16	45	47	45	1	8	88	37	83	26	
7	50	39	96	28	90	17	15	17	91	10	84	60	45	53	15	64	27	1	97	
70	78	99	30	3	31	33	51	33	77	78	14	52	99	44	80	23	39	48	87	
69	9	63	88	58	49	23	43	63	16	33	75	41	94	31	73	87	98	61	90	
99	55	61	2	20	47	32	22	90	61	71	65	38	69	60	11	50	79	44	17	
36	32	45	44	74	41	59	52	6	72	23	99	84	15	13	29	57	79	14	34	
100	55	6	51	75	29	11	85	63	22	22	69	85	35	59	68	96	35	26	59	
78	20	62	51	85	69	81	70	69	36	70	44	89	75	96	26	46	23	12	97	
90	82	52	43	17	19	7	53	100	13	18	88	21	25	88	62	43	73	16	83	
54	79	73	91	79	45	29	4	86	44	33	76	88	3	62	66	72	84	14	99	
26	1	8	5	47	84	94	31	27	85	10	46	41	16	45	73	49	99	22	76	
11	49	75	73	15	42	11	92	12	61	23	32	68	86	56	21	16	11	2	28	
Reldue
-1	2812	-1	-1
-1	2713	-1	-1
-1	3405	-1	-1
-1	2433	-1	-1
-1	2865	-1	-1
-1	2352	-1	-1
-1	3003	-1	-1
-1	2792	-1	-1
-1	2671	-1	-1
-1	1967	-1	-1
-1	1749	-1	-1
-1	1998	-1	-1
-1	3435	-1	-1
-1	1896	-1	-1
-1	2789	-1	-1
-1	2910	-1	-1
-1	3048	-1	-1
-1	1693	-1	-1
-1	2686	-1	-1
-1	1866	-1	-1
