Families	40
Machines	10
MaxSetupTime	50

Number of Jobs in each Family
3	7	8	1	9	1	9	7	7	8	10	9	3	6	3	1	5	5	5	8	10	7	9	4	6	6	4	2	8	2	1	4	6	5	10	10	4	4	7	9	

Jobs in each Family
0	1	2	
3	4	5	6	7	8	9	
10	11	12	13	14	15	16	17	
18	
19	20	21	22	23	24	25	26	27	
28	
29	30	31	32	33	34	35	36	37	
38	39	40	41	42	43	44	
45	46	47	48	49	50	51	
52	53	54	55	56	57	58	59	
60	61	62	63	64	65	66	67	68	69	
70	71	72	73	74	75	76	77	78	
79	80	81	
82	83	84	85	86	87	
88	89	90	
91	
92	93	94	95	96	
97	98	99	100	101	
102	103	104	105	106	
107	108	109	110	111	112	113	114	
115	116	117	118	119	120	121	122	123	124	
125	126	127	128	129	130	131	
132	133	134	135	136	137	138	139	140	
141	142	143	144	
145	146	147	148	149	150	
151	152	153	154	155	156	
157	158	159	160	
161	162	
163	164	165	166	167	168	169	170	
171	172	
173	
174	175	176	177	
178	179	180	181	182	183	
184	185	186	187	188	
189	190	191	192	193	194	195	196	197	198	
199	200	201	202	203	204	205	206	207	208	
209	210	211	212	
213	214	215	216	
217	218	219	220	221	222	223	
224	225	226	227	228	229	230	231	232	

Total number of jobs
233

Processing times of jobs
6	4	6	2	7	2	9	4	5	9	
1	2	2	9	2	1	5	5	3	2	
10	3	10	8	9	9	9	3	2	8	
6	5	1	5	2	2	2	3	9	3	
8	5	6	10	9	8	3	1	1	10	
1	7	7	8	3	2	5	10	9	9	
2	8	6	8	9	1	8	3	2	9	
1	10	8	1	5	1	4	1	7	4	
2	9	9	7	5	8	3	9	2	5	
4	6	8	6	6	6	2	6	1	7	
2	2	9	7	4	6	9	4	1	3	
9	2	4	8	5	4	1	10	10	4	
3	2	6	10	9	5	9	4	8	5	
8	8	8	10	3	10	10	5	7	10	
1	10	3	10	7	5	8	7	7	8	
7	7	3	10	9	6	4	9	10	7	
3	5	3	3	1	10	10	4	4	7	
3	9	7	8	10	8	1	2	1	6	
6	8	10	1	7	10	6	5	2	6	
5	7	6	3	5	9	1	3	9	1	
5	1	4	10	7	6	4	7	6	1	
5	8	10	8	5	4	7	9	3	1	
1	5	9	3	3	1	6	4	6	10	
3	4	9	5	4	2	7	1	7	4	
8	4	10	4	8	10	4	2	9	6	
5	4	4	3	1	8	1	10	6	6	
7	5	4	8	1	10	5	1	5	3	
2	2	4	3	4	3	4	1	1	1	
8	4	8	6	2	3	8	1	6	1	
1	7	6	10	10	6	1	10	10	10	
8	1	10	3	9	1	3	10	10	2	
9	10	4	4	1	7	4	9	4	8	
6	10	8	10	4	2	7	8	5	10	
6	3	6	3	4	5	3	5	8	3	
1	2	6	4	3	10	5	4	5	6	
8	7	3	7	10	1	8	1	2	4	
2	8	3	4	3	8	2	2	4	2	
4	1	7	8	6	8	4	5	10	1	
4	2	10	6	1	2	7	2	2	7	
2	2	6	4	6	7	3	10	5	5	
3	1	9	5	4	7	10	1	5	7	
4	3	2	10	1	8	1	10	8	2	
4	6	5	6	9	10	5	5	5	5	
7	1	8	7	6	5	6	1	8	1	
9	1	9	8	3	1	9	3	9	8	
6	7	2	1	10	7	1	3	2	5	
10	10	8	4	3	4	2	5	5	9	
1	6	5	5	7	5	8	5	4	3	
2	6	1	5	7	3	7	9	10	6	
6	7	2	9	4	8	1	8	7	3	
3	6	6	7	8	10	5	6	5	10	
4	1	4	10	4	1	9	3	6	4	
8	3	7	8	5	2	9	7	6	2	
9	1	9	1	7	2	6	5	8	10	
9	2	5	4	6	8	5	3	1	10	
1	1	6	1	7	4	4	8	6	5	
8	10	1	2	8	6	1	5	2	8	
4	5	9	2	9	7	7	8	3	1	
5	4	4	8	3	5	5	9	2	6	
6	5	7	6	6	1	3	6	2	3	
2	8	10	8	3	1	10	1	1	8	
2	9	9	3	3	3	6	9	7	6	
2	7	1	1	5	3	10	4	9	4	
3	9	2	5	5	6	7	1	2	4	
7	8	4	7	6	4	10	7	1	10	
9	3	2	4	7	6	2	1	7	8	
8	2	8	4	9	7	5	6	5	6	
5	6	5	1	1	7	1	9	2	5	
4	2	9	5	6	5	6	2	10	4	
1	8	2	9	9	7	1	2	6	6	
9	9	8	7	9	6	9	2	4	9	
2	4	1	7	5	8	5	8	3	5	
9	4	4	1	9	8	10	4	10	3	
2	1	6	3	5	7	4	7	9	7	
1	3	3	3	5	3	2	8	8	6	
9	6	1	8	7	2	7	2	8	8	
3	2	8	3	3	3	7	9	8	9	
10	4	4	2	7	8	2	6	10	8	
7	6	1	5	8	10	1	1	2	10	
6	1	3	10	3	7	10	4	1	4	
9	1	2	3	9	4	9	1	8	2	
4	10	3	7	1	5	9	1	2	3	
8	3	6	5	2	9	6	2	4	1	
10	10	1	1	4	9	8	6	2	10	
3	4	1	10	1	5	5	7	7	6	
8	1	10	4	5	3	3	4	7	9	
3	5	2	9	6	3	2	7	8	10	
5	1	4	8	9	6	10	1	9	3	
9	10	3	8	9	7	6	3	7	3	
8	6	10	5	4	2	5	7	3	7	
10	5	6	2	4	5	1	7	7	1	
7	6	9	1	10	9	8	1	8	3	
2	1	10	6	8	7	6	4	6	10	
1	3	1	7	5	3	9	8	4	8	
6	7	2	6	10	9	3	5	5	3	
1	3	5	6	6	4	4	5	5	5	
6	8	3	6	8	2	10	1	6	6	
5	2	3	7	10	2	1	4	5	4	
10	6	9	4	3	10	7	5	1	10	
4	4	7	7	3	5	6	1	5	1	
1	7	4	8	9	4	5	6	4	7	
9	9	9	3	10	9	2	7	2	9	
9	10	4	10	4	8	1	4	8	1	
8	3	10	8	9	8	4	4	7	4	
6	1	8	5	10	8	6	1	1	8	
1	9	9	1	2	2	9	2	8	8	
8	6	10	6	10	3	7	1	8	2	
3	7	1	6	6	2	10	8	8	7	
2	4	9	5	2	4	7	7	2	2	
2	7	4	1	4	6	5	3	10	9	
8	8	9	8	4	7	5	5	8	4	
8	6	4	8	4	10	2	4	6	10	
1	6	3	8	4	4	5	5	6	4	
2	3	8	2	8	1	9	6	8	2	
6	7	8	9	3	1	1	9	5	5	
8	3	5	8	3	5	6	8	4	6	
5	6	9	3	1	4	1	10	10	2	
5	8	10	5	3	2	1	3	5	6	
7	10	1	3	1	6	8	1	1	9	
7	1	6	6	9	9	5	3	9	6	
10	9	7	4	10	6	3	5	9	6	
10	2	6	8	6	5	4	10	1	8	
8	10	6	8	6	1	10	10	4	8	
1	4	5	7	1	8	5	9	1	1	
8	8	7	7	9	5	9	2	3	2	
6	9	1	3	3	2	8	1	5	9	
7	10	8	7	8	6	6	8	9	5	
5	4	6	8	3	2	6	6	4	9	
3	8	7	1	1	6	3	5	6	9	
7	8	2	8	10	4	8	5	3	4	
10	4	8	7	2	9	9	7	1	4	
10	1	3	10	6	10	5	6	8	9	
3	2	10	1	5	1	2	10	4	5	
5	3	1	10	10	4	4	5	8	7	
8	6	3	2	7	6	9	1	4	2	
2	3	4	5	3	4	3	10	2	4	
3	6	5	3	8	2	10	4	8	8	
1	6	2	6	8	8	4	4	4	7	
1	3	1	7	9	7	8	7	6	7	
9	3	2	10	5	7	10	9	5	3	
9	8	7	8	6	9	4	3	5	1	
8	10	9	8	8	4	10	1	5	2	
4	3	7	9	7	5	4	9	3	7	
9	3	7	4	1	10	1	7	6	1	
6	4	8	3	9	2	2	10	8	8	
5	9	9	4	3	10	9	1	8	2	
10	1	4	3	8	9	6	8	4	3	
3	2	5	7	10	1	6	2	10	8	
3	1	5	7	4	5	9	1	6	7	
4	10	10	9	1	3	1	6	4	8	
9	9	7	9	4	9	3	2	3	6	
10	1	2	1	3	10	3	5	4	6	
5	4	3	6	10	2	10	10	8	2	
8	8	5	3	1	6	3	7	4	6	
1	3	5	8	7	9	10	4	4	7	
2	2	1	2	8	6	2	8	1	3	
8	6	9	2	10	3	9	5	9	9	
4	4	8	1	7	2	7	5	2	4	
7	1	10	9	1	10	8	9	9	7	
8	10	10	3	10	8	2	10	5	7	
6	10	5	2	8	9	9	9	8	3	
3	9	1	4	2	4	6	1	2	3	
4	7	9	9	1	7	7	9	3	5	
4	7	7	9	5	2	10	1	3	7	
9	10	5	10	3	8	5	7	5	8	
3	4	9	1	6	6	7	1	3	1	
4	7	8	9	4	7	3	10	5	2	
6	7	7	10	2	3	10	3	7	4	
2	4	8	7	2	1	2	4	6	1	
4	8	4	4	10	4	7	4	8	10	
2	5	8	5	7	10	6	5	6	9	
9	6	4	5	2	7	3	5	10	10	
3	2	2	2	2	4	10	6	7	2	
4	5	5	9	4	6	6	4	4	6	
6	1	7	3	4	5	1	9	1	4	
4	5	10	1	7	3	10	8	6	3	
7	4	8	8	1	8	3	6	1	6	
6	4	7	5	10	8	1	5	7	7	
7	7	4	4	1	6	5	3	10	9	
10	2	1	3	9	7	6	9	8	2	
1	8	4	4	6	8	3	9	4	6	
6	7	8	1	4	2	5	7	8	3	
6	3	9	2	3	3	5	3	8	1	
2	8	7	4	10	2	9	10	6	4	
2	8	10	9	8	4	6	8	8	4	
2	7	2	8	10	10	6	2	5	5	
7	3	5	9	1	9	9	6	8	9	
6	4	1	3	8	8	9	5	2	3	
1	1	2	9	7	9	3	4	9	8	
4	1	4	3	7	6	3	9	8	1	
3	5	9	9	3	2	6	1	6	5	
2	9	1	3	7	5	1	2	10	7	
1	7	2	2	8	6	1	8	9	6	
2	2	3	10	3	1	9	9	1	9	
9	4	7	4	3	8	1	7	3	10	
1	2	3	1	10	9	2	10	10	6	
8	3	6	6	8	2	7	8	8	3	
5	6	3	2	7	2	6	2	4	3	
7	3	2	6	10	6	2	8	8	8	
3	7	6	1	1	10	9	4	10	1	
1	9	6	3	4	4	10	7	6	10	
10	7	3	6	9	6	4	10	2	7	
6	9	6	9	3	4	4	5	3	10	
2	7	6	5	8	8	3	6	10	10	
8	9	10	7	10	10	4	3	4	7	
5	1	6	4	8	10	1	4	3	3	
5	8	4	6	4	7	4	5	10	2	
2	1	10	9	9	8	3	1	2	4	
10	6	5	8	5	1	5	4	7	5	
1	5	9	8	1	9	4	9	2	4	
2	10	2	8	2	2	4	7	5	8	
9	3	4	9	8	5	8	9	10	7	
1	1	7	7	4	7	10	4	10	5	
7	5	5	7	9	2	2	5	10	3	
8	2	4	4	4	6	2	10	4	6	
1	8	4	9	5	9	10	9	9	1	
7	5	8	9	7	4	8	2	8	9	
7	9	1	4	3	6	3	2	2	3	
8	2	1	6	1	3	1	9	5	2	
7	10	7	9	2	5	7	10	7	4	
5	5	6	9	5	5	1	5	9	9	
10	8	7	1	4	9	10	4	10	1	
9	10	2	5	9	7	2	9	4	10	
8	8	4	9	2	10	4	9	1	8	
7	6	8	7	5	8	4	8	10	7	
5	1	8	3	3	7	5	6	7	7	
7	8	1	10	6	1	5	5	1	1	
4	2	2	2	6	2	2	8	1	4	
9	3	10	4	7	10	4	9	10	7	
4	3	3	6	10	2	6	1	6	9	
9	9	4	10	7	4	7	8	10	5	
3	3	2	3	2	6	4	6	1	10	
8	9	4	9	10	8	4	10	6	5	

Stepup times between family, where [f][f] represents initial setup time
On machine	1
36	12	42	4	43	27	46	35	33	4	27	27	30	44	30	6	48	10	50	41	18	42	20	36	49	11	48	28	31	31	11	35	10	49	48	29	32	49	13	41	
19	20	22	4	8	13	49	33	37	20	35	26	42	34	50	22	47	43	22	38	20	45	10	22	48	13	23	34	26	1	46	2	9	44	12	38	17	9	28	36	
28	5	49	41	3	28	32	38	27	8	46	3	37	24	9	38	13	42	11	1	49	22	11	10	17	29	17	17	1	44	30	2	38	4	40	21	36	23	28	27	
26	23	5	3	25	20	38	27	33	21	6	1	10	14	46	24	40	6	13	14	21	50	10	32	17	26	2	16	10	21	42	47	24	18	35	10	41	22	28	38	
27	42	16	40	27	28	13	50	32	21	34	6	10	47	35	28	21	47	22	37	36	38	10	32	3	22	47	28	23	12	36	6	14	13	28	48	22	8	33	22	
34	4	18	19	1	45	36	6	17	19	31	18	16	18	27	8	9	36	12	9	28	30	20	32	7	20	13	30	16	22	39	12	7	31	6	45	6	36	31	43	
44	34	26	45	3	37	6	9	19	31	8	15	9	5	30	1	7	33	26	44	20	6	40	44	29	16	50	37	25	35	9	32	33	35	7	41	18	1	17	31	
47	11	29	12	14	26	40	7	2	17	44	7	10	19	43	39	33	38	4	20	20	10	43	49	39	29	20	15	27	35	9	16	42	12	37	44	3	26	39	34	
4	20	47	10	20	29	46	21	28	16	21	18	12	14	16	31	15	7	21	42	32	36	18	9	25	50	17	20	13	50	13	21	26	13	50	6	41	2	38	33	
26	4	1	24	45	10	17	15	30	44	25	38	27	46	45	12	42	41	47	21	16	18	48	7	40	43	43	2	22	6	27	3	23	39	14	4	42	50	21	38	
26	4	3	48	31	35	28	22	30	46	12	28	33	50	35	33	9	25	21	6	16	17	24	18	8	2	11	35	37	50	41	30	16	44	16	18	48	3	33	38	
15	1	32	40	37	1	22	24	49	6	4	48	5	33	32	5	7	47	5	47	47	18	36	17	45	6	1	39	37	22	37	20	15	6	14	37	14	23	37	10	
45	24	13	32	40	9	13	19	18	44	22	46	27	21	50	6	38	40	19	6	3	13	18	29	7	21	5	45	35	35	40	21	3	16	20	11	29	2	4	45	
13	44	46	8	44	30	44	42	5	34	8	26	2	1	3	34	35	1	23	4	36	24	50	30	39	50	14	1	43	8	11	16	28	12	40	18	26	2	18	40	
30	22	43	34	1	18	5	27	32	49	5	49	24	14	35	50	1	3	26	9	13	25	45	12	13	3	13	33	8	42	19	14	32	35	20	23	36	18	18	6	
16	16	45	39	27	29	6	5	24	30	15	20	4	24	18	49	36	34	25	9	47	38	49	12	50	41	36	45	33	10	33	9	43	8	33	30	43	17	15	16	
34	11	48	50	28	14	16	11	1	13	40	8	2	38	30	45	3	29	42	33	30	6	39	50	6	9	20	15	1	44	21	42	6	17	14	18	35	46	11	22	
40	50	4	11	40	1	46	7	23	35	28	47	20	16	23	20	47	41	48	30	19	4	21	5	29	15	20	38	34	24	43	32	23	11	45	36	14	14	8	23	
4	20	50	21	17	27	41	22	21	5	42	17	15	15	27	21	12	31	28	45	8	28	49	49	19	35	5	46	34	8	29	44	17	8	28	25	44	27	4	19	
12	19	24	48	17	36	47	42	10	27	43	27	39	25	43	30	38	46	31	46	44	20	7	45	25	8	28	15	50	46	23	49	15	30	25	9	23	9	32	37	
16	11	30	49	43	35	35	37	26	44	38	28	1	29	27	4	23	6	27	30	22	9	32	45	47	8	46	47	50	29	34	20	31	40	38	45	29	18	42	34	
46	25	46	19	36	48	33	14	39	40	30	22	11	26	42	47	6	22	17	7	31	42	23	4	13	26	35	8	35	2	14	32	21	46	34	49	35	40	15	1	
25	5	37	26	17	35	34	12	48	11	22	20	17	44	18	49	21	48	41	48	12	8	16	4	26	26	18	19	45	34	30	30	43	16	36	14	42	49	8	23	
37	40	47	18	50	38	14	19	45	50	5	32	2	29	2	22	14	1	2	11	38	22	26	8	34	48	13	30	12	48	48	39	11	20	8	33	16	10	2	17	
13	40	37	28	46	3	13	40	48	6	29	37	28	5	5	19	32	39	32	5	11	34	49	1	42	23	9	40	46	41	6	45	7	8	6	24	33	8	40	5	
8	41	21	12	28	8	3	5	42	40	44	31	44	41	19	50	6	32	10	9	10	9	10	41	42	32	17	27	9	3	35	22	29	15	45	2	27	22	43	8	
9	42	23	27	39	36	18	7	9	42	50	40	48	48	42	31	13	43	33	26	13	12	1	26	40	10	38	12	17	3	4	30	50	45	50	1	28	15	3	25	
26	48	45	32	37	12	50	25	18	49	9	8	39	3	3	13	18	37	47	28	21	17	21	42	50	34	41	25	43	18	5	25	24	18	23	29	17	50	17	9	
33	19	48	14	25	28	18	15	47	23	27	2	43	12	20	24	20	43	4	50	25	7	40	23	41	3	16	25	9	10	7	35	26	11	49	41	9	30	22	29	
29	20	15	30	27	26	47	10	4	20	37	36	48	39	50	42	46	9	39	4	10	31	35	29	33	16	45	16	4	19	19	17	7	41	8	9	15	34	5	46	
17	8	24	19	35	11	49	6	30	10	28	29	14	43	24	18	7	38	25	29	49	36	14	28	13	1	32	27	15	12	22	31	45	49	49	18	2	37	33	27	
10	46	31	26	20	41	10	45	30	10	45	19	11	27	13	42	9	50	19	28	36	4	42	45	26	50	6	17	42	50	28	49	36	19	39	27	37	26	1	10	
2	39	44	46	3	17	29	49	8	50	40	13	30	11	35	23	8	11	28	7	45	6	2	5	6	25	42	35	16	26	27	4	11	33	27	27	2	13	23	32	
44	29	11	44	1	23	39	26	2	14	33	34	2	1	3	41	19	40	10	2	32	46	37	32	35	34	8	13	49	8	17	13	15	36	28	45	48	5	28	33	
18	34	15	16	45	34	47	30	35	20	23	21	40	9	39	4	49	10	35	26	32	43	26	12	5	31	45	46	7	20	48	49	44	21	5	26	38	23	16	37	
27	42	16	30	17	24	32	23	40	1	27	19	20	16	30	44	31	44	7	36	18	28	36	48	20	13	19	41	24	4	13	15	14	42	40	21	22	42	45	23	
44	8	7	49	42	22	18	23	1	13	47	28	39	12	8	1	7	44	32	3	30	2	19	43	12	39	49	39	8	21	35	37	49	40	41	17	11	16	41	49	
38	47	30	19	38	27	14	43	8	38	27	18	10	27	24	25	34	36	16	40	8	35	45	6	4	10	45	12	5	23	41	13	32	34	22	19	26	40	30	19	
41	2	49	11	13	18	2	17	22	20	18	6	23	43	25	45	11	48	36	29	13	27	49	12	34	7	19	15	48	28	48	9	29	15	41	38	8	4	38	35	
2	31	25	12	34	17	5	18	15	17	10	36	4	4	28	18	1	33	41	49	34	9	33	26	33	14	34	30	27	19	3	33	40	2	3	4	5	30	15	21	
On machine	2
43	21	42	16	49	4	17	28	16	48	9	29	1	25	18	24	6	22	48	40	47	6	2	19	18	48	39	32	31	20	6	9	44	19	7	34	3	44	48	48	
3	3	11	48	40	17	48	19	16	28	30	1	2	19	19	14	3	43	34	17	25	32	20	12	22	3	39	37	14	13	41	40	41	22	9	31	38	17	49	27	
39	44	24	27	25	33	50	27	8	24	1	4	47	26	3	20	2	46	13	44	28	49	41	28	20	27	30	7	3	13	45	14	5	21	3	6	33	18	28	46	
19	17	5	17	43	18	34	40	34	34	48	20	35	25	3	17	22	14	25	13	28	48	23	32	19	38	6	3	40	2	16	47	13	8	14	10	33	19	33	26	
36	40	20	49	23	44	36	42	48	23	18	19	29	12	45	45	4	5	49	11	19	25	18	46	32	24	24	29	9	14	26	40	3	37	39	12	47	25	35	23	
21	33	16	19	20	34	15	35	16	10	16	20	33	40	33	1	8	45	30	45	48	42	11	32	39	3	34	4	25	14	15	27	3	17	16	29	16	36	26	11	
40	25	16	27	20	27	1	9	1	41	33	26	5	24	27	26	40	41	45	15	34	43	4	37	3	9	9	19	8	44	3	40	16	35	3	18	8	22	8	44	
6	48	2	2	49	15	8	46	44	14	35	43	4	16	15	33	45	37	32	27	32	9	44	2	42	13	8	39	38	5	37	15	33	19	48	4	41	37	50	40	
48	42	35	18	20	30	17	21	33	16	31	36	46	14	20	45	19	19	17	16	28	48	40	42	22	5	48	46	46	33	24	22	26	17	30	39	36	20	39	32	
13	15	32	28	4	3	30	21	30	1	11	13	31	43	21	31	39	47	24	1	26	17	12	23	24	1	47	14	11	28	34	49	5	34	19	30	19	8	41	38	
16	25	44	20	17	38	22	30	30	16	1	7	5	6	13	6	42	20	35	35	20	23	37	9	6	24	48	14	10	12	34	32	43	47	16	35	13	29	39	35	
37	29	32	43	28	33	25	16	4	8	2	2	49	27	5	25	35	41	36	49	31	38	35	36	49	31	33	35	31	19	20	43	17	38	6	47	14	43	26	35	
16	11	37	48	40	41	6	36	39	16	15	28	17	7	43	23	40	26	8	25	16	4	48	48	31	2	49	5	38	24	3	11	19	23	45	23	39	26	37	27	
28	45	2	45	10	37	14	38	16	21	6	47	45	7	47	3	29	46	32	20	13	38	35	14	39	34	48	2	41	10	23	27	2	22	13	47	23	8	45	40	
17	20	12	22	18	7	48	4	23	42	40	14	9	14	48	23	42	42	20	8	28	1	17	40	32	14	46	40	12	5	16	24	26	50	50	20	46	3	46	25	
41	42	35	28	22	47	7	25	38	25	33	12	10	8	46	42	35	25	33	44	20	12	43	32	2	7	45	34	4	20	7	21	25	18	5	41	11	18	26	21	
46	8	22	36	28	29	14	44	41	30	41	7	40	26	23	9	8	17	42	50	15	43	17	15	9	26	16	38	4	23	3	20	18	31	45	49	5	15	29	44	
14	35	25	41	28	23	15	23	30	38	28	16	7	30	29	45	22	41	5	11	28	38	6	48	17	9	10	41	14	39	15	17	27	5	1	8	31	40	10	2	
30	7	44	40	44	38	5	48	36	21	45	50	13	32	28	46	19	2	18	16	12	41	26	21	33	49	23	46	46	33	15	41	34	39	9	21	43	27	38	37	
35	27	24	18	20	48	34	37	14	34	35	42	36	23	35	17	33	28	50	48	41	38	36	50	27	32	32	10	33	4	43	19	36	4	4	44	25	8	17	36	
23	39	27	46	43	10	45	12	50	49	4	34	6	30	37	42	17	6	50	29	14	44	33	47	31	47	2	47	17	19	31	19	29	9	14	15	9	16	15	36	
14	9	4	47	4	50	27	48	4	18	34	10	25	22	45	2	16	49	42	11	37	38	18	3	11	32	13	5	20	8	10	21	47	11	14	9	26	28	39	40	
25	24	46	45	50	4	40	5	14	19	11	44	3	50	31	44	10	47	35	36	49	40	36	26	16	39	13	38	22	19	11	40	5	2	10	28	34	49	9	41	
28	27	22	49	4	36	49	3	50	9	47	14	12	32	8	15	15	50	3	33	30	1	32	39	37	17	35	37	40	19	16	38	19	36	10	39	37	46	27	38	
49	35	29	28	2	12	30	10	45	49	4	1	1	45	37	12	41	20	50	50	6	2	16	27	17	42	15	47	1	14	21	44	20	28	23	28	25	1	34	9	
24	7	6	21	1	32	27	10	17	20	39	3	10	19	40	36	18	11	42	16	35	20	1	43	38	30	34	34	30	10	40	45	37	19	38	6	43	31	22	42	
34	1	17	23	13	30	37	24	21	32	8	24	20	7	7	45	19	27	48	28	15	30	11	17	10	1	25	29	2	8	20	28	18	30	12	10	5	27	30	27	
20	12	23	26	27	16	29	12	5	32	10	21	37	46	45	10	41	35	29	34	2	4	36	15	14	28	22	7	31	18	24	35	4	13	31	49	18	41	30	43	
11	3	18	43	42	22	36	38	29	2	45	38	12	48	49	30	37	21	38	15	18	12	7	12	3	32	43	9	50	28	1	2	42	17	29	22	44	30	2	33	
40	22	2	9	1	40	15	29	35	36	32	49	7	46	33	35	46	31	6	25	4	39	20	30	26	16	29	24	47	38	7	4	28	44	47	39	45	41	22	7	
46	38	4	4	27	35	5	50	36	48	8	24	47	43	37	34	7	28	21	16	4	30	21	33	6	27	23	17	6	10	33	32	3	24	20	28	48	50	2	48	
49	36	17	34	32	3	48	18	5	40	22	13	16	14	30	41	44	50	9	50	4	47	8	48	23	32	21	15	12	26	25	25	41	18	36	31	9	11	7	50	
17	49	42	49	17	8	19	18	48	7	22	42	43	6	14	50	26	18	6	22	46	48	38	42	5	15	1	39	36	44	47	32	9	6	5	33	46	8	37	17	
16	10	11	50	32	9	23	47	46	15	30	12	22	12	16	21	9	47	47	8	31	19	13	41	37	37	4	47	1	24	13	14	26	10	43	29	44	47	31	34	
7	41	10	18	9	38	16	18	10	42	27	15	7	48	4	33	37	34	16	33	22	25	32	33	37	44	29	44	43	40	31	39	45	8	7	43	5	2	34	27	
45	33	20	33	2	43	46	46	12	50	19	44	25	32	43	31	43	26	16	6	8	43	4	21	7	12	20	1	35	14	29	19	19	37	39	1	42	11	39	30	
10	38	29	45	37	36	31	30	38	40	50	43	2	23	46	31	14	4	41	8	7	30	36	27	9	3	20	38	28	30	39	29	40	34	13	3	14	22	7	45	
44	34	40	44	42	9	40	28	7	27	37	25	29	48	17	6	7	49	21	26	36	27	34	44	37	18	24	2	9	8	7	4	49	11	29	22	33	2	45	16	
47	35	42	15	34	20	50	41	4	9	44	47	45	37	37	29	34	1	45	40	7	19	31	36	32	10	29	15	46	39	17	35	34	30	16	30	25	1	36	28	
26	49	43	30	34	24	28	9	47	20	33	23	33	26	26	19	25	11	33	43	10	25	32	44	35	9	50	29	13	45	29	8	42	24	23	23	10	45	41	44	
On machine	3
36	48	4	44	37	7	35	29	17	1	2	34	22	23	8	6	19	49	2	11	36	22	8	15	10	30	33	5	16	31	23	2	29	41	32	10	30	39	17	33	
12	5	3	27	6	42	10	1	15	43	19	32	7	25	27	36	32	43	42	26	44	41	49	25	42	14	21	42	16	41	13	22	35	24	40	14	2	21	18	28	
10	23	45	30	2	32	10	17	35	29	36	29	17	3	9	21	19	40	8	48	14	33	27	43	30	32	37	48	22	44	41	29	6	3	18	32	28	25	25	29	
3	23	3	26	6	19	26	34	47	11	4	7	1	14	42	9	12	43	32	20	32	12	29	16	45	21	50	30	4	45	3	11	25	44	20	21	26	50	5	24	
48	47	29	18	20	35	22	8	32	20	29	40	32	6	31	19	34	42	12	49	30	2	34	7	33	5	20	11	22	4	46	1	4	19	47	41	7	23	4	11	
29	4	4	43	25	35	7	39	19	10	11	50	32	20	28	8	17	3	35	15	21	49	13	9	34	50	26	9	38	42	25	11	19	30	29	40	39	49	41	4	
25	48	17	40	4	42	10	46	25	29	16	29	22	9	35	43	27	34	20	36	38	19	22	16	18	38	41	44	33	22	48	29	18	3	46	42	39	29	36	4	
32	15	19	32	30	45	8	46	20	36	19	49	24	37	27	8	4	1	17	35	13	50	17	10	21	33	2	27	17	35	7	17	44	17	41	45	21	14	6	31	
22	36	34	4	45	41	5	50	10	24	37	34	7	43	26	49	4	26	16	50	27	25	16	10	44	22	35	40	30	3	37	39	35	4	29	41	49	38	40	18	
49	38	10	40	6	40	9	11	35	48	39	15	10	39	12	4	5	38	43	5	33	8	2	39	18	27	42	47	19	8	7	1	2	23	24	50	18	45	14	8	
45	39	34	25	35	47	40	5	17	28	27	36	5	25	34	19	46	32	27	10	21	26	47	22	23	33	45	50	24	20	22	48	42	24	15	4	25	33	27	50	
29	15	36	36	38	44	15	36	22	4	20	41	39	18	42	26	37	23	42	49	38	13	17	40	14	43	40	15	16	19	29	29	47	50	17	9	7	28	39	50	
33	14	34	3	37	17	15	12	13	6	42	18	22	33	18	40	29	40	24	37	2	43	42	14	34	29	50	12	37	38	5	46	3	14	45	21	1	14	19	3	
48	49	12	47	26	34	20	31	45	43	16	11	46	30	33	47	26	28	27	26	12	26	34	15	43	18	36	29	37	17	33	38	2	24	3	1	6	46	47	25	
8	48	40	25	15	41	34	16	35	31	32	48	38	20	5	1	7	4	21	29	25	5	28	23	40	3	44	24	47	5	5	40	45	23	31	29	11	33	44	40	
39	46	46	35	15	43	45	21	9	39	15	28	24	8	3	40	42	7	3	31	42	1	12	40	24	31	1	40	26	49	41	14	44	10	15	1	18	27	28	33	
17	11	9	23	44	5	18	46	15	16	4	40	2	9	39	48	5	28	39	28	21	48	11	40	1	33	44	40	36	11	39	27	21	22	47	18	47	30	17	29	
40	49	6	3	22	34	11	20	44	33	19	47	12	45	44	48	12	38	37	31	18	40	2	27	36	9	29	21	4	1	41	50	16	28	28	45	13	40	35	10	
5	47	12	38	5	26	34	14	5	34	11	10	26	38	37	2	7	11	40	45	43	49	17	32	44	22	8	26	17	40	26	34	22	34	41	17	40	27	47	6	
37	36	3	22	40	41	44	40	6	31	37	6	27	22	42	33	37	16	21	27	14	28	10	44	9	6	30	21	48	6	6	37	43	1	10	20	10	34	34	27	
48	41	6	8	20	26	23	24	22	33	19	38	34	40	36	32	48	26	17	44	26	25	4	10	5	2	1	20	39	3	46	48	4	16	35	13	38	4	1	7	
32	24	33	14	49	33	6	31	25	3	24	17	43	23	35	34	6	42	16	29	13	47	18	18	44	32	32	50	33	25	16	19	9	38	14	31	6	42	31	40	
26	34	6	3	10	41	1	13	40	37	45	47	42	40	2	12	29	7	19	34	45	18	44	45	34	4	41	29	23	5	20	31	13	40	43	49	27	11	5	45	
17	25	36	14	49	20	8	33	25	11	7	23	9	1	43	21	2	28	44	26	19	47	3	8	47	35	31	24	30	29	26	47	7	10	8	2	6	13	31	47	
6	42	2	34	25	45	6	42	13	45	17	44	41	32	45	49	44	38	2	38	41	42	47	5	12	7	36	22	32	25	32	40	48	29	27	21	13	6	2	43	
40	46	46	46	21	33	20	14	28	48	42	42	17	11	45	10	41	44	13	25	23	3	34	37	13	4	24	27	34	3	48	12	10	17	17	29	35	2	37	33	
15	22	40	8	36	24	32	8	34	50	5	38	28	13	6	17	42	30	37	35	5	27	44	9	40	34	48	46	3	17	20	50	7	10	23	5	38	1	39	23	
40	47	22	43	34	50	31	4	5	7	1	10	13	37	6	9	12	37	20	32	48	9	10	31	33	2	48	15	7	28	14	19	7	10	36	47	20	40	26	50	
29	44	33	6	46	50	18	32	7	35	32	44	22	25	23	14	18	10	6	38	48	17	1	40	34	15	46	46	1	13	18	25	5	3	16	3	14	8	35	49	
2	25	26	36	24	49	21	16	28	8	27	13	44	6	43	1	36	44	25	10	35	15	8	45	11	9	48	41	3	39	12	8	40	24	29	40	44	11	47	28	
32	39	18	21	17	47	21	50	23	13	50	26	50	30	3	29	32	48	14	49	10	30	19	29	6	30	43	36	2	41	39	17	48	6	19	39	9	22	2	40	
18	19	43	42	19	2	36	23	24	31	38	48	29	16	40	27	19	4	20	40	22	33	35	29	40	40	47	11	44	30	20	14	4	5	13	12	45	49	30	38	
46	24	6	46	13	42	48	47	37	33	28	22	50	49	9	31	8	15	17	4	28	33	40	33	25	50	38	24	46	44	34	42	36	20	45	44	25	6	14	39	
33	5	39	4	1	6	49	21	22	32	33	17	7	49	18	48	13	21	15	3	2	11	21	27	26	38	10	45	22	45	30	10	1	27	15	42	27	8	12	16	
33	6	9	34	41	24	1	9	6	19	39	10	50	50	23	46	15	31	36	14	5	3	15	31	37	1	33	21	23	11	35	5	13	19	48	24	40	14	18	21	
50	12	17	7	9	19	4	25	15	12	5	36	14	45	17	43	41	13	33	10	43	48	44	10	30	29	21	2	45	4	32	43	5	33	7	26	10	12	46	45	
9	29	32	11	19	23	5	31	50	47	18	10	48	5	30	44	44	48	26	39	37	18	5	49	9	26	29	41	5	28	4	37	17	30	2	49	41	22	29	6	
3	46	30	20	32	48	50	3	33	42	33	40	11	41	41	28	29	40	38	19	32	24	48	19	13	39	22	33	38	20	4	20	31	12	13	2	32	1	3	21	
28	9	50	9	39	48	2	21	4	48	13	19	3	1	45	17	3	14	13	18	25	8	20	24	38	32	23	38	19	17	48	6	50	6	36	33	34	35	48	14	
13	1	32	40	28	43	44	45	9	36	8	47	23	45	9	34	14	8	47	4	35	13	23	1	33	14	17	29	50	23	3	16	28	1	31	42	46	10	45	21	
On machine	4
1	16	4	45	47	10	27	23	10	43	34	11	2	44	35	48	34	24	27	13	3	45	1	25	9	46	17	5	40	42	25	28	26	12	23	13	26	6	3	25	
26	29	2	46	36	39	23	49	21	6	38	48	26	10	50	26	1	36	46	49	3	35	22	15	26	40	44	7	50	37	44	42	3	12	47	43	12	38	14	6	
45	39	26	7	30	45	8	49	28	19	6	38	33	26	15	49	19	18	35	49	8	32	47	50	2	29	32	31	18	36	28	39	2	18	31	14	14	13	1	24	
48	14	22	9	42	20	29	40	30	48	48	12	2	1	2	24	13	44	46	1	50	18	30	12	38	45	30	3	41	18	39	11	23	10	34	41	42	4	36	18	
24	24	12	28	5	23	25	31	47	47	11	40	40	16	32	20	17	33	34	46	8	37	2	42	41	33	14	10	41	41	18	36	42	16	40	21	5	19	3	26	
4	6	7	33	25	16	14	21	44	32	7	24	2	8	33	39	4	44	46	27	4	23	22	5	31	50	9	13	37	7	37	47	1	1	29	41	16	26	42	14	
1	43	37	40	21	38	31	1	10	24	12	13	1	24	9	6	30	49	32	9	18	10	24	4	3	25	19	29	1	29	7	28	8	10	33	42	15	19	28	16	
49	11	13	3	17	29	33	21	40	44	22	3	15	32	13	3	24	8	5	9	10	37	10	42	6	6	47	41	26	1	31	28	20	32	31	30	39	35	46	4	
24	18	26	6	31	48	35	31	31	9	15	4	19	22	42	10	9	50	36	42	25	35	2	49	23	37	25	20	5	34	18	45	5	41	36	21	37	3	10	36	
23	1	21	6	26	19	2	21	16	8	10	32	13	28	17	37	43	42	29	2	22	29	18	47	35	9	4	43	34	28	19	50	39	1	36	3	12	17	12	7	
24	4	7	9	23	17	37	42	33	25	26	18	49	23	15	42	24	18	45	43	24	41	25	13	30	26	45	16	21	30	21	48	3	49	33	39	6	34	21	4	
27	24	31	18	31	12	41	25	28	22	26	21	35	25	35	32	41	45	12	3	31	1	35	3	22	16	50	37	23	48	12	37	31	27	13	35	16	50	44	48	
50	4	15	43	33	17	35	33	21	41	22	37	33	22	31	24	48	11	17	10	23	2	44	33	34	21	48	33	6	32	50	2	14	17	6	8	45	30	43	39	
49	7	29	44	28	47	17	32	24	15	28	26	50	18	19	8	21	26	6	7	43	30	28	43	40	41	17	49	48	14	49	33	47	17	15	27	22	41	40	30	
38	10	49	16	35	33	42	50	43	6	14	8	5	49	23	2	38	24	28	10	48	10	23	16	17	46	21	10	44	23	8	5	28	26	5	28	49	15	5	31	
8	20	20	49	41	32	14	27	24	22	19	48	14	34	1	47	13	49	8	17	50	45	3	14	7	38	45	35	27	50	26	2	47	6	8	16	26	43	40	17	
49	2	50	15	47	37	8	4	14	48	26	29	49	50	9	41	16	46	27	1	44	21	40	9	40	47	49	32	37	2	5	42	34	33	31	21	28	42	27	19	
1	36	12	26	19	3	3	35	38	31	8	17	47	45	19	14	9	40	27	29	18	32	37	50	5	27	35	25	46	7	49	49	47	34	40	44	50	45	24	34	
44	25	36	17	28	23	12	6	23	48	18	12	31	4	22	13	22	21	37	45	22	48	11	3	5	10	25	18	20	44	47	9	25	44	44	41	30	27	32	3	
19	32	27	37	22	14	10	35	43	30	38	12	17	3	28	31	12	45	10	12	21	4	26	49	11	11	12	15	34	17	38	10	38	46	37	31	18	5	43	6	
31	28	47	12	38	44	19	28	37	45	14	50	17	37	22	18	29	18	13	49	1	23	27	5	20	29	49	41	43	8	19	10	14	11	37	40	16	12	46	35	
6	47	1	17	18	40	2	13	25	11	40	38	4	13	18	8	48	12	49	15	45	23	5	13	11	18	34	40	18	1	46	10	36	26	3	30	4	17	38	35	
18	12	5	26	44	47	46	16	33	16	13	48	9	47	4	36	45	23	23	15	25	5	32	23	29	34	31	31	9	20	39	14	41	1	43	2	37	10	9	21	
25	33	2	28	37	23	14	31	4	32	15	43	20	43	41	5	31	7	36	29	45	37	37	21	9	8	22	23	36	7	9	19	4	37	17	20	23	25	10	13	
45	34	9	40	2	40	50	35	37	39	36	1	46	24	46	45	3	29	32	48	36	12	33	45	9	1	35	29	27	21	23	14	33	43	49	8	17	2	4	9	
8	1	41	11	10	40	5	19	25	22	10	29	43	30	6	16	6	21	6	45	40	14	20	3	19	36	16	25	12	15	23	33	4	1	15	48	47	46	4	19	
40	11	8	21	8	7	48	1	6	23	46	35	42	29	24	25	29	48	44	49	23	34	23	17	1	42	29	49	30	48	4	21	41	12	29	37	14	19	27	23	
41	5	22	33	34	39	24	43	44	21	21	17	17	42	11	25	23	42	20	32	41	37	29	45	18	12	15	6	27	20	26	6	38	44	28	13	16	49	39	37	
17	1	48	35	12	13	21	12	3	5	18	35	41	8	5	41	44	40	49	42	26	2	27	44	41	49	38	46	42	38	27	1	26	35	40	25	24	19	40	31	
9	45	27	33	12	20	5	13	15	44	49	14	39	18	4	7	17	18	42	21	16	19	12	30	1	5	20	23	14	37	36	26	17	43	9	43	10	45	9	36	
35	8	1	8	16	45	8	21	40	30	25	46	19	24	22	24	35	49	39	32	29	26	12	22	49	47	46	27	43	9	2	38	7	35	16	19	29	37	6	2	
38	27	40	38	48	45	9	18	33	47	29	42	1	27	28	42	27	24	44	42	39	37	49	21	37	38	42	38	49	36	37	1	37	1	35	28	44	16	9	34	
44	28	15	28	44	10	48	15	40	4	11	27	12	34	28	35	22	18	28	16	45	3	30	43	42	14	1	7	37	49	39	18	43	1	20	10	5	48	27	5	
15	24	15	44	49	25	8	8	7	38	21	34	34	10	15	17	41	10	39	34	6	39	44	14	38	10	9	40	9	25	48	33	34	40	18	29	18	26	27	32	
47	47	30	27	7	5	31	9	10	23	19	29	1	18	11	50	23	8	1	15	8	12	18	21	44	29	13	8	17	42	43	47	27	48	15	31	17	38	10	34	
4	22	49	22	16	8	38	31	49	20	17	38	20	38	43	25	25	36	35	38	29	46	42	26	38	17	5	35	15	17	41	22	28	27	30	1	34	1	11	2	
1	33	39	24	16	33	5	45	12	47	43	39	47	1	43	1	37	44	5	30	30	49	28	36	2	13	33	14	8	11	37	31	20	43	42	32	3	34	30	5	
18	19	35	30	39	25	27	29	43	9	11	26	14	11	1	38	18	9	8	19	44	1	10	31	31	21	30	43	5	3	4	37	47	12	12	40	33	24	14	43	
35	2	10	39	38	46	10	6	15	32	46	48	34	3	18	22	20	18	32	26	31	24	36	25	41	33	44	35	50	24	16	19	21	1	35	24	5	25	3	46	
18	48	1	7	28	2	39	11	15	43	41	41	22	38	12	34	45	2	32	42	26	44	47	14	5	41	2	20	41	25	29	46	47	25	42	30	39	41	14	19	
On machine	5
6	43	41	44	11	15	25	7	40	37	9	1	40	25	40	47	3	46	29	40	26	12	4	31	34	13	44	22	11	9	42	27	33	33	32	40	12	28	10	44	
23	16	43	36	47	23	42	39	42	9	43	25	18	32	2	25	19	11	21	39	9	14	16	13	4	20	23	33	33	36	34	5	10	12	32	39	43	30	35	13	
7	11	27	13	29	11	15	37	30	50	23	11	24	3	33	18	27	30	12	31	14	26	18	27	41	42	37	34	27	8	32	6	11	19	14	10	22	49	19	25	
14	7	29	10	18	10	24	47	24	32	50	27	48	14	30	41	11	26	31	37	13	30	36	48	4	4	20	44	4	50	7	8	40	44	10	6	39	5	41	35	
16	6	18	17	6	19	10	12	7	30	26	31	26	3	4	38	39	32	4	40	45	24	39	37	28	2	19	5	12	20	44	31	18	22	28	30	42	42	31	15	
3	4	45	19	23	26	47	6	38	37	10	5	4	13	41	12	44	22	13	8	25	42	46	21	2	16	48	25	23	18	3	29	12	43	32	43	39	25	26	49	
20	21	24	25	24	5	40	19	19	26	32	39	32	15	36	41	20	49	38	18	1	19	15	31	3	18	41	32	15	24	8	41	23	50	11	41	17	44	14	26	
31	20	1	10	2	9	21	18	9	10	21	11	10	27	15	9	40	12	4	30	36	45	9	24	32	20	41	34	12	27	46	33	21	46	2	7	15	14	5	23	
1	13	1	42	22	2	39	34	16	33	39	29	28	24	26	8	33	15	17	45	24	10	4	18	34	3	1	27	19	8	6	40	16	15	1	9	25	30	7	40	
24	30	15	24	30	15	7	13	35	28	14	3	23	16	13	29	17	49	38	33	41	23	48	39	43	39	5	29	10	37	28	23	40	22	32	13	36	10	14	43	
35	25	46	23	8	39	23	45	48	14	49	3	16	8	2	21	42	28	12	28	44	10	13	49	3	8	29	40	31	27	28	36	40	6	38	1	24	29	9	30	
33	45	18	45	8	21	39	11	45	12	12	19	22	17	33	9	22	38	27	44	4	45	48	47	27	2	1	39	20	26	41	26	42	49	30	12	31	21	20	27	
28	36	2	20	44	8	35	20	4	30	20	10	48	20	41	20	27	43	37	32	36	20	18	15	28	37	30	19	26	46	32	3	12	48	15	19	38	24	17	24	
24	28	17	32	50	1	4	47	48	9	23	6	31	44	27	44	33	28	15	29	15	25	5	20	48	45	16	21	32	15	19	7	50	27	18	9	34	38	31	27	
3	45	27	30	2	13	1	27	28	29	39	20	5	30	22	47	5	32	15	12	36	32	16	14	46	2	17	9	26	14	5	30	8	10	22	45	3	3	23	34	
41	24	41	7	48	5	10	21	17	4	27	18	41	30	34	20	22	21	17	14	18	6	21	38	38	47	36	16	13	13	29	21	3	46	43	7	48	48	20	41	
4	40	37	29	15	23	42	24	1	29	46	1	20	9	43	17	29	44	41	17	33	40	28	43	47	28	34	10	16	40	43	15	29	2	3	45	50	2	20	1	
25	24	36	1	15	20	45	25	42	40	29	39	32	33	1	38	37	6	33	18	23	16	35	35	6	8	33	11	40	35	5	3	1	36	13	49	41	12	32	46	
50	33	23	37	21	24	40	39	12	1	25	34	29	17	25	34	15	19	3	11	40	11	16	3	42	9	39	32	12	31	43	34	42	35	45	9	19	19	47	47	
8	47	34	14	34	48	34	33	32	41	33	10	1	43	14	7	41	9	31	34	13	8	48	34	28	8	21	24	41	49	38	32	42	9	38	16	1	22	35	14	
22	10	9	5	16	36	8	22	13	29	22	44	31	33	16	42	25	20	11	15	32	21	40	13	33	19	24	30	28	13	31	2	9	7	13	12	7	10	12	29	
3	35	9	5	23	15	17	45	49	6	2	38	13	29	48	24	45	26	27	2	9	9	44	34	4	42	13	44	26	42	30	15	7	37	9	18	12	11	50	26	
11	41	19	9	34	47	9	3	38	30	50	21	2	22	24	17	17	36	3	32	50	20	24	17	14	30	13	49	40	42	35	19	15	28	29	35	10	4	42	18	
48	6	18	36	35	39	31	30	32	45	35	24	36	31	5	13	37	31	41	37	29	27	43	16	42	44	5	44	4	21	23	43	17	13	1	2	11	13	6	47	
22	38	5	14	4	42	39	13	25	36	40	23	48	7	24	35	20	39	50	16	2	49	39	34	47	40	14	24	11	42	41	46	37	26	27	9	10	49	9	1	
9	49	45	14	25	4	12	21	36	14	25	33	4	2	50	34	16	1	50	25	7	26	26	6	32	6	26	45	11	1	12	42	24	10	5	1	46	11	45	38	
42	19	21	30	39	20	14	35	1	26	18	25	35	35	44	24	9	20	28	38	15	12	29	42	30	6	42	5	13	22	36	30	42	39	10	40	23	18	28	1	
41	38	49	18	15	27	4	31	13	37	21	1	46	36	25	5	25	50	11	42	18	7	36	10	4	26	6	35	3	34	25	11	39	34	45	1	7	13	1	36	
12	31	15	33	17	33	46	25	29	25	18	32	6	38	7	39	1	45	17	45	23	18	33	42	44	11	46	7	7	32	49	36	14	8	7	44	32	28	41	9	
47	40	32	8	49	40	46	32	5	14	5	49	25	30	44	40	14	16	17	31	37	33	39	8	14	22	20	12	37	28	4	19	45	34	6	36	17	38	29	15	
35	47	19	43	44	2	24	12	11	39	31	24	29	30	24	35	3	18	30	19	45	6	17	18	26	41	50	17	1	39	13	6	11	3	39	12	48	1	12	41	
30	8	46	31	37	17	36	11	7	36	8	23	9	9	28	14	5	50	36	25	24	41	28	31	21	37	39	13	39	40	35	43	29	3	1	43	27	14	27	47	
37	24	9	36	5	34	2	44	29	48	48	15	49	48	30	33	12	18	8	6	5	40	9	16	32	14	49	11	5	23	7	3	24	38	1	30	12	9	6	37	
33	4	21	2	18	9	19	36	5	13	16	12	32	5	16	21	4	40	43	10	35	45	2	29	32	33	11	27	40	31	34	28	45	18	4	36	17	12	49	3	
40	12	13	41	12	15	28	12	3	14	11	14	6	6	41	50	6	47	40	1	4	29	1	34	38	11	40	21	21	7	19	46	14	26	21	5	12	5	46	27	
21	44	12	19	32	7	39	18	31	23	38	45	29	48	20	13	1	23	12	22	36	7	17	13	33	49	45	13	45	9	48	50	35	25	49	2	17	41	3	10	
43	35	35	47	27	41	2	3	21	11	27	24	37	50	41	5	20	19	24	20	8	12	36	45	45	9	32	26	48	33	20	40	44	47	31	3	14	40	12	37	
11	37	32	21	7	37	50	9	48	33	36	40	36	15	22	22	3	50	41	28	40	2	38	45	25	14	2	37	29	49	20	30	8	16	12	41	11	42	5	33	
39	37	7	48	31	47	17	11	13	35	38	29	17	16	2	32	37	26	24	9	12	23	5	17	3	21	27	48	8	37	17	46	44	24	27	29	4	6	35	48	
15	16	36	1	39	45	17	2	39	28	48	21	27	23	38	36	44	38	17	19	28	1	48	49	25	28	48	43	38	21	4	4	8	15	20	3	14	28	27	11	
On machine	6
42	22	46	27	11	49	9	7	18	42	42	26	22	35	33	6	36	27	30	26	19	40	48	5	36	31	37	44	46	3	4	46	37	32	23	22	17	4	39	28	
31	21	6	27	25	14	36	22	20	4	3	31	39	26	33	25	11	41	26	25	38	6	2	22	49	16	15	49	40	41	19	4	40	24	41	16	41	10	23	42	
15	28	48	6	7	41	20	4	23	7	49	16	19	18	24	49	43	36	32	2	23	41	11	7	32	21	17	40	6	28	14	41	31	29	26	17	18	25	7	9	
16	26	48	30	8	47	15	15	43	2	45	18	45	35	38	26	40	25	19	50	44	23	21	33	11	35	12	20	6	2	29	9	15	16	10	17	16	37	29	15	
49	37	25	17	15	17	32	5	32	12	26	42	1	13	5	18	4	34	20	29	4	41	2	34	12	1	23	32	49	28	2	5	13	3	29	34	39	11	50	23	
8	4	39	50	32	1	40	8	35	11	5	48	14	34	42	13	35	32	38	39	19	38	23	45	2	27	18	28	41	11	36	20	7	42	48	44	43	4	32	21	
18	40	21	21	20	4	12	39	13	40	21	48	7	16	29	50	18	47	41	31	34	9	27	36	21	49	39	12	31	12	44	11	2	12	19	3	42	49	11	3	
17	24	24	27	40	6	31	34	14	46	14	1	11	21	9	46	36	29	29	9	11	39	8	39	28	6	32	27	3	20	35	32	34	18	39	2	28	46	13	30	
30	35	17	27	46	4	4	9	12	34	49	33	41	25	12	43	25	9	4	4	35	29	42	10	10	39	38	36	7	19	39	47	41	36	43	50	38	37	4	25	
46	42	13	1	31	47	17	17	33	32	26	22	8	48	44	34	32	36	12	7	50	8	24	39	18	5	48	21	7	26	45	47	22	33	6	16	13	19	12	21	
26	43	49	34	5	6	26	31	30	40	7	32	28	21	23	45	13	21	3	14	19	15	43	1	32	8	12	37	5	14	11	17	14	23	30	31	38	15	25	24	
43	7	27	22	26	32	50	38	31	4	12	25	18	7	10	3	3	44	29	3	19	32	12	16	20	49	33	46	4	46	5	37	9	43	38	37	16	22	21	42	
43	4	44	21	7	47	38	30	5	41	24	27	6	27	34	10	19	7	4	25	32	48	15	5	19	32	9	29	8	31	29	5	50	49	2	32	22	44	6	27	
25	23	35	40	29	14	49	33	28	35	10	36	49	46	27	44	36	50	37	7	40	18	12	44	2	41	18	25	14	19	16	46	7	41	13	21	11	31	25	49	
23	26	9	45	41	19	7	30	36	24	5	13	9	37	9	33	24	22	8	45	16	39	45	37	18	37	50	10	36	4	23	19	28	25	15	47	34	18	40	30	
50	4	14	43	33	44	6	17	18	45	50	5	47	22	11	31	41	48	5	5	36	38	6	49	19	44	12	47	34	35	50	42	24	33	12	33	29	50	27	43	
13	47	36	16	20	38	50	26	9	19	12	17	38	34	16	14	22	37	24	49	28	32	14	18	36	39	13	9	25	20	4	23	38	20	10	47	15	24	25	13	
15	16	14	22	39	30	44	23	21	48	40	15	31	33	2	8	25	24	30	40	20	41	19	35	44	7	31	36	37	25	36	23	15	16	44	25	48	45	18	9	
38	35	1	14	26	17	1	38	12	33	49	25	35	7	28	45	23	4	43	19	9	26	30	19	12	38	19	7	9	31	17	24	24	25	10	41	41	34	32	40	
2	18	10	1	14	10	11	17	9	41	19	16	30	23	36	14	43	11	35	49	16	42	15	38	50	22	48	29	18	7	10	2	6	19	13	28	1	3	41	32	
36	28	38	15	30	29	39	11	41	43	27	23	12	36	2	17	25	22	35	40	17	4	37	19	21	38	10	48	1	1	7	38	5	20	19	41	26	10	14	49	
9	48	49	6	47	24	4	24	19	49	32	20	15	44	22	39	10	41	45	17	14	50	47	49	41	18	18	20	8	43	2	35	38	28	20	48	40	12	21	50	
42	8	20	5	3	39	39	2	26	3	41	39	47	40	8	42	15	34	2	13	14	21	7	29	47	19	8	16	8	7	25	23	21	19	31	34	10	14	10	18	
49	29	14	18	33	8	18	5	45	32	8	15	24	15	27	2	38	32	46	1	18	39	15	49	26	49	12	4	6	15	5	19	13	37	20	33	12	7	24	43	
44	35	17	8	28	38	16	13	14	31	31	37	23	9	40	35	10	41	50	6	24	34	45	12	41	31	23	19	39	38	20	23	2	23	48	35	40	19	46	16	
38	9	43	8	34	14	23	47	18	6	37	33	33	42	49	2	37	46	24	45	20	46	41	19	26	5	11	23	39	25	25	7	5	6	48	41	24	26	14	47	
39	17	23	49	8	46	32	11	15	8	28	9	45	3	8	14	27	3	37	40	34	48	8	18	21	24	27	22	40	44	47	6	12	32	29	18	21	27	7	42	
18	22	28	13	30	41	27	49	20	31	37	45	1	9	17	42	11	40	26	41	27	33	8	4	34	12	40	44	36	15	24	30	42	43	26	28	21	40	28	1	
3	14	15	8	29	35	47	25	31	12	47	3	39	39	22	27	11	40	39	39	48	9	50	32	34	27	50	6	15	50	38	20	31	33	45	32	12	49	44	36	
42	4	46	34	14	5	2	16	14	17	50	9	9	50	20	23	21	25	39	15	42	16	32	46	49	4	34	43	38	50	44	38	14	9	2	12	32	25	26	21	
14	7	6	27	37	42	39	49	38	16	42	42	13	17	33	16	13	48	17	29	4	42	40	38	21	22	31	50	47	28	34	42	46	1	24	47	13	6	11	23	
11	1	48	34	14	18	28	11	29	36	45	47	26	45	17	30	4	47	40	3	4	6	14	22	40	15	12	24	41	18	7	5	26	40	28	14	18	9	4	5	
2	43	44	48	30	46	36	45	44	33	40	28	49	5	23	17	26	43	50	40	43	36	25	38	24	19	40	2	38	13	39	19	17	11	47	45	50	16	24	46	
27	39	36	38	15	4	38	42	14	13	1	30	3	1	5	24	7	30	3	44	31	3	36	40	5	8	42	8	39	35	21	5	27	38	16	14	18	13	39	35	
28	1	25	13	4	50	41	46	4	12	20	9	13	25	47	17	38	18	42	29	25	18	37	4	28	8	12	12	43	4	14	1	24	16	35	4	44	41	44	7	
14	27	11	45	45	32	27	9	5	9	35	2	14	5	19	33	11	29	6	48	40	25	44	8	36	14	17	14	49	26	33	26	12	14	21	20	14	20	29	2	
5	1	23	5	17	38	16	31	47	39	11	3	32	31	44	49	27	47	33	30	19	11	10	1	20	25	47	35	16	42	7	48	34	1	37	21	16	35	21	32	
16	13	6	8	23	18	44	6	8	20	23	47	6	14	38	42	22	13	45	30	21	36	31	45	6	15	40	31	45	2	28	32	6	13	34	21	23	3	39	37	
33	32	16	47	48	28	5	34	35	36	36	48	4	8	13	2	26	13	13	22	26	14	49	32	35	37	19	28	48	12	8	14	11	6	28	46	6	34	31	23	
49	29	38	11	42	44	29	26	48	42	45	15	7	7	29	46	39	37	24	45	20	15	23	18	24	40	39	14	15	44	50	25	29	43	15	39	28	17	26	48	
On machine	7
13	37	50	34	23	35	13	16	30	45	11	34	40	38	5	15	18	16	8	16	11	25	41	47	23	31	12	33	35	44	24	17	32	32	3	46	49	25	18	27	
12	6	31	30	25	38	8	31	15	7	32	14	48	39	40	28	40	25	1	24	19	23	3	46	37	4	45	21	4	7	39	36	47	43	19	2	16	43	1	22	
12	15	40	30	20	20	38	22	8	24	23	15	40	20	5	10	33	38	14	32	1	27	26	9	5	38	37	26	36	48	43	23	43	3	2	19	6	12	34	41	
30	34	5	18	9	41	4	9	49	19	1	34	14	24	2	22	14	32	9	26	11	50	19	5	10	26	29	15	2	16	33	27	11	27	20	45	18	19	9	22	
41	32	8	30	37	16	47	33	4	30	12	38	46	25	6	48	27	8	20	50	44	47	30	12	42	15	31	41	32	40	20	7	25	26	20	24	26	1	46	17	
2	24	29	9	41	23	20	5	4	25	45	26	40	43	18	34	4	10	31	29	30	10	39	11	40	38	23	6	11	16	37	2	32	28	1	39	20	42	45	46	
46	42	49	44	35	32	11	23	31	29	29	45	33	24	37	11	5	40	47	35	7	18	20	24	9	25	17	12	39	6	19	33	35	35	12	3	6	41	3	42	
23	8	12	27	33	6	30	43	25	15	17	40	22	9	12	4	41	16	11	21	37	11	26	35	32	18	1	29	49	3	40	29	39	27	6	4	17	25	10	38	
5	8	28	25	25	37	46	34	6	26	22	34	28	41	13	36	5	20	42	44	11	15	50	5	34	13	39	42	43	19	46	20	48	2	17	30	48	49	31	40	
35	5	6	30	25	11	5	21	8	20	17	31	48	13	11	22	26	4	36	48	40	8	22	28	15	24	4	6	35	18	45	11	22	9	13	7	9	47	25	16	
36	23	10	33	49	25	12	1	25	34	4	45	4	24	31	5	6	40	7	30	48	18	42	4	8	10	25	14	9	46	12	1	48	20	13	32	26	22	8	37	
4	31	47	32	5	16	11	20	31	1	7	7	38	42	30	47	41	27	17	4	31	24	47	7	30	5	34	12	19	49	24	9	15	30	14	7	30	25	37	36	
38	38	29	35	39	8	44	28	23	28	29	20	46	26	38	37	37	26	15	26	23	30	27	43	20	15	35	26	20	33	20	43	32	15	12	38	5	4	15	2	
2	11	1	32	4	36	48	41	23	14	33	45	19	7	23	35	41	44	28	46	26	8	11	22	44	11	37	4	33	50	2	23	12	41	1	9	43	2	40	34	
11	9	44	18	26	35	47	12	32	5	13	42	5	22	45	47	8	29	45	20	44	23	26	8	26	4	6	46	48	30	40	23	48	38	23	34	2	36	19	42	
8	18	14	8	37	47	26	16	39	45	46	33	30	49	19	16	22	29	8	7	47	29	15	8	36	17	25	37	21	28	23	12	18	37	27	13	3	44	27	6	
48	39	11	49	17	28	50	7	47	33	32	32	3	1	16	18	7	39	33	38	48	17	50	48	25	33	46	33	46	36	44	4	43	9	45	17	5	17	19	22	
14	48	41	37	32	47	32	8	5	3	31	37	34	1	21	46	48	19	33	21	7	26	5	36	38	12	22	22	48	27	9	48	38	12	47	45	16	17	50	15	
15	38	17	39	27	7	4	49	38	5	2	34	21	27	40	42	4	29	30	31	6	13	30	48	46	16	41	39	44	9	26	27	20	10	20	47	22	50	36	20	
23	30	23	23	13	17	16	13	19	50	27	21	21	50	42	39	46	18	34	20	35	46	9	29	11	50	17	24	36	50	41	28	11	13	22	10	9	2	11	16	
35	5	2	1	20	39	23	26	33	43	16	8	6	2	47	28	37	28	5	18	26	48	1	2	23	11	44	10	14	25	28	30	28	50	2	41	41	18	5	39	
19	23	13	30	36	17	31	25	26	36	48	29	21	26	50	22	24	10	13	42	7	7	22	47	24	14	49	50	9	8	14	33	12	12	16	40	9	1	47	11	
31	15	23	15	27	45	14	1	11	19	1	42	7	17	22	31	37	7	35	31	44	32	13	7	16	4	15	16	21	8	40	29	37	22	35	22	24	37	46	44	
46	1	5	2	34	22	10	22	11	22	44	43	48	14	1	1	39	36	33	44	3	9	34	38	41	23	42	3	25	38	4	27	49	6	21	43	7	28	25	48	
21	30	1	2	3	41	16	46	26	44	26	43	12	40	29	40	22	37	10	33	7	4	6	13	20	44	14	33	1	16	3	33	22	11	46	13	45	49	13	1	
1	33	30	42	8	37	49	10	24	10	33	49	1	23	10	3	46	43	37	9	37	15	49	27	25	43	37	19	4	23	45	4	8	30	33	1	1	10	41	32	
23	15	38	27	13	34	30	36	37	12	32	40	20	5	10	16	27	8	13	47	21	28	43	39	27	15	42	32	14	15	18	19	28	26	18	26	28	18	24	37	
5	39	2	44	23	15	27	6	24	33	29	21	17	26	48	49	1	25	13	29	27	36	30	18	17	4	35	35	9	24	5	18	5	10	47	16	24	21	34	26	
44	17	30	25	16	33	4	35	18	3	40	46	50	33	3	44	43	3	41	13	30	25	47	5	14	7	8	45	17	35	27	31	34	14	19	26	50	49	44	7	
12	18	30	16	18	29	22	46	38	41	16	5	23	7	43	26	43	48	28	32	30	1	4	8	20	42	16	22	26	35	1	24	17	21	5	12	49	4	25	33	
29	19	21	37	8	43	15	6	44	32	48	9	47	49	49	26	42	9	18	5	15	20	8	40	1	39	42	24	15	3	48	44	24	46	21	37	50	26	49	6	
26	4	39	18	30	18	16	4	37	1	25	16	44	39	3	8	38	10	3	4	25	35	35	16	1	26	31	23	5	16	39	4	39	37	39	3	23	49	15	28	
23	15	44	2	16	25	22	24	25	3	7	19	1	46	49	8	17	50	45	3	30	19	10	18	25	11	33	2	43	49	35	18	9	44	3	33	38	46	2	23	
31	43	24	27	1	14	20	11	50	35	33	45	18	33	28	36	7	23	44	50	15	21	31	33	33	42	20	22	3	16	29	37	47	18	22	45	27	20	36	41	
46	15	5	37	33	29	50	31	9	28	31	17	17	15	4	22	38	19	48	14	29	8	48	8	21	36	5	38	40	24	24	25	14	35	3	48	32	1	38	20	
6	37	29	37	5	47	36	22	35	44	28	10	26	37	6	23	37	46	38	35	2	49	19	7	32	33	36	6	40	25	45	34	50	19	31	46	4	5	27	39	
4	6	37	23	6	22	22	4	12	32	13	32	20	42	28	42	20	8	37	17	11	3	25	3	28	18	23	27	9	17	15	49	16	43	26	23	44	1	15	21	
24	34	42	31	15	21	6	18	9	16	28	35	49	26	39	32	35	44	3	2	18	20	11	23	1	20	46	10	28	6	39	4	31	13	9	46	19	2	1	42	
26	45	38	22	1	30	19	25	35	21	33	23	35	23	1	26	6	4	32	3	4	1	19	48	49	43	41	48	38	34	26	33	32	26	23	32	41	44	44	3	
36	40	45	25	48	41	3	31	45	24	46	16	18	47	34	4	37	29	20	5	48	3	14	20	1	32	3	17	12	21	22	27	44	13	5	39	6	1	43	25	
On machine	8
30	29	7	43	26	38	21	6	49	4	44	35	17	24	28	23	40	31	48	41	39	9	48	22	8	13	47	2	34	20	43	26	5	1	16	29	5	16	39	18	
10	37	43	44	37	6	49	44	50	36	48	22	33	1	8	2	41	20	43	25	6	13	10	49	23	31	50	30	2	49	8	4	1	25	12	41	43	24	9	34	
44	27	43	34	40	4	47	1	4	16	19	43	40	9	38	38	38	26	31	38	12	32	37	12	22	38	11	5	24	31	44	6	32	49	38	12	44	13	47	42	
26	39	15	42	32	16	7	1	10	25	28	38	22	46	13	22	33	34	40	4	42	18	46	19	16	16	43	14	22	10	14	24	13	37	5	11	40	20	24	3	
15	8	35	25	34	48	20	31	21	48	45	19	41	32	6	11	23	40	29	10	33	38	20	8	15	38	44	37	1	11	22	38	15	10	7	26	27	17	6	11	
50	23	28	7	8	14	40	13	31	5	19	23	27	30	14	18	29	11	8	11	3	4	40	1	15	1	29	6	21	9	14	9	36	44	26	4	9	9	2	45	
50	40	30	15	48	3	35	26	12	38	42	29	1	8	8	49	43	49	29	13	18	16	29	27	47	36	14	7	16	6	4	16	41	2	30	1	8	18	42	10	
32	8	44	5	14	3	47	50	6	29	10	17	40	17	15	31	5	7	44	14	4	37	31	17	49	17	36	21	11	46	20	31	10	47	24	46	47	29	50	9	
15	48	8	32	39	50	42	8	45	5	33	15	44	37	33	35	4	30	38	2	13	25	29	15	36	49	5	5	37	31	16	33	41	7	11	37	40	50	3	26	
37	5	30	24	35	49	17	36	25	47	28	28	28	23	37	31	30	6	43	43	14	33	16	3	19	4	29	9	48	4	37	32	37	13	50	18	41	3	18	14	
42	19	40	38	2	37	43	39	36	43	25	3	34	47	25	4	24	23	14	13	28	2	10	32	19	16	50	17	15	11	8	46	17	4	36	37	43	9	37	26	
2	25	17	37	31	44	24	37	9	38	6	43	9	8	19	13	39	44	1	32	47	50	42	43	18	16	46	4	14	19	11	44	10	35	5	39	45	12	23	48	
22	12	3	43	7	24	32	9	40	37	28	38	43	43	12	29	47	41	15	26	32	45	21	44	35	2	18	38	31	15	48	25	38	5	23	17	14	33	5	38	
50	50	8	43	43	7	38	27	15	25	42	22	33	7	14	19	40	30	3	17	49	26	27	7	37	28	26	28	29	9	42	40	44	20	38	35	13	10	48	4	
15	15	30	7	11	9	28	11	41	21	29	47	35	2	26	21	5	13	39	19	37	48	17	16	29	18	13	47	12	8	13	39	14	7	42	31	6	42	48	13	
10	30	21	44	49	9	50	34	29	15	14	38	37	18	10	33	15	12	15	49	46	22	18	4	14	40	48	6	46	21	47	20	17	40	41	40	36	8	7	2	
12	7	3	50	27	8	2	20	44	48	32	28	50	1	37	34	47	2	12	11	46	1	48	50	33	42	22	41	27	11	8	2	3	36	22	37	48	8	39	43	
10	38	21	26	6	14	26	35	41	2	40	20	20	15	34	42	35	49	9	28	8	19	16	42	32	19	35	27	9	8	15	47	10	26	44	30	9	1	28	44	
46	29	48	37	36	2	22	40	12	7	31	9	15	8	17	47	10	23	48	42	32	1	41	4	26	10	27	8	21	50	41	12	12	28	35	48	33	28	38	6	
9	14	16	28	50	43	39	4	41	27	19	8	38	46	5	6	17	41	41	28	48	10	32	43	5	1	1	18	15	47	18	39	25	22	32	12	46	23	20	14	
28	24	19	3	11	28	36	17	26	32	24	42	13	43	2	43	48	30	31	40	47	4	4	24	48	42	1	20	23	5	39	30	16	37	7	13	30	9	13	46	
40	6	21	10	17	12	4	35	24	32	11	3	39	33	6	41	20	38	14	32	24	11	7	22	25	30	17	26	21	7	25	27	40	26	13	4	3	14	17	30	
40	24	35	26	17	14	50	19	1	50	18	6	14	2	30	39	25	40	16	11	35	47	45	15	17	9	50	28	28	8	17	36	15	29	34	28	35	21	39	32	
44	20	28	31	36	47	32	34	16	41	46	26	21	1	27	26	16	33	1	13	48	36	5	39	49	13	9	31	35	20	10	44	27	47	41	7	20	47	30	2	
40	6	31	15	6	30	4	5	24	41	46	32	45	1	4	50	31	2	45	1	9	16	5	24	10	25	13	41	2	12	6	42	23	14	26	45	16	29	38	19	
30	7	31	9	19	24	2	17	47	15	27	2	40	2	24	27	3	3	50	23	41	44	29	43	9	10	18	4	31	44	43	48	7	3	18	43	3	43	26	43	
46	32	27	6	30	19	22	50	7	31	35	15	35	3	6	31	35	19	48	20	36	40	6	50	35	4	9	10	50	18	5	46	22	16	40	20	15	27	39	27	
13	14	24	33	32	14	46	13	28	34	20	27	18	36	48	38	13	43	1	25	41	1	10	21	45	45	13	31	39	7	15	49	18	48	14	40	47	44	45	29	
44	2	43	18	7	15	6	23	43	39	24	38	37	18	29	44	7	29	35	20	4	3	39	11	8	42	22	50	18	28	37	43	49	7	7	25	37	20	40	17	
12	10	35	35	30	29	30	3	33	1	35	20	40	27	18	46	21	29	45	30	15	15	42	28	16	10	16	30	16	39	13	22	23	20	31	29	23	31	1	28	
47	31	24	44	42	13	2	23	17	37	45	10	7	5	3	33	37	17	5	29	48	42	40	16	1	8	23	30	25	16	30	48	43	45	38	2	44	6	40	44	
24	15	39	11	17	2	10	5	45	46	42	22	22	50	7	30	15	45	41	28	50	4	48	19	1	1	45	14	27	9	24	45	31	15	34	33	34	42	7	33	
25	12	10	15	46	8	50	9	11	47	20	25	42	24	39	2	9	42	50	23	37	21	31	41	18	3	45	2	32	30	17	17	37	40	5	24	11	24	21	49	
49	15	19	48	22	30	18	33	48	18	4	7	15	18	46	10	41	27	6	35	6	4	33	35	10	10	40	20	44	49	37	40	36	4	34	28	26	46	6	33	
9	44	33	7	5	28	41	34	13	3	18	9	28	18	41	18	12	16	46	11	12	45	43	31	35	9	40	20	17	38	9	35	21	43	48	17	13	37	2	36	
39	41	30	43	17	34	49	38	5	27	19	24	34	49	20	37	35	25	41	47	22	16	41	18	45	21	1	11	48	16	11	42	24	26	7	2	21	24	39	15	
18	33	32	9	46	43	37	16	28	25	27	46	9	20	14	15	27	27	39	22	11	22	12	14	7	13	17	31	39	49	15	49	22	8	31	3	31	31	32	23	
40	50	48	3	8	40	4	36	9	34	47	35	39	29	27	38	21	5	46	16	12	27	36	18	30	7	37	30	28	35	48	13	44	37	9	22	24	32	23	50	
4	3	15	29	32	48	21	15	19	46	14	42	38	22	7	41	21	23	43	1	50	46	3	25	5	50	41	34	47	16	7	4	4	3	24	50	7	47	47	39	
27	43	21	14	41	47	34	45	37	44	27	23	48	34	42	36	8	49	3	29	4	35	49	9	44	14	10	47	4	27	46	36	17	24	12	43	20	34	18	24	
On machine	9
47	16	3	31	5	6	25	29	44	16	8	14	13	37	17	2	35	24	1	35	38	44	32	9	17	20	20	14	17	33	50	48	48	41	28	8	28	37	39	11	
49	48	33	42	26	17	8	47	42	50	34	10	24	14	26	49	26	40	37	25	11	15	23	40	18	39	6	34	25	48	18	31	36	26	1	16	28	22	13	28	
46	27	36	4	40	23	27	32	45	23	39	30	18	19	37	16	19	30	34	47	28	20	29	27	17	14	12	17	46	30	5	38	12	44	46	47	15	35	19	45	
24	39	29	41	10	38	29	5	24	5	42	45	6	11	39	2	23	22	16	32	32	41	50	45	6	43	39	24	49	44	6	35	30	25	23	18	33	44	44	27	
46	12	3	17	49	1	24	18	4	48	43	19	28	49	7	11	45	21	42	45	41	35	8	23	34	40	48	35	4	30	47	32	36	9	15	10	12	41	28	38	
8	25	34	29	46	41	21	39	21	15	2	40	43	23	32	4	8	18	14	44	22	39	35	16	31	28	25	11	6	15	34	15	14	16	27	10	37	3	29	42	
8	21	45	16	14	7	46	20	37	22	2	5	6	6	6	29	22	28	49	18	4	31	17	46	13	29	1	34	41	20	39	46	50	47	18	40	14	6	33	11	
13	42	44	36	45	2	35	32	42	8	37	6	13	6	32	24	27	19	44	28	36	5	11	18	43	1	30	42	8	5	4	23	37	32	34	7	35	34	16	7	
1	21	37	22	20	42	45	38	3	43	41	28	20	12	1	22	32	47	38	27	22	19	1	26	6	45	32	29	34	21	32	10	17	2	2	33	44	30	35	22	
44	25	33	19	23	18	24	33	2	15	9	31	34	50	10	31	27	22	48	40	49	11	26	36	2	28	33	11	29	1	1	20	18	18	10	24	27	16	11	4	
47	20	15	3	50	50	46	34	25	1	11	29	12	35	35	36	40	7	42	17	19	10	15	1	44	48	34	29	11	36	10	22	35	34	7	47	42	24	13	48	
29	5	9	29	43	5	28	30	39	10	34	25	33	45	37	12	37	4	39	17	34	15	5	30	25	5	5	45	42	28	32	10	31	24	41	20	49	6	18	19	
50	39	34	44	23	20	21	50	25	44	28	28	49	10	6	17	20	48	33	24	6	32	39	8	6	25	44	17	5	38	3	41	29	41	32	49	8	50	17	18	
3	20	20	35	46	1	40	7	12	47	29	43	20	17	10	26	7	43	8	39	11	32	49	26	28	18	5	3	30	44	44	22	17	32	30	26	39	22	14	34	
31	12	38	19	50	25	11	14	23	19	48	36	48	39	34	36	32	31	42	24	28	25	24	30	45	36	30	2	7	20	15	16	5	7	40	43	2	6	40	5	
28	19	5	44	26	39	25	23	24	21	27	15	46	49	49	23	24	14	39	34	4	10	25	41	22	26	13	41	45	44	19	6	21	5	10	24	2	17	27	36	
42	28	22	3	1	41	40	5	29	6	30	42	15	42	8	14	6	35	19	16	32	7	39	28	28	33	45	28	10	23	32	37	6	12	10	21	48	39	21	20	
35	32	39	29	29	26	45	2	12	14	28	24	7	48	34	32	40	21	44	1	10	14	24	8	49	43	38	35	5	20	22	30	21	14	22	43	24	16	21	8	
13	23	14	16	30	34	39	27	43	21	2	40	49	37	40	48	39	35	29	13	45	49	10	43	18	16	4	16	37	4	28	4	22	4	29	2	37	30	10	36	
48	23	29	27	35	13	7	27	29	27	11	26	40	39	19	34	32	35	6	7	9	50	18	36	12	14	41	4	11	13	47	26	26	34	24	2	50	35	39	47	
1	27	19	33	30	9	20	35	39	39	8	22	19	10	13	4	27	24	49	12	38	23	34	21	13	13	32	33	47	16	25	12	14	36	41	13	43	6	3	5	
43	28	16	16	43	10	40	16	42	5	26	16	23	41	46	50	48	25	20	9	32	8	21	38	23	42	9	41	28	40	42	34	4	31	21	4	12	2	23	12	
48	17	26	27	14	45	28	13	22	27	44	25	44	22	36	11	2	1	48	35	7	36	23	45	45	8	14	4	39	46	47	16	30	3	23	13	29	8	18	3	
7	6	31	30	47	27	6	7	13	10	3	49	22	14	44	26	45	39	9	26	45	38	11	13	14	16	2	12	22	39	19	31	14	35	1	17	13	29	28	4	
19	4	47	33	39	24	13	24	16	12	4	24	29	2	10	13	41	50	10	10	22	6	29	14	44	43	3	9	21	14	1	36	2	30	5	4	17	37	49	43	
27	16	31	43	36	8	48	24	48	39	11	23	25	1	20	45	48	33	8	46	16	40	7	32	3	47	13	12	23	24	48	12	46	36	13	40	48	31	33	20	
48	48	35	48	22	6	2	44	39	3	32	35	11	36	5	21	2	20	34	2	33	47	15	21	16	48	18	13	43	22	32	36	6	44	40	27	38	4	3	48	
43	4	43	38	9	25	28	44	12	38	28	24	29	50	50	33	27	4	38	23	36	26	43	50	32	34	41	17	34	32	45	30	26	23	6	35	19	24	40	36	
38	19	23	46	16	47	27	23	9	14	8	21	25	43	12	8	18	32	40	39	14	42	6	11	1	32	38	30	28	10	12	23	13	4	47	28	22	23	9	45	
27	11	31	2	46	46	25	30	45	20	6	3	8	46	39	21	42	13	26	23	42	46	5	18	8	33	44	34	36	32	20	12	47	22	11	15	20	27	9	36	
47	30	28	6	21	3	20	43	50	26	35	22	13	16	9	32	41	47	2	19	50	24	29	26	47	26	22	28	40	19	10	14	19	24	6	3	39	14	13	2	
3	16	27	12	39	32	32	18	50	26	43	31	39	2	3	18	17	24	28	13	28	31	2	13	42	38	6	8	7	10	10	25	46	6	3	17	50	32	31	28	
9	27	34	16	3	3	41	32	34	47	34	23	14	15	30	48	22	10	7	3	50	36	46	32	35	19	26	12	23	41	23	10	36	34	28	6	18	40	42	38	
18	37	18	32	16	35	26	32	31	10	48	49	41	22	50	36	5	25	34	12	44	38	40	18	14	12	16	24	10	15	38	20	12	16	45	30	48	1	36	40	
19	47	35	45	50	32	22	20	46	29	12	39	12	31	36	19	11	29	47	25	44	49	19	24	47	40	35	29	45	23	16	3	17	33	32	35	12	41	1	39	
10	50	22	10	38	26	29	11	9	42	36	13	5	29	37	15	46	32	47	29	39	30	27	49	3	32	5	24	18	20	4	4	29	26	38	42	23	1	21	4	
43	19	8	5	49	15	48	48	17	13	33	15	32	33	7	3	49	20	45	44	29	15	35	16	43	49	42	17	24	41	33	42	32	35	31	21	48	41	25	19	
34	6	33	16	1	31	30	14	22	11	43	37	34	44	23	16	6	45	6	29	34	49	16	10	5	28	29	27	35	35	8	46	49	9	35	13	16	11	11	11	
15	6	22	47	48	37	45	13	5	14	22	12	14	48	36	19	22	31	30	5	19	33	41	26	24	22	2	39	24	8	15	24	25	26	33	41	32	44	46	42	
46	15	19	50	6	7	42	47	1	3	43	35	25	1	44	1	22	34	46	7	7	28	10	38	26	19	8	15	49	17	13	41	16	43	48	37	17	13	1	6	
On machine	10
49	38	31	6	40	15	28	3	19	40	45	37	34	40	19	43	22	45	16	38	21	19	35	48	29	37	42	30	49	4	33	27	26	48	18	30	42	14	11	4	
20	1	33	40	43	30	39	3	1	6	47	38	12	29	41	27	45	50	29	9	12	19	24	4	33	44	4	36	10	40	19	23	1	26	5	46	19	11	19	15	
25	20	47	13	30	2	1	49	41	36	24	40	9	31	38	36	8	26	14	31	49	1	34	25	27	35	48	44	22	7	49	8	18	26	7	9	21	32	36	43	
21	23	19	14	28	41	48	31	7	34	1	25	11	34	27	12	26	38	34	18	19	34	33	2	24	16	8	27	6	35	8	40	46	31	47	35	21	48	6	35	
28	37	33	47	36	10	37	25	23	22	44	35	26	22	32	36	18	29	13	22	41	1	16	39	6	25	4	29	44	34	31	29	27	4	15	22	42	37	22	4	
35	36	11	40	38	23	38	1	1	4	31	32	25	9	47	4	35	18	36	26	16	47	34	44	21	48	43	24	6	40	5	1	19	4	38	48	10	44	36	11	
13	24	37	6	12	18	12	7	18	41	12	29	2	17	17	4	40	29	21	19	28	32	50	13	42	11	43	41	47	50	17	19	9	21	16	31	28	24	11	38	
41	23	39	41	39	46	31	35	45	46	9	36	41	34	43	19	5	9	26	38	17	38	48	9	32	31	5	48	17	22	13	37	3	32	32	30	47	20	6	45	
27	30	15	4	22	13	33	27	35	15	18	9	20	16	1	46	47	27	14	14	42	4	41	30	18	18	29	47	39	15	34	1	29	31	30	22	27	14	24	7	
31	4	42	1	10	8	4	34	41	24	17	25	37	38	45	7	34	42	49	2	25	21	26	30	40	36	17	9	2	47	13	10	1	31	1	3	8	13	33	26	
46	28	2	17	1	19	21	49	46	44	35	29	7	5	16	1	48	39	4	47	33	23	46	24	48	19	23	46	2	27	4	43	21	19	48	16	32	11	40	9	
25	16	28	43	42	25	35	4	20	39	39	10	44	6	17	46	36	47	48	23	41	23	45	40	36	25	30	25	26	9	8	24	13	4	31	45	41	39	21	1	
35	45	1	45	40	6	11	39	25	29	11	2	38	8	27	10	28	14	28	6	8	48	29	36	37	25	4	14	4	43	45	35	28	44	28	44	17	6	50	26	
9	10	21	14	46	31	45	31	35	11	1	4	48	8	34	45	26	15	45	9	5	25	9	4	16	3	7	16	17	4	18	18	14	31	38	19	39	14	2	49	
28	12	12	14	41	28	24	23	23	24	27	11	49	49	47	49	42	46	42	49	15	33	27	34	22	30	40	4	4	48	2	45	23	32	32	22	13	1	39	31	
23	21	20	41	7	39	31	41	23	24	1	40	11	20	48	31	34	13	31	5	24	25	4	44	44	9	14	20	42	9	17	14	44	22	15	45	14	50	2	22	
30	17	34	49	38	18	3	35	43	3	13	41	11	14	2	6	13	27	36	18	11	45	15	1	37	12	7	1	8	5	45	33	2	16	40	27	50	15	2	40	
16	19	5	37	32	25	32	17	34	36	50	49	31	10	25	41	27	25	21	10	31	43	5	39	29	28	32	41	30	30	50	4	2	4	12	47	50	40	36	9	
46	48	17	7	23	49	1	5	40	40	18	10	40	16	37	3	50	24	26	12	6	9	46	44	26	49	38	44	6	14	17	28	28	21	34	47	36	16	48	48	
9	42	36	5	47	41	21	17	49	5	4	18	22	9	50	43	10	12	33	36	18	41	32	33	40	44	12	14	20	27	20	22	50	50	35	29	17	36	3	7	
7	35	21	31	20	40	2	16	15	10	28	34	46	21	43	39	47	49	40	48	39	4	9	5	20	16	14	30	37	41	2	15	48	49	32	1	37	18	49	10	
34	45	40	20	3	18	45	16	8	31	45	46	23	38	48	33	15	30	15	37	29	27	37	19	44	27	24	14	29	35	30	48	29	42	12	39	46	5	24	15	
14	39	21	13	40	43	26	21	27	43	11	30	25	37	44	46	21	40	48	7	2	26	14	16	48	44	5	50	47	37	28	22	16	32	1	21	2	34	1	1	
19	2	32	6	20	49	11	38	18	15	41	10	21	32	8	49	7	14	26	16	50	45	34	34	27	36	35	21	37	31	41	43	50	42	41	36	29	20	38	10	
20	28	20	33	36	24	15	42	43	9	43	2	14	48	33	44	33	39	14	19	14	45	40	5	2	5	6	31	46	28	16	30	31	26	23	7	29	31	15	47	
26	12	12	31	43	12	16	35	21	42	38	16	35	8	14	3	49	34	15	2	48	13	18	49	3	49	4	20	1	33	15	34	33	17	29	26	16	2	19	41	
7	22	47	23	7	22	29	2	29	4	39	47	34	21	32	16	42	17	24	32	30	30	47	28	43	1	19	13	38	41	33	14	34	27	34	19	12	22	2	11	
7	44	21	39	38	31	1	50	23	38	9	9	44	29	5	32	10	23	28	48	35	7	28	8	41	38	45	13	47	42	21	20	7	41	6	43	14	21	23	46	
26	13	46	48	15	2	32	26	36	30	7	47	20	1	35	11	8	14	8	34	11	7	23	27	49	41	36	33	20	17	4	40	13	40	4	39	1	21	33	33	
2	35	5	5	42	43	39	31	15	40	28	34	31	40	50	39	11	25	28	35	26	43	32	39	28	18	32	10	37	3	24	40	9	9	25	29	20	47	48	7	
37	50	45	5	14	32	48	27	27	27	18	11	7	50	41	47	31	39	38	5	39	12	41	24	9	22	43	5	5	24	6	12	26	19	4	7	9	23	17	7	
18	18	20	8	30	30	13	28	28	11	8	8	15	38	31	39	13	38	25	34	41	36	23	38	3	4	31	25	23	45	2	21	46	13	18	7	35	29	39	48	
13	25	34	15	22	40	40	26	10	1	12	20	11	20	45	34	11	40	27	32	25	49	22	43	46	7	45	17	23	43	11	18	8	12	8	22	2	15	44	32	
19	28	9	31	44	34	5	22	49	50	29	45	43	44	31	21	45	6	30	2	20	48	44	42	6	5	29	39	13	41	39	37	50	49	34	47	33	17	36	5	
4	26	50	21	49	38	11	38	2	25	22	30	19	2	37	41	3	22	34	10	29	41	39	39	15	33	44	36	20	47	8	19	20	6	28	2	4	4	2	12	
15	10	12	33	24	43	14	22	1	43	22	36	13	3	30	44	1	38	2	24	1	47	18	13	3	16	11	42	41	23	33	28	43	4	42	41	24	3	23	40	
49	40	26	24	41	43	15	42	50	28	37	12	48	33	37	7	41	13	20	20	35	29	1	36	24	6	17	1	25	12	32	48	11	24	28	31	46	49	19	15	
11	15	28	31	46	1	49	48	34	10	44	24	31	42	10	10	41	22	6	39	24	36	14	45	45	10	26	32	17	50	43	35	15	28	15	9	17	11	4	43	
2	30	11	34	21	16	33	14	1	48	43	41	37	42	29	25	8	19	5	43	48	15	18	7	5	34	27	33	40	19	9	43	21	28	47	40	4	15	8	40	
44	18	16	44	46	37	39	32	4	38	34	11	16	7	45	8	10	10	10	43	9	25	48	44	26	37	4	24	32	45	2	7	6	32	10	20	39	37	16	9	
Reldue
-1	1677	-1	-1
-1	3801	-1	-1
-1	2607	-1	-1
-1	1407	-1	-1
-1	4455	-1	-1
-1	3997	-1	-1
-1	1384	-1	-1
-1	1221	-1	-1
-1	2808	-1	-1
-1	3113	-1	-1
-1	3784	-1	-1
-1	1955	-1	-1
-1	4573	-1	-1
-1	4620	-1	-1
-1	4389	-1	-1
-1	4472	-1	-1
-1	1483	-1	-1
-1	4088	-1	-1
-1	3771	-1	-1
-1	4293	-1	-1
-1	1131	-1	-1
-1	1185	-1	-1
-1	3372	-1	-1
-1	1890	-1	-1
-1	1946	-1	-1
-1	2259	-1	-1
-1	3696	-1	-1
-1	2423	-1	-1
-1	4016	-1	-1
-1	1761	-1	-1
-1	724	-1	-1
-1	1481	-1	-1
-1	1868	-1	-1
-1	3099	-1	-1
-1	4456	-1	-1
-1	2348	-1	-1
-1	1433	-1	-1
-1	1197	-1	-1
-1	3190	-1	-1
-1	1092	-1	-1
