Families	40
Machines	10
MaxSetupTime	50

Number of Jobs in each Family
6	6	8	4	8	3	6	1	2	3	4	4	4	1	8	8	10	2	1	4	7	10	10	8	9	3	3	3	9	4	7	4	9	10	6	8	1	9	7	2	

Jobs in each Family
0	1	2	3	4	5	
6	7	8	9	10	11	
12	13	14	15	16	17	18	19	
20	21	22	23	
24	25	26	27	28	29	30	31	
32	33	34	
35	36	37	38	39	40	
41	
42	43	
44	45	46	
47	48	49	50	
51	52	53	54	
55	56	57	58	
59	
60	61	62	63	64	65	66	67	
68	69	70	71	72	73	74	75	
76	77	78	79	80	81	82	83	84	85	
86	87	
88	
89	90	91	92	
93	94	95	96	97	98	99	
100	101	102	103	104	105	106	107	108	109	
110	111	112	113	114	115	116	117	118	119	
120	121	122	123	124	125	126	127	
128	129	130	131	132	133	134	135	136	
137	138	139	
140	141	142	
143	144	145	
146	147	148	149	150	151	152	153	154	
155	156	157	158	
159	160	161	162	163	164	165	
166	167	168	169	
170	171	172	173	174	175	176	177	178	
179	180	181	182	183	184	185	186	187	188	
189	190	191	192	193	194	
195	196	197	198	199	200	201	202	
203	
204	205	206	207	208	209	210	211	212	
213	214	215	216	217	218	219	
220	221	

Total number of jobs
222

Processing times of jobs
2	10	1	3	7	2	6	8	1	3	
3	6	2	1	1	1	10	8	10	10	
9	1	9	8	7	6	5	3	1	3	
7	1	6	5	1	6	4	9	10	7	
4	1	3	4	4	6	4	2	3	10	
3	3	5	6	8	6	2	3	9	6	
3	3	7	7	7	2	8	4	9	5	
8	2	9	4	1	5	10	2	1	2	
3	2	6	9	9	7	8	10	7	2	
5	10	7	1	1	7	2	5	2	4	
6	8	1	1	5	2	10	8	7	9	
1	2	3	8	6	7	5	5	3	4	
2	1	1	8	9	4	6	1	4	5	
7	3	9	10	10	2	4	9	3	3	
8	10	3	10	3	6	3	3	3	1	
7	2	7	2	3	3	10	9	4	1	
9	5	8	3	1	2	8	3	2	2	
7	3	4	1	1	5	7	10	10	6	
2	6	9	1	2	2	3	3	2	7	
2	2	7	2	5	5	4	2	9	1	
6	4	5	6	6	7	2	4	1	7	
5	3	2	2	4	8	6	10	4	7	
8	2	4	1	6	9	8	8	6	3	
8	5	2	9	6	3	4	3	8	6	
7	4	1	8	6	6	4	10	3	2	
6	3	3	6	6	8	7	6	6	4	
8	9	9	4	5	4	4	1	6	4	
1	7	3	9	8	4	10	7	7	6	
5	9	4	3	7	1	3	4	7	8	
5	2	6	6	8	9	6	2	1	9	
5	4	10	6	8	3	7	1	4	4	
3	7	8	10	1	5	7	5	4	1	
9	9	10	3	7	10	6	1	7	10	
10	5	4	1	9	1	1	1	10	1	
9	9	1	5	4	8	4	6	6	6	
3	9	3	1	4	5	10	2	9	6	
10	2	6	6	6	4	1	1	3	10	
4	3	3	9	3	2	7	8	1	4	
6	3	8	7	8	3	1	5	9	4	
10	5	3	4	2	5	4	4	2	9	
8	6	7	2	5	7	3	8	5	8	
5	9	8	5	5	5	2	9	1	2	
8	10	2	2	6	9	7	8	5	4	
6	3	6	1	8	2	1	7	10	7	
7	6	7	7	2	5	1	4	10	2	
9	7	4	2	2	5	10	8	9	2	
3	5	10	3	4	1	7	5	3	5	
4	6	4	6	6	9	8	5	2	7	
9	4	4	9	8	8	8	10	9	7	
8	4	7	4	6	10	9	2	10	4	
6	8	7	2	10	8	4	3	9	10	
6	6	9	3	7	8	2	3	9	9	
5	6	10	5	10	8	2	8	2	5	
8	3	7	10	8	4	1	3	4	1	
7	6	9	7	10	1	2	1	10	6	
6	4	7	10	1	4	8	1	2	5	
5	4	7	5	9	7	10	9	7	7	
9	6	2	8	6	9	6	9	1	6	
10	4	8	9	7	4	6	5	1	10	
1	7	5	8	6	1	2	9	9	4	
10	7	3	8	1	9	5	9	5	4	
9	6	10	7	1	2	3	6	7	3	
6	6	8	6	8	6	7	9	3	2	
5	2	5	4	5	6	1	2	7	5	
7	4	2	7	10	1	1	5	3	6	
10	10	2	2	4	3	4	3	5	1	
2	3	10	4	4	2	9	2	5	9	
6	5	2	4	7	7	10	3	6	4	
3	4	6	4	10	2	5	10	10	9	
10	4	8	6	10	6	9	7	3	9	
2	3	7	9	9	8	2	7	4	3	
10	1	5	5	5	10	7	1	4	4	
9	10	4	10	8	2	6	6	4	4	
8	9	9	2	3	2	9	10	2	5	
7	1	1	9	9	6	2	4	6	6	
7	6	4	7	6	2	2	1	1	1	
5	1	5	5	8	7	9	3	9	8	
3	3	1	2	10	10	6	3	5	3	
8	7	9	10	4	7	1	8	6	10	
3	6	7	8	7	3	10	10	9	2	
8	10	1	9	8	4	10	2	5	2	
8	4	8	10	10	2	9	4	5	9	
5	1	7	3	6	6	3	9	6	5	
2	7	3	7	3	10	5	10	8	1	
8	10	7	3	7	2	4	10	6	10	
10	9	5	3	1	7	1	10	8	1	
10	8	4	6	8	10	6	6	5	3	
3	3	4	8	10	10	8	8	3	5	
2	6	8	7	10	10	3	5	10	8	
1	3	2	10	6	4	4	9	2	2	
5	10	1	8	5	8	9	9	3	1	
5	4	1	7	4	10	5	3	8	7	
10	10	7	2	7	3	5	9	8	3	
4	5	2	1	6	2	7	3	7	10	
3	2	3	9	7	3	3	3	10	2	
8	9	7	7	3	4	9	1	4	10	
4	4	8	5	8	4	8	8	2	6	
2	9	3	10	10	4	4	9	3	3	
1	5	9	3	7	8	3	9	3	5	
7	2	2	7	7	8	7	1	5	9	
6	3	1	7	3	5	3	9	2	8	
1	7	8	3	5	8	9	5	1	10	
2	1	1	9	1	10	3	3	4	3	
2	3	9	8	6	6	1	1	2	4	
10	3	4	3	9	7	3	9	5	1	
10	8	4	6	6	5	9	8	3	10	
4	4	8	1	1	2	9	10	7	8	
6	7	5	2	1	9	5	4	7	7	
5	2	1	1	2	9	6	7	3	9	
7	2	6	6	7	6	10	6	3	4	
9	4	8	5	4	4	5	4	5	8	
3	5	4	1	3	1	2	5	3	6	
7	2	2	9	7	4	6	9	7	5	
7	1	9	8	5	5	2	8	10	4	
7	9	6	2	5	3	7	7	3	4	
3	8	9	9	9	6	1	10	2	6	
2	7	6	7	1	8	2	10	1	5	
7	4	1	1	6	1	9	1	7	5	
7	7	6	10	10	10	10	9	4	3	
6	2	1	9	4	9	7	7	4	5	
7	2	2	1	5	2	9	5	2	10	
8	5	3	5	10	6	3	7	8	4	
2	5	4	3	8	10	5	5	7	4	
5	6	4	4	4	4	7	1	8	10	
2	10	5	10	9	7	6	1	9	10	
5	10	2	9	2	5	5	9	10	5	
4	9	10	2	10	6	1	7	8	9	
8	9	3	4	1	7	3	4	10	10	
8	2	5	8	2	5	6	9	4	8	
2	4	6	4	3	6	8	2	1	3	
2	7	5	1	7	1	5	8	3	5	
5	6	7	3	2	9	5	2	9	6	
7	1	7	6	3	5	5	7	1	9	
5	4	10	8	3	9	8	9	7	9	
5	2	1	3	3	2	5	4	9	6	
5	4	6	3	5	3	6	7	4	4	
1	1	1	6	5	6	2	9	3	1	
6	4	10	7	10	2	7	8	8	8	
3	5	7	2	4	5	7	3	2	9	
5	8	8	9	10	10	4	1	3	3	
1	7	9	10	8	5	4	7	6	8	
1	6	10	3	5	4	6	3	3	9	
4	2	8	4	7	5	7	4	2	7	
6	4	2	4	10	6	9	8	10	10	
2	4	4	3	9	7	1	3	9	4	
6	8	4	3	4	7	3	7	2	5	
8	10	5	3	9	9	2	2	10	2	
6	4	3	9	4	2	4	8	5	9	
3	9	9	10	8	4	7	10	6	2	
2	5	7	1	4	3	6	8	1	1	
4	8	8	4	6	10	8	9	3	5	
8	5	8	5	4	6	10	5	10	2	
5	8	10	1	3	2	4	10	6	8	
1	6	6	10	2	10	4	4	10	7	
9	4	5	6	6	7	6	3	7	2	
10	3	5	6	6	7	1	6	7	6	
3	8	2	7	4	6	10	3	10	8	
10	6	9	3	2	9	8	1	6	2	
5	5	9	1	10	7	10	5	8	9	
9	9	7	8	5	5	8	1	1	6	
8	9	7	7	8	1	10	8	6	6	
7	2	2	2	5	9	1	3	10	1	
2	2	9	1	4	10	3	8	5	10	
4	4	10	7	1	1	4	2	3	3	
6	4	7	10	4	4	2	7	7	10	
10	3	1	3	8	3	4	10	4	4	
7	5	10	1	3	2	3	9	9	8	
7	7	3	6	7	9	9	8	9	2	
7	1	7	9	10	10	2	3	4	7	
2	1	8	10	7	2	10	3	10	8	
7	4	1	5	7	1	8	1	9	1	
6	3	4	1	5	1	2	8	7	10	
7	5	7	9	7	5	10	2	9	4	
7	2	10	7	2	10	10	3	8	7	
1	7	10	1	1	6	6	1	5	5	
4	6	8	8	7	9	8	4	3	4	
1	5	10	4	6	9	8	5	1	3	
4	2	5	8	3	2	4	10	10	10	
4	6	3	8	2	5	5	4	3	8	
9	8	1	2	4	2	4	7	3	1	
4	10	10	4	4	9	8	4	7	6	
7	1	5	8	5	9	5	4	1	10	
7	6	2	1	3	7	6	4	9	4	
7	9	5	10	2	6	10	4	4	3	
3	6	5	10	1	8	9	1	3	3	
2	8	7	5	3	7	6	8	5	5	
9	10	8	2	3	7	8	1	9	10	
6	2	5	5	1	10	6	4	2	1	
10	1	3	9	8	9	8	10	5	1	
2	9	10	2	7	7	6	8	7	7	
9	8	6	7	7	9	2	9	2	3	
9	8	1	6	5	3	6	7	1	8	
10	3	1	5	6	6	3	6	9	9	
6	8	3	7	3	2	3	8	2	9	
4	9	3	8	4	3	6	10	7	8	
10	4	7	6	1	8	9	10	8	2	
7	8	1	5	10	2	10	2	7	3	
5	9	7	7	8	8	1	4	8	9	
2	2	10	8	1	7	10	10	6	6	
10	7	6	3	9	8	9	2	7	1	
1	6	8	4	4	5	10	8	10	7	
2	9	4	9	2	8	6	8	4	6	
4	8	7	9	1	4	5	7	2	4	
10	10	8	5	5	3	2	6	3	10	
1	7	1	5	9	4	2	1	8	3	
10	2	8	8	4	10	7	2	5	6	
7	1	6	2	4	2	10	7	7	9	
5	8	3	10	4	2	6	9	9	10	
2	4	7	7	5	7	2	5	2	7	
2	10	10	7	10	4	3	1	1	6	
10	7	6	10	9	6	3	1	9	8	
5	2	5	2	3	1	6	6	10	7	
7	2	8	2	2	7	1	9	7	1	
7	4	10	9	4	7	3	8	2	10	
8	6	1	8	9	9	4	5	8	2	
8	5	3	2	5	10	10	4	5	10	
5	8	5	9	7	8	2	5	4	5	
6	7	6	3	9	9	3	2	6	2	
8	4	7	4	3	4	5	6	7	2	
5	7	4	10	9	1	8	8	4	10	
2	9	1	8	3	9	6	6	9	10	
8	3	9	5	6	5	8	10	4	6	

Stepup times between family, where [f][f] represents initial setup time
On machine	1
3	6	12	40	41	39	18	19	6	30	29	50	21	25	42	16	20	10	32	34	24	45	35	19	46	5	7	26	41	49	10	11	4	30	25	25	31	25	39	16	
6	21	9	27	32	36	30	24	11	22	10	1	6	11	18	46	16	50	49	18	7	48	24	24	48	24	34	29	10	25	39	37	7	39	17	15	44	34	29	46	
42	34	17	19	10	9	12	23	3	20	50	39	23	3	13	32	41	7	47	38	7	22	18	32	36	7	6	24	32	7	50	43	16	34	5	6	32	15	1	33	
2	7	13	31	50	6	11	35	18	33	21	25	11	16	25	38	33	45	31	50	1	38	24	40	36	47	35	42	28	3	21	22	40	31	8	20	24	21	10	3	
4	40	50	13	48	39	8	44	25	37	9	42	43	37	8	11	34	48	6	10	13	2	40	5	13	28	13	45	12	4	49	20	19	31	11	43	37	31	28	12	
23	7	43	20	37	9	31	22	38	9	36	19	46	30	10	8	18	11	48	43	30	11	1	24	33	42	6	22	21	3	21	24	45	10	25	23	43	1	36	2	
45	48	19	49	5	48	34	21	1	6	48	14	10	2	17	14	13	26	27	10	50	24	20	16	21	40	4	6	24	16	46	34	45	24	48	24	10	33	38	48	
17	46	13	45	23	36	46	35	44	48	22	23	4	20	20	22	46	37	15	5	44	13	40	10	28	12	30	11	35	1	17	16	17	1	21	49	22	27	44	25	
7	5	24	30	1	10	11	31	16	12	13	1	39	23	40	10	47	46	43	20	10	49	21	45	12	31	41	17	22	16	34	20	42	27	40	11	16	25	7	49	
20	10	18	10	20	18	49	43	9	43	43	30	37	15	45	24	21	24	28	20	37	10	32	39	27	8	9	7	40	3	28	36	11	33	41	45	27	13	34	17	
30	40	38	25	50	21	9	21	34	17	28	50	41	46	10	8	49	30	28	7	26	19	11	50	28	38	34	48	39	22	46	11	38	4	36	33	4	42	8	49	
47	22	30	42	2	23	45	35	43	17	22	42	43	3	13	13	24	34	39	48	15	13	15	4	33	39	26	46	21	2	29	47	1	33	28	23	39	13	24	19	
5	38	8	37	33	11	40	48	48	45	36	3	47	50	21	33	36	19	30	18	13	19	35	6	48	35	32	43	29	28	50	50	42	42	48	19	43	4	47	37	
11	45	45	47	7	10	35	8	46	8	18	33	4	15	45	33	7	46	28	34	14	22	20	33	46	44	36	11	32	3	33	38	16	38	45	2	8	10	1	23	
15	24	20	15	43	13	13	50	6	43	28	18	48	43	18	2	38	42	26	3	27	49	46	3	50	38	10	28	10	6	12	16	1	1	42	32	19	40	35	40	
48	23	4	16	36	33	10	34	15	45	50	9	40	8	18	5	29	21	11	3	40	17	50	44	6	12	32	19	1	47	5	10	29	49	7	42	4	1	25	29	
48	41	17	27	6	12	14	25	46	7	4	8	38	24	2	17	50	31	47	29	33	2	7	32	1	48	36	21	47	30	46	48	35	15	33	4	22	17	11	4	
50	33	19	19	48	12	41	6	22	8	41	7	23	50	31	16	23	38	17	3	16	49	5	22	39	11	2	42	35	20	4	21	43	28	13	18	5	45	35	25	
2	12	13	40	49	40	37	25	2	23	8	9	45	11	40	5	33	47	25	26	30	45	34	27	12	14	19	11	38	24	43	11	29	9	13	28	20	34	7	11	
11	13	26	47	29	10	13	33	38	37	42	38	38	13	44	46	28	12	46	48	50	14	6	44	29	48	21	12	1	37	6	39	3	24	20	18	15	30	34	3	
39	4	32	28	50	20	31	42	6	48	8	2	9	33	22	23	44	45	33	9	50	43	4	36	1	6	34	21	13	15	29	31	23	33	23	49	28	6	48	30	
45	49	50	21	7	27	26	48	14	41	34	9	13	39	10	50	42	42	29	3	47	30	15	44	25	23	23	31	49	1	4	5	2	15	30	25	33	48	15	47	
12	17	36	44	3	7	44	30	22	49	23	6	36	49	16	42	46	10	21	24	39	10	35	21	21	47	3	7	19	2	25	28	21	26	24	18	7	48	11	14	
49	35	7	35	25	8	10	44	20	9	8	17	9	40	5	6	27	46	24	32	24	21	36	12	45	15	30	7	4	38	20	27	6	8	14	7	42	17	18	29	
48	44	34	41	23	42	25	41	28	19	48	21	9	22	10	6	32	38	18	10	44	22	47	21	45	43	20	24	47	16	32	16	35	26	32	21	49	29	4	10	
34	25	8	9	3	21	45	21	17	32	28	25	47	21	48	22	21	11	38	31	22	3	9	36	48	4	33	25	43	44	9	36	34	25	48	43	43	7	37	27	
4	44	3	27	32	32	6	34	13	32	10	17	44	50	17	19	14	20	24	35	36	49	4	50	5	6	19	27	18	45	37	37	15	19	31	22	12	40	21	2	
2	46	35	3	35	12	4	46	38	26	42	40	31	34	28	4	23	18	3	43	41	2	39	40	39	39	39	44	22	41	45	36	13	7	10	26	37	42	28	4	
1	18	28	12	44	28	26	13	34	28	37	28	13	7	42	21	44	24	44	24	43	17	4	29	12	39	5	35	34	1	8	43	12	24	43	8	33	43	22	8	
24	29	42	21	11	44	46	35	13	10	48	26	41	21	19	26	2	49	19	27	35	12	31	34	28	31	20	11	42	49	17	21	49	2	28	21	42	4	27	21	
42	42	46	39	19	40	44	21	2	12	9	23	24	37	3	30	26	9	30	5	4	32	15	27	20	39	6	26	10	4	7	25	46	24	5	35	43	48	22	8	
50	13	28	19	45	34	9	49	10	10	34	24	17	43	46	38	9	13	8	4	18	22	23	20	20	7	8	23	23	26	6	7	15	20	29	4	21	12	45	27	
45	39	37	41	13	17	40	39	42	15	48	47	20	46	28	41	1	29	6	3	12	4	18	48	40	20	13	39	38	40	25	31	40	31	4	23	1	19	1	1	
50	37	43	15	49	24	21	32	14	40	12	33	13	30	32	4	25	39	4	4	48	32	46	13	31	44	29	20	10	25	44	42	11	10	31	22	19	10	4	21	
37	32	40	16	42	38	48	30	32	40	28	40	6	10	13	12	41	17	17	5	1	33	19	18	25	37	5	14	10	24	37	47	2	26	13	47	33	8	20	29	
23	1	17	18	40	48	19	50	5	34	45	12	5	33	41	6	39	47	43	45	6	32	10	10	4	26	20	50	32	8	47	42	14	43	13	41	36	28	10	43	
31	39	48	41	29	21	46	23	32	14	4	1	31	43	2	38	14	19	37	31	37	5	3	33	45	3	41	20	50	16	50	22	36	23	1	28	29	5	24	48	
8	39	8	35	37	29	25	47	15	46	33	30	47	30	44	28	26	32	5	2	20	16	39	22	4	9	39	28	24	21	45	7	29	13	11	9	14	22	31	19	
42	7	13	45	45	24	43	12	17	18	24	21	39	39	6	34	29	31	22	5	44	16	36	11	29	48	27	44	46	49	37	34	7	1	28	43	47	33	20	15	
25	28	20	42	44	3	48	28	47	41	30	50	42	20	40	13	6	17	1	22	6	43	14	13	38	20	3	47	16	7	39	1	45	30	50	34	25	25	46	4	
On machine	2
20	9	47	11	19	49	11	6	19	47	19	44	27	13	26	42	45	26	5	22	43	11	14	16	16	40	33	33	16	31	27	16	12	3	45	12	34	36	39	13	
47	39	16	45	3	5	32	26	34	47	33	5	32	8	33	31	29	4	29	13	49	7	38	39	8	6	46	20	29	37	12	39	35	30	14	48	20	27	15	43	
23	34	49	32	42	18	47	38	23	8	33	2	43	38	18	28	43	40	47	23	30	32	13	25	17	10	35	46	19	48	36	36	11	19	35	8	17	10	32	34	
44	44	3	8	24	11	36	39	10	6	8	34	28	25	24	14	50	22	25	34	36	9	47	29	20	22	48	14	41	13	47	28	19	22	16	43	13	15	3	50	
48	24	18	38	35	12	47	18	11	5	4	25	20	5	48	40	46	43	10	27	45	11	43	19	29	26	27	25	2	25	41	28	11	34	2	32	46	19	43	12	
2	13	25	48	15	5	11	33	31	44	39	49	31	8	8	7	16	30	49	30	45	15	11	40	37	36	33	21	48	50	42	49	30	48	44	6	31	35	37	36	
37	24	33	17	1	42	28	27	28	8	21	45	17	32	28	32	2	50	49	13	27	35	39	11	12	32	43	29	48	45	44	26	46	13	2	18	40	37	34	50	
11	13	12	12	34	25	23	1	4	16	50	45	29	47	7	35	35	33	4	9	27	8	24	13	23	23	2	33	44	20	26	34	30	47	12	21	5	26	50	30	
9	32	33	7	29	43	18	6	38	2	37	35	30	34	41	39	31	31	35	35	20	1	17	2	21	50	16	13	2	22	34	17	2	28	33	12	37	35	31	33	
24	11	14	20	14	42	4	11	39	15	32	22	43	22	44	14	42	47	44	44	49	34	45	17	28	44	42	27	13	31	8	18	31	38	7	48	15	49	22	15	
40	24	40	7	47	17	47	3	19	4	27	8	17	42	33	8	20	42	1	36	16	14	12	33	28	8	12	24	12	47	7	40	46	24	2	2	15	50	47	2	
48	10	36	49	37	36	42	13	24	7	24	34	47	44	31	46	49	35	13	46	46	30	43	30	20	2	23	45	35	12	34	44	34	31	33	32	36	7	35	37	
41	46	15	22	2	38	43	48	6	15	3	24	48	38	32	17	23	34	33	42	3	2	26	8	19	45	29	13	5	16	42	26	18	25	6	23	10	6	26	45	
27	48	45	49	23	34	49	22	1	48	44	20	35	31	12	16	13	33	4	9	40	13	47	6	30	42	40	24	42	16	35	2	50	44	42	50	17	50	36	24	
41	10	8	41	16	20	17	23	5	1	26	8	39	16	18	29	28	2	30	29	15	39	10	39	25	13	47	36	9	2	22	5	2	7	20	1	26	42	32	11	
46	1	18	48	21	26	48	33	44	24	13	4	4	25	23	5	33	23	38	49	9	27	9	17	37	44	14	50	42	33	27	2	21	31	27	28	17	2	26	46	
5	28	49	21	1	23	44	23	34	10	26	33	25	36	48	5	25	25	24	31	7	24	17	36	42	41	36	16	40	19	31	21	37	24	37	36	49	22	5	32	
10	29	46	3	20	50	27	17	48	47	6	30	35	35	49	8	21	26	45	6	11	1	27	42	48	4	28	26	7	24	46	46	14	45	26	15	28	12	41	36	
24	43	26	6	2	9	28	18	15	11	44	20	30	47	39	15	27	33	10	14	15	36	5	9	44	20	41	37	40	31	41	9	26	37	17	26	45	14	44	33	
42	2	36	45	45	27	39	31	30	4	29	50	36	15	14	26	13	45	44	27	48	24	17	23	43	48	38	17	21	15	49	50	29	27	23	27	22	45	35	41	
18	10	37	47	7	9	25	45	12	33	8	50	3	24	12	31	11	9	1	48	50	4	33	7	2	39	12	29	7	29	41	29	22	28	12	8	50	45	45	6	
22	18	16	38	24	35	13	11	43	26	32	32	25	27	31	49	4	15	27	48	6	38	48	40	5	39	6	39	35	43	44	37	11	30	37	41	7	9	36	4	
29	31	43	20	50	27	13	21	21	22	19	14	4	7	5	15	30	6	7	48	39	29	6	29	50	31	17	50	18	5	22	34	3	13	14	23	22	5	20	21	
12	39	35	43	22	25	30	50	12	3	49	34	45	20	30	18	45	44	48	22	5	16	34	8	24	18	32	44	18	27	33	39	20	29	49	47	13	38	4	13	
43	24	32	41	29	3	2	16	16	7	33	38	49	28	4	21	5	4	19	17	38	19	23	44	39	12	44	14	11	28	27	41	22	6	33	3	25	15	34	32	
16	22	40	13	18	25	39	11	40	42	38	21	47	29	12	29	46	5	8	33	16	3	2	42	12	18	49	32	50	49	29	5	11	46	7	34	37	30	32	12	
45	19	49	32	7	3	16	28	42	32	5	44	20	29	17	45	4	27	44	45	4	6	35	29	38	8	25	18	22	41	37	40	34	11	17	26	21	35	22	37	
28	39	9	7	5	26	26	1	2	50	18	35	21	25	13	15	38	27	22	11	26	15	21	42	25	46	45	13	42	48	26	45	20	2	50	1	21	39	26	10	
24	46	50	45	25	33	18	13	48	25	5	32	10	49	24	22	20	18	24	25	5	10	50	37	28	44	28	5	4	47	1	39	30	42	32	45	30	19	29	48	
4	35	20	7	46	49	49	41	48	45	32	34	22	14	9	32	43	47	41	5	3	24	27	49	27	7	44	25	7	32	42	2	20	32	39	5	27	10	42	47	
42	44	36	45	18	19	32	18	19	38	28	10	32	47	32	3	6	21	24	42	17	41	27	9	46	14	24	12	7	49	29	11	38	15	26	32	22	9	8	38	
5	50	14	44	37	40	37	46	45	12	47	21	31	17	49	46	30	36	11	49	8	50	26	49	13	40	50	29	47	40	35	42	34	26	4	15	33	28	14	42	
19	35	33	24	48	34	25	6	9	40	30	33	46	41	5	47	24	26	20	32	8	35	30	20	11	47	35	14	35	31	25	10	41	26	28	15	49	46	25	23	
39	4	43	25	6	19	4	34	6	7	24	2	20	36	14	45	34	39	42	43	50	15	28	40	38	4	20	19	14	38	16	49	41	10	16	10	35	1	29	46	
20	1	28	29	16	43	25	46	15	39	27	15	9	33	3	44	50	11	44	46	29	44	50	14	14	14	23	4	27	17	19	30	32	15	1	19	47	34	3	33	
49	46	16	38	4	41	47	14	11	20	5	29	39	16	19	41	36	4	3	34	28	36	18	10	34	41	41	37	49	13	34	8	47	41	45	43	20	14	49	42	
12	14	19	49	30	47	3	44	25	5	25	26	4	39	44	11	28	35	22	27	41	13	34	33	3	36	48	50	32	4	9	26	33	2	44	17	37	35	4	31	
29	9	8	19	40	33	32	34	21	44	39	14	42	23	21	31	21	25	42	5	49	30	11	2	28	10	16	1	40	44	33	11	7	20	12	25	14	11	9	20	
49	33	50	36	2	36	27	2	20	15	8	21	45	33	43	10	41	29	30	48	17	6	7	38	5	9	13	27	7	16	21	24	14	28	31	25	42	24	16	5	
24	15	35	15	43	14	20	50	33	24	13	23	10	44	15	25	35	31	40	25	47	16	38	15	8	26	29	27	21	17	3	31	15	30	16	5	15	11	12	28	
On machine	3
18	18	37	49	37	22	20	30	44	46	33	12	30	5	23	21	48	26	31	37	48	6	30	4	32	27	27	40	45	43	32	33	16	6	24	31	7	2	3	24	
50	37	25	18	3	31	9	47	32	20	17	31	2	41	16	6	34	29	36	22	47	12	1	4	18	15	50	2	7	38	4	29	3	22	48	45	38	1	12	37	
6	11	38	36	36	1	41	25	43	23	15	24	28	2	32	22	29	40	26	7	5	18	47	31	13	49	8	38	13	42	2	17	21	43	18	13	19	5	31	5	
27	39	19	48	35	50	13	8	18	29	18	12	25	28	19	3	31	19	11	15	37	42	32	48	24	45	49	19	33	14	26	2	3	5	45	42	5	29	29	24	
22	20	6	10	3	50	40	35	29	32	5	28	19	28	38	46	17	34	24	9	35	18	23	48	17	25	19	22	8	40	38	19	45	35	12	1	14	50	45	50	
48	17	23	11	15	2	47	10	33	25	7	50	3	2	13	48	19	32	5	36	41	49	2	9	7	34	43	14	4	26	17	14	7	45	16	45	22	18	29	24	
28	36	49	13	23	2	27	37	9	43	4	25	18	2	12	48	37	8	40	19	39	47	48	20	4	49	33	15	18	37	20	2	19	26	31	18	26	20	1	21	
42	30	25	40	38	33	43	18	33	27	2	2	41	27	2	6	43	5	20	19	15	4	42	44	1	14	22	5	34	17	32	26	50	2	45	13	14	45	20	1	
49	49	12	3	14	39	5	6	13	15	4	32	14	7	41	33	19	7	42	17	23	47	30	3	46	18	42	39	26	40	29	22	39	33	43	9	23	3	27	33	
11	16	47	10	48	30	46	26	23	45	42	46	38	42	25	29	38	13	13	24	16	50	34	48	40	13	9	14	48	17	2	32	20	48	12	28	26	5	30	38	
18	17	29	20	22	39	27	24	26	39	20	27	47	3	39	27	10	36	39	29	31	7	44	27	30	43	2	34	11	46	14	33	31	6	36	6	3	6	37	1	
43	43	15	48	46	44	21	12	49	34	15	24	27	29	19	49	44	46	24	45	34	28	40	7	1	16	20	8	40	47	7	25	12	10	1	37	36	14	32	35	
29	33	42	33	37	19	40	34	17	45	35	40	16	9	46	40	20	16	40	33	12	26	23	46	34	10	46	5	41	14	45	25	4	27	18	31	36	45	40	17	
4	14	39	37	4	7	34	24	23	10	23	10	2	26	17	7	19	42	24	7	16	49	7	46	26	12	22	48	35	13	3	5	23	21	2	40	6	36	12	32	
19	38	28	40	11	47	24	38	17	9	35	40	4	28	15	5	15	50	29	28	16	20	11	5	36	7	31	50	37	46	12	33	32	22	28	30	24	5	11	43	
41	19	20	13	29	26	7	33	28	44	27	31	30	3	44	13	13	46	36	32	28	30	8	6	42	19	13	28	5	34	22	36	14	44	13	15	49	39	43	3	
19	45	27	8	48	31	11	8	7	44	35	4	49	14	34	42	49	40	50	31	25	44	49	12	49	29	47	19	21	25	26	5	8	12	11	34	49	18	8	48	
44	24	24	5	28	15	46	40	5	36	32	38	34	18	33	24	16	26	46	7	23	12	27	19	21	39	36	32	3	21	23	31	25	50	1	23	9	43	11	12	
19	2	2	29	7	3	6	47	49	36	36	13	14	48	5	46	45	4	3	26	33	36	22	7	32	21	1	30	2	41	22	3	14	7	46	43	44	31	49	6	
30	5	8	14	10	40	22	6	5	49	46	34	28	47	38	24	21	4	46	36	19	4	1	10	12	26	34	3	24	44	42	33	23	23	39	29	21	19	21	39	
9	36	12	43	50	35	35	49	2	27	9	13	33	2	47	21	24	46	23	44	50	30	31	40	28	32	1	46	31	41	1	42	4	47	37	23	2	36	45	31	
11	37	30	37	24	34	50	26	35	35	49	27	38	36	41	22	35	6	8	39	6	17	9	40	20	39	18	23	13	16	17	45	34	50	13	47	29	5	41	44	
34	30	33	27	18	44	12	2	32	18	13	44	4	37	35	7	26	50	8	42	2	31	21	15	48	13	50	47	30	28	16	20	50	13	11	29	31	11	22	43	
50	26	14	25	26	13	41	9	11	26	33	8	40	46	43	45	17	32	29	19	30	46	2	10	30	32	2	38	13	39	37	4	11	5	17	23	18	25	25	13	
38	30	26	4	29	22	9	7	37	48	9	15	6	39	41	35	30	14	16	46	18	39	4	10	39	7	18	49	6	5	42	43	34	20	2	42	7	45	46	17	
49	35	16	3	19	15	19	40	27	45	1	35	38	47	35	11	36	47	43	35	49	7	27	38	29	17	45	15	43	24	12	25	5	31	5	1	29	28	11	26	
36	19	45	50	26	25	29	3	19	29	22	22	17	42	34	32	23	26	4	27	12	7	6	48	50	28	10	18	29	41	34	6	44	28	12	22	5	39	16	17	
25	24	5	47	42	27	47	3	23	27	49	39	12	1	21	43	15	25	15	14	5	39	42	17	36	41	9	29	25	31	29	15	47	44	34	14	37	26	24	2	
42	1	2	27	44	17	20	16	46	20	24	48	28	17	33	39	10	46	10	20	24	25	43	7	39	6	1	13	4	30	14	50	9	47	34	28	12	38	9	7	
17	4	26	6	2	38	35	26	5	43	38	29	11	44	6	47	12	10	5	26	20	50	36	36	33	19	21	6	11	34	3	48	9	20	48	21	24	15	49	18	
33	23	48	40	18	19	48	40	12	21	19	47	10	36	43	44	37	5	39	10	9	5	31	14	35	19	32	1	12	12	16	17	7	9	34	8	28	26	31	49	
33	14	47	23	29	10	34	32	40	49	31	41	30	49	37	48	39	26	31	27	46	22	48	17	35	27	30	40	19	12	30	29	15	39	15	43	34	6	21	11	
22	43	19	33	40	24	49	38	23	50	30	28	31	32	30	1	44	13	23	4	22	34	12	26	32	8	4	38	39	46	42	10	31	42	22	44	18	20	27	30	
26	45	20	6	26	38	42	31	46	4	16	9	15	29	1	34	10	12	37	35	18	39	50	23	13	16	4	6	38	15	4	26	15	47	1	12	33	43	23	25	
34	31	10	34	13	45	34	10	48	8	50	23	25	8	47	27	2	29	2	8	21	21	2	41	12	9	31	31	44	37	35	1	19	17	48	43	49	5	36	5	
8	13	33	19	49	29	45	21	42	44	47	38	15	8	14	14	10	17	5	33	39	11	33	11	22	27	39	8	50	17	43	28	50	33	6	48	44	2	49	7	
5	9	17	30	40	25	22	45	44	37	48	35	42	26	32	33	29	13	40	15	11	49	6	15	40	39	1	47	28	43	35	34	15	48	36	3	3	50	26	23	
1	29	38	10	3	11	40	27	10	38	18	42	25	25	19	36	42	33	3	45	27	38	1	10	32	7	22	36	3	9	27	23	28	9	21	39	29	31	41	23	
6	23	26	22	9	50	36	15	2	2	5	50	9	26	31	21	45	33	43	7	27	31	13	8	2	2	18	5	5	9	30	4	4	39	3	49	44	44	42	5	
11	18	47	47	8	22	20	6	40	13	21	8	41	8	27	2	22	16	6	48	47	29	37	45	4	39	17	45	18	25	18	40	23	46	2	44	8	46	29	50	
On machine	4
45	34	38	40	16	3	23	41	43	29	4	13	6	21	21	2	35	40	10	10	38	2	49	42	12	11	29	33	30	9	2	50	48	7	33	28	32	13	24	8	
48	21	30	4	1	39	22	26	34	28	26	4	21	3	7	12	41	38	47	39	19	24	36	1	34	45	21	15	24	19	10	34	15	8	34	9	37	27	19	36	
47	23	4	23	49	46	36	36	3	31	33	17	49	42	10	17	23	4	27	38	46	27	5	10	26	46	21	35	12	36	47	12	14	4	15	5	41	2	37	37	
22	22	10	11	5	48	37	45	26	35	38	39	16	14	5	44	41	13	44	23	36	35	50	32	27	8	17	10	4	6	26	9	4	12	15	4	14	44	22	16	
27	20	44	1	18	15	42	10	20	50	6	6	2	16	23	48	41	39	7	32	16	27	1	6	30	31	49	26	1	23	28	10	9	13	40	7	25	14	7	34	
24	40	4	46	30	4	34	27	41	33	38	12	34	13	21	19	14	11	47	29	42	39	41	30	20	40	28	39	6	8	34	22	14	14	45	11	27	31	11	33	
35	27	31	17	12	37	46	7	15	46	7	6	34	5	34	15	38	47	41	8	12	26	13	5	38	27	7	10	5	37	37	17	7	10	48	37	19	6	45	42	
13	16	21	34	43	34	21	23	6	27	11	35	37	31	1	8	7	13	39	28	29	7	24	25	32	45	22	32	45	43	21	19	18	37	42	28	30	18	37	43	
22	4	23	29	21	36	50	49	24	21	32	17	14	43	20	33	43	47	41	5	43	36	45	29	32	36	23	39	40	41	1	41	32	29	31	43	27	44	18	1	
10	18	17	11	5	21	20	23	45	46	38	23	41	33	36	28	8	7	12	16	2	42	6	32	26	4	42	4	45	20	16	31	29	9	43	3	13	29	24	29	
45	40	38	46	43	4	32	29	19	9	5	37	33	16	34	39	2	47	38	16	34	32	41	43	32	36	45	42	49	24	16	26	7	6	12	39	17	31	17	33	
29	35	12	19	8	19	48	45	27	2	9	3	16	49	37	10	38	46	32	50	37	25	50	41	3	48	29	15	6	47	10	33	11	49	49	14	47	24	39	13	
27	25	1	27	29	36	25	40	10	45	2	9	44	41	39	20	19	19	23	43	33	37	50	29	25	35	21	20	32	2	39	24	28	37	4	27	11	17	32	20	
29	17	25	24	12	50	34	41	22	45	17	14	21	31	43	14	4	5	17	5	43	12	15	30	37	5	31	15	43	50	43	35	15	41	8	43	39	37	25	27	
38	44	38	12	19	43	9	4	48	32	37	11	41	27	41	35	42	23	46	43	19	22	31	41	22	19	2	24	30	31	6	45	10	9	17	19	35	11	2	24	
13	6	25	6	36	15	19	7	14	8	37	36	48	30	26	20	37	49	18	40	23	16	44	17	7	44	46	13	20	45	40	43	6	32	45	50	2	5	38	12	
15	7	3	26	17	31	22	20	1	36	34	34	38	21	25	46	20	30	12	35	2	26	40	48	37	48	18	24	3	41	22	18	10	25	22	13	37	49	20	7	
18	13	35	26	10	12	31	26	14	8	40	27	5	37	16	35	15	31	36	25	27	2	1	1	3	24	17	17	23	1	9	6	17	21	7	17	48	13	29	47	
19	31	38	12	20	26	3	30	43	34	29	26	10	23	29	36	3	24	24	16	5	24	4	6	8	1	7	42	3	48	32	28	1	43	31	27	35	33	3	35	
41	9	39	38	25	26	43	23	30	5	4	1	47	38	35	39	14	20	29	28	33	8	39	30	37	14	47	3	46	25	6	8	50	28	14	36	39	20	30	5	
29	38	45	35	36	31	19	41	46	18	19	38	14	35	27	41	28	33	46	8	40	29	1	13	23	44	15	47	32	4	40	10	37	21	8	11	50	28	45	23	
20	6	44	33	16	14	40	14	32	23	5	11	23	29	32	12	41	3	17	45	30	37	6	48	37	49	29	32	44	10	47	9	43	49	10	27	25	8	5	38	
46	33	21	44	30	20	42	22	11	10	21	48	15	16	42	47	39	9	36	42	14	17	9	31	13	42	40	3	27	33	28	44	35	34	4	8	11	41	1	45	
41	11	39	20	20	50	18	44	37	1	30	17	5	33	32	41	42	25	28	28	45	15	19	21	15	39	20	7	17	9	42	45	46	11	32	24	17	10	2	28	
37	8	31	42	2	25	25	27	13	22	19	4	44	45	32	13	21	9	38	30	21	14	11	50	21	37	12	44	47	17	35	26	21	7	6	2	15	36	33	28	
7	19	40	44	2	48	18	35	28	2	16	26	33	13	9	40	49	20	17	36	2	35	29	12	17	28	16	30	21	35	26	32	25	29	19	47	38	38	12	47	
35	41	4	2	30	39	10	28	6	31	40	49	38	23	31	18	26	13	22	4	20	32	14	46	2	20	28	9	9	9	32	8	20	41	33	37	20	33	19	37	
33	42	4	13	26	10	25	24	7	23	17	10	25	29	31	45	48	32	23	35	33	33	22	23	24	7	26	48	39	19	25	3	40	45	13	16	4	24	40	19	
18	35	47	47	43	39	38	40	29	22	1	20	37	1	24	20	8	31	32	8	20	33	30	45	13	20	2	6	8	25	13	48	37	43	19	39	26	43	1	43	
38	48	45	42	17	46	19	42	11	29	11	7	14	7	38	12	16	25	30	25	17	5	39	4	46	47	3	32	49	37	2	36	39	14	14	43	39	27	26	23	
46	14	21	44	6	28	32	34	38	11	23	18	11	23	13	47	11	32	15	23	18	25	15	36	43	50	1	28	47	26	26	4	8	37	32	10	25	39	31	15	
6	5	50	34	16	4	15	35	47	36	45	4	22	30	9	40	30	49	33	3	35	5	36	44	39	30	29	45	22	3	15	41	23	7	3	15	18	5	26	13	
16	49	39	36	8	34	34	42	13	36	9	47	5	39	34	8	21	46	42	8	38	5	15	37	30	41	48	29	11	38	11	23	11	15	32	13	42	3	6	5	
1	21	16	12	48	18	13	45	18	13	49	20	48	10	46	18	49	47	48	20	24	48	3	6	23	35	10	18	3	4	22	37	24	33	28	7	38	47	40	3	
28	16	1	29	48	24	32	20	40	25	16	17	49	50	29	19	40	11	7	35	47	5	21	9	12	36	13	2	22	50	15	19	50	50	50	42	7	12	46	35	
16	10	41	16	47	46	27	1	39	27	2	12	20	43	29	35	11	30	12	23	43	21	34	30	30	24	46	25	26	48	16	25	17	22	42	30	4	40	32	30	
48	19	35	14	6	23	29	25	22	34	22	29	15	17	33	41	39	9	50	9	34	2	41	22	50	32	49	27	16	30	26	28	47	17	41	6	8	2	42	27	
7	8	9	32	17	36	35	6	33	5	22	36	48	49	26	20	40	25	8	21	33	3	19	39	46	36	32	19	6	28	37	12	37	21	36	15	19	31	30	16	
47	36	39	29	18	3	18	37	30	20	32	38	22	38	42	13	2	25	42	16	6	49	7	17	8	33	34	2	34	16	31	21	13	30	20	37	38	28	22	29	
27	19	4	22	30	8	5	49	27	18	22	30	6	28	36	21	37	23	8	15	13	37	45	22	31	49	44	42	40	1	48	1	27	40	28	50	6	40	8	15	
On machine	5
37	4	27	9	34	12	37	27	1	5	11	13	19	36	26	47	8	49	47	19	7	42	12	15	14	31	2	29	26	39	1	6	6	6	35	37	34	47	7	4	
6	5	1	1	9	21	31	36	21	26	36	17	1	3	38	37	31	4	31	32	23	33	48	31	18	47	4	23	1	17	49	3	2	25	49	28	30	39	4	15	
17	29	29	3	13	18	15	24	33	11	2	25	15	1	4	23	43	37	46	31	47	6	31	10	3	25	33	49	9	38	19	7	11	22	49	32	6	10	50	21	
14	43	15	22	45	19	38	37	29	42	23	36	49	16	3	26	18	47	6	30	50	28	31	48	25	16	16	15	28	45	47	44	3	14	38	35	15	22	42	8	
8	40	26	27	39	22	30	35	15	12	25	38	1	16	15	24	39	20	8	49	19	36	39	14	6	9	2	32	18	12	5	39	3	25	3	26	24	38	2	39	
28	29	12	13	14	24	17	27	45	10	49	21	10	7	5	22	32	49	28	44	34	38	30	37	12	49	38	42	20	50	42	15	18	8	26	35	39	47	25	17	
6	29	32	49	30	11	41	16	5	5	40	19	25	45	9	24	2	7	15	30	39	46	22	11	35	50	43	35	12	3	40	14	8	23	50	26	4	32	45	7	
35	49	1	2	37	35	3	48	32	9	43	29	32	13	36	16	36	48	43	8	49	25	9	16	26	29	37	43	31	43	14	25	37	4	34	46	50	50	15	3	
25	39	29	9	34	48	49	11	21	11	27	39	25	49	9	13	25	22	44	17	16	41	2	49	10	21	24	47	42	13	3	9	38	12	25	32	28	11	40	4	
32	50	49	46	16	22	14	28	9	28	7	13	28	43	24	25	2	7	15	43	22	31	13	47	27	49	26	34	26	17	1	15	10	17	50	18	49	6	37	25	
26	46	5	24	38	3	41	22	29	17	1	1	12	25	10	43	27	12	6	39	11	23	38	6	38	48	31	14	25	8	9	46	16	50	3	49	33	29	7	39	
44	32	32	25	41	46	43	26	41	27	44	34	9	21	25	18	30	29	30	31	28	42	6	37	2	44	26	18	26	6	1	40	24	50	28	23	7	21	40	2	
11	41	47	7	49	26	4	32	35	5	24	36	24	39	10	22	28	35	15	13	13	3	43	18	45	14	15	2	7	30	5	42	25	34	4	36	45	8	22	15	
18	35	38	24	30	8	44	32	29	7	18	17	20	24	4	29	11	39	45	34	22	44	48	23	36	4	46	6	37	9	22	4	48	26	33	50	14	40	1	16	
42	27	1	14	21	19	26	29	43	18	50	39	7	4	13	26	18	3	34	12	20	46	48	15	22	38	48	41	11	17	43	33	43	45	43	30	21	3	14	8	
16	9	44	14	30	20	34	22	49	18	23	41	32	23	9	10	12	29	9	21	48	12	38	9	40	1	50	50	12	17	26	16	2	15	13	17	14	40	8	35	
21	36	29	30	10	32	20	13	17	45	43	22	33	17	24	17	46	42	13	29	36	33	20	3	44	49	23	38	14	18	23	33	33	12	37	21	11	31	24	17	
38	38	11	10	37	11	27	33	15	20	47	38	5	14	36	28	12	12	22	18	22	10	38	6	10	31	35	24	25	5	42	14	19	5	29	12	7	28	10	38	
7	39	37	2	35	23	45	44	13	20	10	5	19	38	40	6	50	48	36	26	27	16	29	18	47	15	38	45	11	12	29	30	18	9	50	33	24	19	31	46	
39	28	22	12	39	19	46	5	28	42	38	41	48	30	36	17	19	38	13	48	11	13	30	20	25	10	27	24	15	34	22	19	8	13	30	35	24	9	46	9	
39	29	20	37	14	32	39	46	29	35	16	48	38	10	2	23	43	9	38	33	4	12	34	3	1	31	41	28	20	22	48	14	14	8	18	32	19	41	17	5	
14	8	25	30	26	17	25	41	39	39	24	48	15	31	41	24	5	7	39	46	8	26	43	44	46	26	48	7	6	32	7	50	4	29	16	34	4	20	21	30	
3	28	1	9	35	16	30	50	41	6	15	43	43	9	12	47	4	42	24	16	40	47	33	8	26	31	37	1	42	37	17	21	42	16	35	2	24	22	24	9	
47	43	25	15	13	23	27	32	15	11	41	35	16	43	28	32	6	4	44	45	11	5	44	42	23	50	11	23	36	45	14	26	6	26	3	28	48	18	27	49	
1	42	13	10	39	41	4	2	46	25	39	48	40	48	10	49	9	7	37	9	49	49	12	49	1	11	46	45	5	1	17	10	33	50	23	30	1	17	29	34	
9	50	17	1	50	27	11	9	2	28	23	18	28	1	23	7	26	43	15	23	46	5	48	26	30	9	40	32	11	6	12	25	38	4	14	26	42	39	28	8	
42	35	18	49	18	42	19	34	37	6	37	37	44	47	44	32	47	38	5	28	30	4	12	11	14	14	27	42	44	41	30	36	39	24	21	13	16	46	43	45	
39	41	8	47	10	42	12	36	38	21	48	33	5	41	29	14	29	26	36	7	1	27	28	45	39	3	33	50	9	13	29	31	8	16	18	9	5	32	18	35	
3	18	4	27	34	22	3	13	19	22	24	20	13	23	6	1	16	34	35	36	37	46	18	32	26	42	3	10	25	7	1	39	26	42	49	48	50	22	31	39	
5	1	33	39	14	28	9	40	15	24	5	37	30	39	39	2	25	24	20	50	47	28	20	16	9	16	8	1	12	22	44	49	34	9	16	14	45	36	14	3	
49	33	6	37	47	50	13	50	50	3	30	38	24	30	22	44	27	23	27	31	14	40	23	11	48	31	3	44	25	27	43	41	9	7	50	1	12	20	10	15	
42	35	12	3	6	12	12	46	2	44	19	41	36	35	16	47	29	2	4	48	23	31	18	27	40	8	22	36	3	29	38	10	39	40	45	48	36	12	16	40	
20	10	23	47	36	17	8	41	50	32	20	41	12	37	32	30	26	46	30	24	47	18	12	9	10	45	2	34	39	44	43	40	39	13	7	27	26	1	27	39	
9	20	42	1	9	49	9	9	13	27	4	20	4	46	39	23	21	25	49	43	19	18	28	23	14	2	9	30	29	11	12	33	30	18	22	29	32	9	41	1	
17	38	43	47	6	7	24	40	25	6	5	23	10	7	46	12	10	7	21	35	50	3	50	13	23	25	24	5	19	48	26	28	29	31	35	13	23	41	10	40	
36	45	32	28	34	36	19	15	5	33	7	11	10	47	24	39	37	29	20	30	4	41	33	38	35	23	31	22	44	46	34	7	17	21	25	49	19	27	13	47	
37	33	25	18	7	42	19	4	9	11	47	6	8	15	15	4	18	34	48	1	14	45	19	17	15	43	42	23	17	34	20	6	19	1	9	3	50	26	33	21	
4	45	6	26	31	29	18	28	27	23	27	30	3	23	34	39	9	20	40	28	13	32	41	37	22	50	19	21	23	40	29	32	47	29	43	39	6	50	35	32	
46	2	10	1	16	48	12	12	9	24	7	28	1	50	39	40	41	44	49	2	40	13	48	3	11	27	46	24	42	33	22	33	30	9	45	5	3	26	1	49	
42	40	42	44	28	9	6	42	4	16	5	27	4	39	21	40	49	17	13	10	25	8	38	28	34	21	24	9	5	36	45	38	31	2	27	38	4	49	35	40	
On machine	6
49	35	41	19	41	41	44	44	40	24	25	10	9	37	37	30	11	17	8	20	45	5	15	35	4	35	9	28	19	32	19	36	37	47	15	1	27	47	50	26	
27	30	21	5	29	29	9	5	37	7	25	45	4	6	45	31	19	38	47	26	13	25	22	27	28	1	39	48	21	41	20	30	15	13	24	9	20	26	14	44	
12	44	45	29	3	6	5	43	19	8	15	34	11	44	7	24	34	36	36	41	17	18	34	43	10	23	42	21	25	14	48	46	31	16	27	47	23	26	42	19	
9	6	27	48	5	47	23	21	23	27	23	45	24	13	10	8	38	31	1	19	12	44	33	4	49	35	42	42	40	8	3	39	20	48	42	20	30	5	32	36	
29	15	7	46	15	1	50	16	1	6	4	38	20	12	20	30	40	40	12	31	40	28	39	48	25	7	13	1	50	43	16	44	50	10	37	41	12	21	30	15	
14	25	19	39	11	39	27	14	20	41	7	50	46	37	20	30	38	31	45	39	25	27	21	8	50	4	32	9	39	46	34	14	45	11	14	46	39	41	14	48	
22	17	49	30	27	28	41	24	44	17	2	31	21	22	49	19	3	1	32	32	21	23	31	22	46	4	9	15	14	38	22	25	26	4	44	46	19	40	3	43	
44	45	41	13	33	4	32	26	16	5	6	13	29	3	36	35	35	21	42	2	47	49	46	39	43	2	33	11	22	46	20	48	45	45	12	43	27	34	13	35	
4	36	22	44	50	17	7	20	37	15	37	10	48	25	3	40	50	26	5	39	46	25	43	45	26	13	29	29	49	39	42	26	42	28	13	20	9	6	49	8	
37	4	13	15	36	27	21	18	19	22	46	37	3	8	29	25	35	4	23	49	44	27	42	45	29	16	7	14	36	8	33	44	14	16	27	1	46	34	7	23	
16	38	20	27	27	20	46	35	33	19	25	14	32	30	19	15	25	1	18	43	17	31	19	46	33	11	31	8	7	41	33	24	25	3	24	34	21	8	35	27	
29	31	46	12	4	8	30	19	32	37	32	25	6	4	4	20	5	2	12	34	42	9	36	43	13	44	21	24	31	25	5	22	47	10	15	27	25	39	2	21	
37	47	7	21	27	41	7	15	11	16	40	28	36	34	26	34	21	26	33	1	14	46	31	44	5	32	2	29	12	6	18	14	40	5	10	30	23	43	24	17	
48	45	29	43	8	6	29	50	16	39	5	27	12	36	17	26	4	9	8	49	5	50	22	2	9	8	41	42	2	27	15	34	14	48	23	42	34	4	10	42	
35	42	1	37	31	24	34	16	20	6	16	24	27	49	45	17	36	18	34	45	12	3	12	6	40	28	5	31	17	21	22	34	9	15	34	34	23	42	12	34	
15	16	44	4	40	31	23	39	2	8	20	17	11	9	8	2	17	33	3	36	47	47	34	21	39	15	34	27	27	12	45	14	12	9	10	29	14	25	14	9	
6	24	39	9	23	12	26	5	3	28	44	41	35	33	46	36	29	47	12	7	6	24	5	39	41	30	14	38	12	4	41	14	48	28	46	36	20	13	14	22	
3	31	16	24	37	35	36	42	40	25	8	27	6	28	40	17	31	29	46	30	5	36	17	8	16	5	14	31	14	30	47	47	12	26	45	9	20	24	6	7	
48	46	20	44	9	20	43	2	32	9	17	4	19	46	45	21	29	1	9	27	7	37	28	8	42	48	36	2	43	39	37	10	11	40	28	35	33	8	17	40	
15	33	4	43	17	10	12	50	44	26	2	12	42	45	6	19	38	18	45	48	33	50	31	6	2	36	40	49	40	19	14	44	20	44	38	10	13	11	32	42	
25	9	50	19	49	27	24	5	44	14	4	22	32	13	8	40	45	32	28	40	32	2	35	36	24	42	2	35	27	41	46	25	39	35	25	28	18	50	12	20	
20	7	8	24	7	28	21	42	39	35	10	42	13	50	26	39	46	38	32	8	50	2	42	32	11	13	44	17	38	17	33	47	21	35	22	9	40	3	44	50	
20	2	9	6	47	23	31	17	23	13	11	17	6	31	8	19	40	31	10	19	1	10	5	25	43	34	40	24	49	40	32	29	25	6	15	11	29	29	45	10	
39	35	22	50	33	8	11	20	27	39	16	23	22	12	49	47	14	34	7	5	25	48	24	30	41	33	44	35	46	9	2	31	28	49	24	21	32	49	21	46	
19	18	13	28	33	18	8	6	13	48	43	36	37	18	2	8	21	30	31	22	9	26	30	13	43	49	2	3	45	43	26	46	43	10	31	11	31	43	23	5	
25	22	7	12	27	7	46	13	44	1	4	2	11	20	6	38	11	32	24	33	2	15	17	39	45	11	11	50	48	41	11	40	26	36	2	42	5	8	7	14	
22	6	27	50	31	27	7	25	1	1	27	2	34	14	29	1	47	45	9	16	49	18	9	10	14	11	5	21	35	30	37	36	5	48	41	22	26	45	5	15	
16	28	41	39	7	18	14	22	33	42	17	46	27	9	49	23	27	32	46	21	27	14	40	40	4	39	19	29	40	23	38	13	28	18	7	5	43	39	38	47	
39	13	18	44	23	28	48	12	36	2	8	11	9	49	9	23	23	20	33	39	47	1	8	45	10	18	32	20	9	12	8	4	10	3	21	18	44	28	2	36	
30	19	46	27	12	9	3	39	15	7	16	30	33	48	35	34	39	49	1	25	18	15	15	49	50	46	30	11	9	28	20	5	39	13	13	1	33	44	10	42	
15	5	35	48	49	19	18	34	6	32	12	6	44	6	30	36	12	48	50	49	9	4	38	37	30	18	6	48	2	15	10	37	6	48	19	11	38	35	26	36	
36	5	7	41	22	16	27	18	39	36	32	41	36	24	43	24	50	27	33	17	34	32	16	48	37	45	46	39	30	2	45	5	30	35	15	42	48	1	3	30	
26	12	33	3	45	19	43	8	9	34	6	18	45	7	32	45	50	13	48	35	5	49	9	30	43	8	16	41	44	11	22	31	23	40	42	13	28	11	50	30	
38	46	32	29	10	22	18	45	42	2	16	24	6	50	43	3	48	11	39	23	42	32	27	42	35	7	40	36	14	30	14	28	7	44	20	39	46	9	10	47	
9	25	34	50	25	37	32	28	6	35	38	25	25	24	44	5	40	38	49	35	20	33	24	31	25	13	17	16	7	15	16	44	29	41	33	38	33	10	32	19	
37	39	12	45	2	36	20	29	18	47	18	23	37	41	12	34	30	23	46	18	20	16	17	45	12	32	44	8	19	33	24	42	47	32	11	8	44	31	29	48	
31	21	4	45	3	26	43	2	31	20	20	23	7	21	21	10	8	42	1	27	6	10	18	11	34	20	6	4	29	27	46	25	39	8	10	12	31	29	14	49	
14	27	13	46	7	24	36	50	7	28	16	50	43	44	18	24	23	1	34	39	28	16	2	2	1	40	11	28	24	31	47	38	20	31	35	33	27	11	30	10	
4	12	40	7	48	11	9	15	40	18	23	49	29	48	34	9	45	24	46	23	16	16	21	29	33	39	31	23	45	46	47	14	5	27	28	15	3	46	18	24	
30	32	25	1	12	35	2	43	34	40	22	44	27	33	5	16	27	40	8	46	12	2	34	3	22	36	31	11	4	23	7	21	19	28	27	48	15	31	25	6	
On machine	7
23	25	45	34	47	22	37	4	24	23	6	38	17	39	44	16	29	32	7	28	42	32	48	27	18	20	47	13	3	10	12	46	40	11	31	34	34	19	43	5	
35	24	6	45	27	5	42	18	17	50	35	47	44	2	43	11	42	20	4	26	2	44	13	11	9	35	25	19	11	21	25	28	15	24	24	17	16	46	14	30	
15	31	46	46	33	45	39	22	46	17	23	17	8	20	7	19	10	26	1	11	50	5	26	2	13	25	13	23	16	28	17	23	46	46	7	9	45	40	48	30	
41	42	25	43	37	1	45	27	12	18	40	3	20	5	27	46	9	40	28	10	21	10	18	8	41	29	38	31	7	6	2	28	30	19	30	13	7	2	48	27	
30	33	28	30	36	14	10	38	33	26	35	15	37	10	34	14	39	31	15	13	31	14	24	12	44	33	47	42	28	17	22	7	31	27	22	20	4	11	25	16	
3	23	20	12	46	2	34	30	24	37	45	39	1	32	39	49	17	41	24	7	45	17	33	22	6	25	27	25	25	45	22	39	16	31	30	24	36	19	40	12	
16	24	36	33	30	48	19	49	2	5	11	11	17	16	39	47	6	32	3	31	1	6	32	4	39	23	29	49	30	22	50	47	40	36	22	46	24	13	8	16	
37	4	38	16	20	6	35	8	43	4	3	45	39	1	33	19	3	37	27	50	15	18	2	32	18	1	33	7	19	46	37	41	18	27	6	34	30	36	4	30	
14	32	7	28	21	18	11	10	36	2	47	2	14	24	3	42	13	20	6	8	25	39	46	31	37	3	48	26	9	45	15	3	22	11	20	25	47	23	19	1	
44	16	34	42	9	25	31	46	22	36	6	33	48	1	3	15	5	19	48	38	37	45	50	48	26	30	41	21	19	43	45	48	18	23	20	18	35	48	26	23	
36	17	40	19	14	21	18	27	46	12	18	22	3	30	43	23	25	27	34	21	15	14	42	34	4	27	2	33	17	27	8	39	46	2	9	22	16	49	44	28	
7	7	36	26	36	26	36	36	5	41	1	13	48	6	43	47	36	24	49	22	41	34	40	27	21	28	13	3	5	17	10	36	27	23	20	5	13	35	24	47	
36	19	30	21	45	21	34	21	18	21	46	50	28	20	44	13	16	44	1	44	47	38	35	29	18	29	26	8	28	8	23	29	2	26	41	3	25	41	9	26	
26	47	15	26	11	43	40	5	33	31	33	19	46	43	13	29	34	43	20	48	7	8	13	7	45	50	23	13	23	17	34	36	29	43	41	33	45	9	37	14	
24	25	24	18	14	25	28	42	19	26	32	3	6	29	5	2	22	50	5	41	28	14	38	10	28	50	19	16	23	18	47	35	31	40	8	48	29	21	5	9	
17	30	25	34	48	23	48	41	28	13	47	11	29	40	5	31	26	20	48	40	23	16	37	19	12	34	6	8	3	6	21	3	7	20	49	44	14	41	40	39	
21	32	46	11	16	7	4	33	12	18	2	46	42	22	18	50	10	30	11	4	14	8	26	47	11	45	44	39	29	1	33	10	29	46	34	16	19	49	13	37	
18	22	23	48	45	31	15	49	10	27	46	24	40	35	32	44	22	35	28	3	33	46	48	29	24	3	45	38	42	6	43	46	26	37	25	40	26	47	38	11	
49	41	2	41	20	45	24	11	20	4	9	20	27	47	28	46	30	17	26	16	22	15	37	32	50	28	37	17	30	30	15	36	39	24	6	27	33	39	33	43	
34	45	49	15	22	50	47	9	10	36	12	40	19	42	21	27	33	49	50	4	1	16	45	8	48	37	20	43	17	17	11	39	9	32	50	45	38	23	13	27	
2	9	3	6	27	32	13	30	28	12	37	2	7	19	3	35	27	2	40	9	20	15	21	4	41	27	38	26	19	27	15	5	8	42	39	42	19	32	27	3	
19	39	4	22	12	20	15	27	50	25	30	50	29	28	40	2	3	38	39	33	42	47	17	45	9	28	24	28	29	23	2	4	41	40	30	35	47	32	17	47	
12	9	25	24	44	40	2	47	7	32	12	50	29	31	42	42	39	15	44	38	14	32	4	15	21	11	4	9	41	7	34	21	13	20	49	43	18	49	50	4	
7	27	14	13	23	31	27	32	5	16	25	5	27	50	1	15	12	10	7	19	29	28	45	1	49	39	10	35	47	1	20	24	11	24	46	30	42	11	24	24	
32	19	4	47	4	38	15	5	37	4	19	29	31	4	14	2	28	5	32	40	2	18	5	25	16	29	38	34	35	12	47	3	31	47	29	42	28	50	49	50	
25	3	7	25	13	41	42	8	45	1	24	24	9	35	3	11	45	13	1	25	45	16	19	18	28	43	43	36	23	5	15	43	17	36	8	45	2	27	4	24	
10	12	36	6	43	16	25	7	10	43	4	15	14	31	31	49	9	13	6	23	29	23	14	22	5	15	49	26	42	21	21	41	29	3	29	20	44	30	8	42	
46	22	26	11	32	37	12	38	12	1	6	12	42	29	14	38	16	19	28	48	13	8	24	49	49	5	43	25	37	9	25	34	9	47	43	22	46	18	26	16	
9	6	23	6	19	48	2	21	7	46	21	49	21	48	37	30	45	41	2	39	3	47	25	31	5	11	3	1	3	25	1	34	44	49	42	23	31	49	42	24	
17	3	25	13	34	5	24	34	44	22	1	27	19	6	22	2	29	45	6	22	24	2	17	24	11	47	37	22	4	44	44	43	25	24	1	34	39	20	3	2	
21	49	8	41	4	28	7	12	6	48	2	29	15	46	43	24	12	42	17	29	27	16	41	41	15	13	9	39	44	23	14	47	9	35	25	47	21	29	35	16	
13	42	29	49	11	29	21	17	23	45	27	10	10	27	15	34	13	11	2	34	35	11	40	22	25	50	48	8	48	17	20	11	48	20	33	31	15	5	12	21	
24	18	44	36	23	45	5	39	47	37	12	34	41	9	7	28	4	25	45	5	7	19	34	46	23	17	9	19	46	41	9	9	3	39	12	40	16	50	5	43	
33	49	44	6	12	7	16	50	8	31	28	33	41	45	12	21	9	23	44	40	40	19	10	11	7	28	44	29	28	50	7	43	35	33	38	39	23	19	27	29	
46	45	36	40	12	40	21	13	26	27	31	5	16	23	29	7	6	17	40	21	27	5	29	25	38	10	15	37	13	23	15	41	29	13	49	38	41	38	20	23	
23	8	27	40	9	25	47	34	32	11	16	35	7	43	9	17	33	38	34	12	36	14	18	32	14	25	26	41	39	3	6	50	1	44	6	39	49	2	5	14	
4	21	14	10	9	25	35	22	10	8	46	35	48	22	28	28	15	30	4	1	8	45	18	45	21	49	21	12	41	45	16	26	44	43	24	14	48	27	36	22	
30	4	29	7	5	32	25	12	48	23	47	39	2	37	22	40	25	50	47	15	39	30	21	16	24	8	1	17	28	46	10	19	1	19	10	10	38	42	14	38	
50	42	1	10	26	6	31	6	48	41	37	14	7	4	49	37	49	47	2	45	22	7	8	9	41	31	25	30	36	3	20	44	39	21	24	12	41	11	49	25	
16	5	18	28	4	22	47	6	26	17	4	44	19	46	46	36	48	4	35	15	43	37	37	17	18	49	31	23	26	42	12	10	9	41	24	11	27	18	6	43	
On machine	8
4	5	11	44	43	38	34	34	20	9	32	18	27	20	18	29	28	38	8	7	48	36	36	37	5	1	46	29	47	11	48	18	47	29	34	35	36	18	12	22	
34	40	49	49	16	4	4	34	26	38	19	46	20	4	44	10	28	31	11	9	34	40	40	16	27	11	50	12	34	11	34	28	19	41	49	16	40	45	29	37	
37	23	42	34	33	5	10	30	17	44	8	50	33	31	14	5	50	19	17	3	38	3	13	50	26	9	22	5	50	48	2	15	48	18	19	41	49	10	47	34	
4	6	40	17	5	28	19	24	28	31	17	49	3	12	8	29	37	39	23	15	8	6	18	17	11	22	37	20	19	9	35	9	7	8	4	34	15	4	46	9	
22	44	14	17	24	4	34	43	15	36	15	14	44	6	34	36	50	8	37	3	7	3	29	35	18	36	10	4	49	31	43	38	35	2	18	15	25	36	19	39	
49	2	12	38	28	49	20	3	5	10	19	18	27	12	50	14	4	10	34	7	26	49	46	26	15	33	16	34	49	7	31	47	40	22	33	14	4	42	14	17	
36	24	18	38	39	33	8	36	9	43	29	23	9	46	14	14	33	38	34	31	38	6	14	48	50	31	16	50	25	43	1	20	9	19	24	6	36	34	4	20	
35	31	31	31	7	35	7	23	45	45	34	22	10	11	28	19	17	20	11	30	49	30	23	13	39	17	40	18	42	18	48	24	25	24	25	41	47	44	45	18	
10	22	1	13	39	46	12	39	37	34	29	10	32	45	31	8	38	26	2	41	31	48	45	8	22	13	19	7	8	2	32	24	27	28	31	20	28	19	23	3	
13	35	32	3	46	37	48	6	30	27	47	39	37	1	8	19	24	37	4	11	25	43	13	41	23	3	8	3	20	5	44	32	17	7	11	12	14	13	27	25	
25	38	36	22	45	16	36	44	17	15	9	50	18	9	47	36	38	9	38	6	4	49	40	8	46	5	49	17	23	7	37	50	42	41	25	3	34	18	16	44	
31	34	45	28	35	43	6	8	28	4	7	34	8	26	3	29	9	9	14	37	32	43	1	21	43	32	5	15	50	5	43	27	40	1	17	42	5	3	36	44	
6	23	49	41	49	30	31	6	18	11	3	49	45	34	3	41	16	6	24	6	17	46	16	27	2	43	4	16	23	12	4	50	3	40	24	17	49	50	4	14	
14	5	27	36	34	35	20	14	38	14	8	22	31	28	6	50	13	2	2	21	17	19	20	49	30	38	27	14	35	15	5	24	34	45	18	7	39	12	2	3	
15	14	2	44	7	10	20	34	38	45	23	42	48	22	25	46	47	35	17	16	46	1	41	10	38	3	3	21	43	16	46	12	36	8	41	7	6	17	32	34	
42	23	4	29	6	29	28	17	4	45	20	42	16	40	15	11	10	9	7	42	31	13	4	13	25	35	24	36	1	5	10	22	40	34	21	25	7	49	13	41	
7	24	13	17	48	31	27	46	24	23	12	13	21	44	31	32	14	37	25	34	22	22	21	40	41	32	31	1	47	30	33	10	24	15	5	33	24	14	11	16	
29	18	15	41	17	45	24	32	37	36	44	32	31	30	48	2	34	21	13	27	45	4	14	40	37	50	3	35	6	28	31	23	37	14	22	17	24	50	43	36	
29	42	12	3	8	5	22	21	13	29	46	12	6	50	11	19	27	36	2	7	20	18	38	50	30	44	30	20	49	22	38	43	11	33	12	45	20	7	36	40	
13	12	39	5	23	30	27	7	42	31	17	13	24	32	2	48	4	32	42	27	31	40	37	48	40	34	24	38	49	47	5	14	49	48	24	12	7	5	22	9	
39	47	47	28	5	41	1	45	10	47	8	20	11	47	9	30	3	25	12	22	3	49	37	31	42	35	47	22	9	29	25	10	9	5	36	35	20	19	14	17	
30	49	9	6	24	11	26	38	11	34	6	27	41	12	34	6	14	47	34	8	3	20	10	34	13	48	29	26	30	48	2	15	27	14	29	26	31	44	19	44	
25	46	32	14	20	50	22	49	4	23	25	48	35	47	39	47	47	33	25	21	14	49	40	48	27	16	42	10	31	27	18	47	8	24	36	11	39	35	9	28	
21	8	45	39	48	22	49	1	9	7	12	40	29	39	41	11	4	26	5	40	39	43	45	50	12	9	25	4	19	29	20	6	40	27	42	30	10	23	11	16	
35	5	8	35	30	25	39	26	12	40	30	35	1	41	48	2	41	14	5	16	45	31	15	23	45	40	33	39	18	31	50	29	4	28	22	40	9	27	7	38	
16	30	42	20	24	27	42	25	26	27	46	10	22	3	48	49	24	35	33	24	6	4	48	40	18	20	27	13	16	9	15	38	48	14	39	35	44	8	50	9	
24	7	6	1	8	42	19	32	2	13	18	47	47	50	24	15	50	7	9	50	37	17	7	8	23	17	12	44	1	12	45	15	28	49	40	42	39	48	28	20	
50	9	48	43	8	10	36	2	19	28	36	45	45	46	8	23	35	14	7	42	7	45	4	13	13	35	7	45	8	39	49	12	46	26	32	21	9	33	16	49	
36	16	39	28	40	28	25	29	2	17	20	42	10	11	18	23	11	49	7	3	22	45	2	14	41	27	50	25	21	44	27	47	35	9	19	26	37	9	1	13	
25	42	22	33	14	40	3	33	4	18	44	25	23	4	32	16	13	38	35	29	37	4	23	17	6	23	42	38	2	48	35	11	7	12	45	49	30	46	22	24	
28	31	50	9	15	36	50	31	13	9	3	47	10	21	4	32	10	42	38	19	44	18	25	26	6	4	11	17	35	40	17	5	6	48	30	41	30	18	33	41	
7	2	27	28	8	20	30	8	29	40	42	14	29	29	36	4	12	7	37	1	32	12	34	6	9	28	2	33	6	7	45	7	16	9	27	15	28	7	14	25	
32	4	14	36	3	6	47	19	13	48	5	35	19	14	39	18	11	35	35	15	47	8	24	6	50	17	15	8	11	39	27	42	50	24	44	11	47	22	45	47	
48	5	39	25	13	6	24	23	28	19	31	32	11	34	41	12	15	19	2	36	44	37	18	49	23	44	15	6	33	46	20	35	44	39	8	47	12	33	41	12	
22	28	40	34	34	2	17	24	50	39	25	49	49	1	38	42	14	24	12	28	7	10	7	19	5	44	41	46	30	11	26	7	42	40	30	44	17	26	47	21	
24	45	1	43	31	37	28	47	43	49	48	5	15	16	40	18	30	39	49	3	24	9	1	4	32	15	48	41	32	25	3	35	8	31	6	49	45	17	45	16	
42	35	9	11	19	35	22	20	6	24	7	47	38	2	29	17	10	17	49	43	31	30	46	50	50	40	48	49	38	26	30	43	19	28	26	47	49	24	10	40	
28	34	33	43	30	42	39	37	36	29	12	34	44	5	19	25	46	35	33	37	35	23	41	1	37	25	27	16	13	8	25	35	12	25	12	6	35	18	11	13	
33	3	45	20	20	39	7	27	26	5	44	36	6	29	16	38	39	12	10	42	14	38	19	41	10	22	49	45	15	27	14	20	1	48	50	40	8	10	39	40	
26	35	46	27	21	10	35	42	18	33	37	41	22	4	40	24	46	18	19	44	48	43	21	6	11	13	43	42	48	46	32	38	46	22	9	11	2	4	37	26	
On machine	9
13	22	40	26	22	7	22	19	22	25	10	34	34	19	32	22	8	18	12	31	43	46	1	35	7	11	45	1	27	13	43	16	50	12	43	17	19	30	11	1	
10	25	28	37	6	14	43	32	35	39	5	25	22	26	12	3	41	17	13	35	19	50	38	18	49	31	34	5	13	32	6	46	39	22	19	1	35	40	32	7	
31	23	50	20	11	27	28	47	26	34	6	38	43	4	18	7	21	33	49	10	8	15	44	25	1	20	12	46	16	13	11	24	39	21	28	38	23	3	42	7	
45	33	2	6	47	35	29	29	8	5	28	7	38	7	5	30	33	43	37	48	19	40	42	21	50	1	17	7	36	40	12	43	4	37	28	13	3	21	31	6	
38	9	2	4	27	38	39	30	15	14	13	48	36	48	24	28	3	21	39	2	18	43	14	23	45	49	43	40	50	14	36	38	40	5	12	39	49	40	26	29	
39	47	42	41	44	24	13	42	14	8	18	11	28	42	2	1	38	9	48	25	40	13	26	13	7	24	50	7	7	23	6	11	5	21	42	19	9	38	10	20	
7	37	13	25	47	39	45	34	8	29	26	36	35	12	30	16	18	50	34	31	15	37	18	49	31	50	42	9	16	23	41	19	33	29	49	5	12	42	28	50	
6	5	9	43	48	4	45	5	7	50	2	31	10	13	39	13	7	49	29	7	12	25	33	8	30	34	33	37	8	37	18	10	48	20	18	46	13	36	26	21	
44	41	19	32	6	5	37	39	2	42	47	18	2	47	18	6	10	44	22	9	35	50	39	48	7	15	24	20	46	15	29	1	35	46	39	43	12	40	33	43	
7	45	28	24	3	17	18	29	47	16	8	49	6	17	37	20	28	35	17	26	38	18	4	43	36	48	11	50	9	18	15	4	48	31	1	41	13	37	23	14	
33	42	4	42	30	35	29	12	7	39	36	6	21	38	44	35	35	29	23	33	46	49	36	8	44	9	9	22	35	2	23	50	35	30	37	30	28	27	9	25	
42	7	19	50	31	30	35	44	28	48	15	30	44	30	1	9	24	28	5	5	38	39	9	39	8	5	41	46	41	26	23	35	24	36	24	1	45	40	18	9	
36	31	2	43	35	12	20	22	25	22	13	37	49	34	35	1	32	17	26	4	50	44	41	14	20	41	43	47	13	2	6	49	49	2	23	5	46	41	22	3	
4	8	35	24	26	24	1	45	29	47	44	33	42	21	40	20	35	18	41	47	3	8	18	15	3	19	4	30	42	38	6	42	26	31	7	13	32	4	32	37	
42	1	20	43	24	2	13	27	11	5	48	4	2	33	43	20	12	39	29	31	19	9	18	31	44	35	33	50	49	17	7	8	39	43	39	49	23	23	44	40	
43	37	9	39	13	2	28	17	13	13	2	2	38	38	13	27	31	5	13	45	19	10	14	3	36	42	1	14	43	45	45	38	3	22	38	36	21	6	27	16	
4	27	32	46	49	24	45	32	14	33	15	7	36	31	28	46	38	14	49	29	39	11	13	39	31	15	25	37	21	46	28	41	21	29	4	9	22	28	1	47	
13	4	16	25	28	28	35	20	39	20	32	5	46	15	4	18	35	14	4	22	24	9	33	49	28	35	37	11	25	14	43	36	49	21	43	19	44	36	27	20	
12	49	47	5	29	8	42	41	30	49	35	43	12	26	10	32	13	50	23	10	10	21	15	39	35	31	7	20	47	38	15	36	38	50	18	29	21	36	42	44	
7	49	4	32	18	48	47	2	26	37	17	10	7	21	45	49	25	4	50	47	32	19	14	5	10	50	43	27	29	34	3	29	18	8	25	12	10	16	5	27	
37	37	12	10	13	18	49	30	27	25	28	19	5	11	40	35	20	14	40	43	17	13	7	29	32	38	39	10	24	20	4	2	36	17	15	39	31	14	42	45	
50	42	31	13	46	38	45	23	39	46	19	7	9	27	4	35	41	42	8	42	20	43	14	50	39	17	50	10	3	18	2	19	33	19	7	17	14	32	20	30	
27	3	47	44	24	39	34	10	5	32	6	1	8	4	21	50	36	20	16	34	5	17	50	26	23	6	35	29	30	47	19	13	43	31	35	2	14	22	49	44	
33	12	2	29	19	42	37	8	7	50	31	32	31	47	6	3	26	2	29	11	15	4	17	42	26	39	33	41	12	15	9	34	19	46	19	14	30	10	11	21	
41	10	29	47	31	39	21	6	41	44	15	45	6	25	32	27	2	12	12	14	30	9	24	6	21	29	40	48	27	13	48	38	36	22	43	15	3	23	32	2	
41	31	10	27	37	11	40	32	11	18	38	26	24	3	13	9	10	40	26	13	41	20	30	41	44	5	2	24	11	47	5	37	13	23	37	22	33	30	18	3	
29	39	12	31	18	44	50	37	48	30	32	45	45	25	38	14	30	45	8	34	9	18	23	44	17	45	44	13	14	31	24	50	1	41	18	34	49	22	26	40	
41	21	14	23	47	33	40	30	47	11	10	18	9	14	42	49	40	34	41	48	42	33	33	8	48	40	22	45	28	29	16	46	46	21	16	23	45	18	46	24	
12	17	10	34	2	11	39	8	42	14	50	23	42	29	37	27	28	16	37	3	42	9	18	30	24	48	49	49	30	10	7	49	50	10	27	35	46	37	4	21	
24	45	16	33	29	12	37	24	24	45	7	10	44	5	47	15	26	28	23	22	47	42	46	15	45	28	8	27	45	46	8	50	46	6	4	44	16	30	1	47	
16	31	9	14	36	19	33	46	30	31	30	41	46	13	15	7	2	39	46	6	20	10	7	12	35	4	12	8	35	29	14	32	38	48	42	35	41	26	36	31	
18	40	35	2	46	43	33	17	45	23	29	50	35	8	10	45	13	19	38	31	18	43	49	11	7	1	50	12	28	11	15	9	4	47	16	31	24	4	42	29	
44	9	46	7	7	50	10	49	37	9	1	14	10	23	9	34	32	50	41	19	48	42	1	34	12	11	49	6	47	34	18	18	24	9	19	3	11	13	16	27	
19	1	41	32	43	31	36	23	33	28	37	11	12	14	47	38	4	49	39	4	9	30	28	26	8	8	24	29	22	32	49	35	21	23	15	36	36	4	26	29	
9	48	45	38	17	3	24	16	42	25	12	2	29	19	37	2	37	6	36	6	31	22	15	40	42	27	32	19	29	46	24	48	15	35	3	33	31	8	26	3	
34	6	6	31	26	41	13	21	21	14	28	5	1	48	41	44	9	16	1	43	2	5	13	41	34	45	49	38	18	46	28	33	45	39	5	50	33	35	23	42	
25	9	32	22	9	34	13	17	35	40	32	37	19	49	9	26	32	41	26	22	43	7	39	32	6	38	1	44	5	4	31	1	27	8	4	41	1	20	2	3	
17	13	35	8	50	27	10	19	24	42	4	35	2	37	33	30	31	48	50	47	44	18	46	44	20	43	2	15	16	27	33	12	18	13	47	37	35	5	7	30	
5	10	9	28	50	43	48	41	38	32	50	6	38	34	34	10	48	25	41	7	40	28	37	49	47	46	44	23	36	25	47	5	48	17	5	45	17	21	26	4	
15	36	4	6	25	18	27	21	7	5	48	27	34	36	12	10	19	28	26	47	40	49	46	40	5	46	11	17	13	28	34	48	39	20	1	5	13	48	5	42	
On machine	10
18	46	28	3	14	30	46	7	26	43	35	36	31	8	2	15	42	30	2	30	42	31	4	19	33	15	46	49	49	19	27	9	37	9	46	49	7	20	47	50	
28	24	5	43	40	3	33	12	6	37	16	17	30	29	35	9	7	48	4	36	21	48	15	5	24	36	47	29	29	32	37	19	44	48	20	12	48	37	1	13	
28	17	2	26	13	16	20	23	46	22	32	17	17	17	46	41	48	12	35	33	22	5	24	42	38	38	9	9	38	24	34	40	4	50	29	41	9	33	47	9	
28	21	17	41	32	10	5	39	18	35	45	15	50	7	50	15	41	30	40	43	13	50	22	9	12	36	17	38	34	48	24	6	27	11	22	30	20	33	43	15	
10	33	9	19	41	11	23	14	48	13	30	43	10	15	11	27	11	18	4	30	43	36	27	49	47	43	20	2	16	35	24	42	2	18	31	33	17	17	14	46	
47	32	5	35	14	17	42	17	13	42	14	18	38	13	36	30	47	36	33	37	48	14	7	48	5	27	31	27	25	38	26	31	7	50	18	19	36	27	27	37	
13	34	13	28	19	29	22	29	40	22	21	13	21	25	10	11	41	25	35	48	9	23	10	1	25	40	31	20	10	17	20	8	26	20	25	12	21	31	33	39	
16	17	15	19	17	9	32	38	6	4	39	11	29	38	16	44	24	41	3	29	35	15	17	10	9	1	6	47	50	6	22	19	4	3	7	38	27	32	11	28	
3	50	35	17	27	13	1	39	32	11	2	12	45	44	1	15	27	35	32	34	1	17	33	28	30	19	19	5	23	14	44	50	10	35	28	13	30	45	9	28	
42	24	14	12	11	31	26	48	45	3	3	32	36	4	7	50	38	30	7	44	35	32	5	8	18	4	25	33	46	14	24	6	31	5	5	43	13	39	50	3	
42	3	29	43	12	18	14	25	28	44	25	14	20	42	11	20	36	19	27	47	17	49	1	42	11	4	33	13	49	26	20	29	17	46	30	47	2	33	19	15	
34	15	34	41	28	27	39	48	9	19	50	9	30	7	7	50	37	32	34	50	28	42	23	23	11	13	44	27	44	7	11	26	32	19	11	50	21	49	20	24	
47	6	2	38	9	39	50	15	9	43	30	7	15	48	44	44	13	8	49	5	28	18	29	9	50	37	27	11	15	24	22	39	31	4	23	30	19	17	50	24	
16	26	38	39	46	20	16	40	39	29	8	3	32	39	10	45	11	21	38	7	8	31	28	27	36	30	45	44	32	27	44	37	38	31	34	14	45	18	50	28	
44	34	15	13	4	49	48	45	37	32	9	49	11	35	29	28	26	14	8	38	47	5	3	49	48	20	36	2	12	10	17	13	41	42	43	18	17	9	7	15	
1	38	8	18	6	37	21	40	21	29	12	27	2	14	26	48	1	12	30	6	39	47	11	5	32	18	18	3	8	50	35	40	12	13	43	31	44	38	24	47	
50	5	33	39	20	37	44	21	8	35	23	19	37	36	29	9	47	19	42	11	27	8	17	43	19	33	7	38	42	3	23	45	14	12	10	43	39	2	32	41	
50	14	1	18	26	14	26	49	36	23	5	47	13	47	11	27	13	25	43	5	18	10	28	31	28	41	34	8	5	3	26	23	42	10	24	11	20	22	2	39	
23	10	10	29	42	1	45	11	32	19	42	30	33	16	26	16	11	24	24	3	36	29	45	37	14	7	35	36	33	49	15	50	19	38	44	20	44	48	44	17	
47	10	22	47	40	15	43	29	47	22	46	30	15	49	3	32	19	14	14	43	26	11	12	46	10	6	10	39	17	31	16	15	10	39	9	48	22	42	44	28	
19	39	4	32	48	23	45	33	7	39	40	30	42	9	18	11	32	17	18	17	13	8	49	45	16	8	24	29	21	47	14	28	26	10	18	7	33	25	2	19	
43	16	5	30	21	21	7	34	7	35	10	40	23	7	31	42	16	25	36	39	4	1	29	46	17	1	7	24	45	28	50	43	34	14	35	30	12	12	16	16	
47	15	50	34	21	22	45	25	19	23	9	8	42	41	19	24	10	50	46	23	26	4	4	10	46	2	28	5	34	14	2	48	1	44	32	33	7	30	21	18	
39	9	10	32	14	34	11	44	29	7	10	22	10	7	2	43	20	15	16	25	8	48	41	48	27	46	1	9	20	9	44	33	5	12	40	39	12	19	9	42	
25	22	8	33	39	27	8	26	19	1	44	29	40	19	44	11	32	32	26	49	33	18	27	31	17	1	34	43	27	41	20	9	10	33	48	17	1	40	15	19	
5	39	33	39	38	9	39	33	9	43	5	39	48	19	12	42	45	30	13	28	5	1	4	20	49	22	8	37	10	25	22	19	23	36	12	7	14	49	32	27	
27	3	27	16	17	13	31	25	49	9	31	34	15	11	31	42	16	21	32	5	49	45	47	47	13	30	39	15	3	47	14	14	28	48	30	11	2	3	26	18	
16	6	14	22	40	14	28	24	33	42	45	16	1	41	40	26	23	48	30	14	10	22	33	39	36	44	47	22	32	24	39	27	9	21	34	39	49	13	44	25	
10	21	29	19	20	37	3	26	49	16	17	40	25	8	22	5	32	26	2	46	44	4	48	9	32	39	26	16	16	50	37	39	15	2	45	47	20	37	17	42	
20	46	16	47	16	23	16	17	11	33	50	25	10	43	4	39	14	8	46	27	1	41	48	7	24	11	41	20	12	9	30	50	38	1	32	40	42	30	21	29	
11	29	48	27	11	32	34	3	15	36	9	23	12	26	44	31	26	9	43	36	42	36	46	7	38	32	27	50	28	24	16	12	15	13	16	31	3	18	21	41	
19	39	18	36	29	3	4	30	22	6	47	37	15	11	34	29	4	5	9	2	49	18	24	36	21	35	34	47	10	19	2	10	38	13	37	35	11	9	40	44	
29	45	42	2	1	40	19	39	28	16	10	20	47	8	33	9	12	41	43	14	20	13	40	20	19	43	26	7	48	24	38	43	32	50	41	27	14	23	8	7	
16	8	47	7	22	45	41	28	16	34	19	3	3	41	14	11	40	8	26	18	50	50	42	43	19	14	24	27	45	49	1	17	21	37	13	10	44	16	30	6	
19	4	17	24	42	39	11	44	38	27	24	3	9	7	16	20	35	20	2	26	42	23	38	9	17	23	5	43	43	37	45	1	15	7	33	40	9	20	43	5	
8	45	26	41	9	13	47	49	50	12	36	24	5	4	24	11	8	29	43	41	8	8	15	9	34	22	32	14	33	42	21	42	50	6	40	24	9	18	5	24	
44	37	19	46	10	42	18	19	9	22	29	20	25	24	7	35	5	2	17	23	12	31	35	20	30	12	21	39	24	8	3	3	39	46	14	44	35	31	36	17	
33	4	49	33	24	3	45	43	47	42	33	19	10	45	35	37	31	32	13	20	10	20	32	21	39	28	1	13	31	13	48	19	41	10	31	30	1	20	39	47	
48	44	50	45	21	4	15	21	13	10	29	32	40	16	2	48	30	33	13	50	18	29	48	26	40	4	27	12	29	35	19	13	1	20	37	12	3	14	30	24	
10	25	5	26	26	9	17	24	7	17	3	39	37	28	15	43	47	42	28	41	21	4	23	16	23	45	16	39	12	50	7	7	24	36	45	26	3	40	38	46	
Reldue
-1	1307	-1	-1
-1	1236	-1	-1
-1	3671	-1	-1
-1	4494	-1	-1
-1	657	-1	-1
-1	2907	-1	-1
-1	2859	-1	-1
-1	1502	-1	-1
-1	903	-1	-1
-1	4172	-1	-1
-1	3635	-1	-1
-1	2381	-1	-1
-1	1373	-1	-1
-1	3449	-1	-1
-1	2020	-1	-1
-1	1183	-1	-1
-1	2456	-1	-1
-1	4040	-1	-1
-1	4211	-1	-1
-1	1618	-1	-1
-1	2294	-1	-1
-1	3530	-1	-1
-1	3145	-1	-1
-1	3303	-1	-1
-1	3402	-1	-1
-1	3572	-1	-1
-1	2755	-1	-1
-1	837	-1	-1
-1	2343	-1	-1
-1	2330	-1	-1
-1	3430	-1	-1
-1	2450	-1	-1
-1	1605	-1	-1
-1	3911	-1	-1
-1	3388	-1	-1
-1	3347	-1	-1
-1	3629	-1	-1
-1	3635	-1	-1
-1	4019	-1	-1
-1	1198	-1	-1
