Families	20
Machines	50
MaxSetupTime	100

Number of Jobs in each Family
2	6	6	5	1	5	2	5	1	6	8	4	10	10	7	9	4	1	8	8	

Jobs in each Family
0	1	
2	3	4	5	6	7	
8	9	10	11	12	13	
14	15	16	17	18	
19	
20	21	22	23	24	
25	26	
27	28	29	30	31	
32	
33	34	35	36	37	38	
39	40	41	42	43	44	45	46	
47	48	49	50	
51	52	53	54	55	56	57	58	59	60	
61	62	63	64	65	66	67	68	69	70	
71	72	73	74	75	76	77	
78	79	80	81	82	83	84	85	86	
87	88	89	90	
91	
92	93	94	95	96	97	98	99	
100	101	102	103	104	105	106	107	

Total number of jobs
108

Processing times of jobs
9	9	8	5	1	4	7	5	7	8	6	9	4	4	8	8	6	9	7	6	6	4	8	5	2	6	9	1	6	5	9	7	1	8	3	10	1	2	4	3	10	6	4	9	9	8	4	6	6	9	
7	10	2	5	10	1	10	5	5	3	4	7	7	3	4	8	1	10	5	6	10	2	1	6	2	5	5	1	5	1	2	4	6	9	2	3	8	6	5	8	1	8	10	5	2	4	7	6	9	8	
6	7	6	7	2	7	5	10	1	9	3	2	9	9	2	10	4	3	8	10	3	9	3	7	10	6	10	1	8	4	3	10	10	3	8	7	4	5	9	1	1	9	9	5	6	2	10	3	3	6	
6	3	2	5	9	6	5	2	2	5	7	9	2	1	3	1	6	2	7	1	5	1	5	4	10	10	3	1	7	8	2	8	10	4	9	1	10	3	9	2	5	7	4	2	3	6	8	8	5	3	
7	2	10	10	3	7	6	1	9	4	5	10	3	1	5	10	10	6	8	2	1	5	6	4	5	3	1	3	3	9	4	3	10	3	9	3	5	7	8	7	2	9	1	8	10	2	8	7	1	2	
5	9	3	7	3	2	6	9	6	3	10	9	7	9	5	8	6	2	7	2	5	7	5	3	3	1	7	3	2	4	6	8	7	7	1	7	8	10	3	2	10	6	4	10	10	3	10	10	8	6	
4	5	9	7	7	5	1	1	9	3	7	4	9	1	9	3	8	2	8	4	5	5	8	8	3	4	10	9	1	5	7	10	8	1	7	2	5	4	4	5	3	7	9	9	5	9	4	2	2	6	
10	7	7	10	6	4	1	8	1	2	9	1	6	6	6	8	8	10	6	10	9	1	3	1	6	2	10	4	10	6	9	4	2	5	4	2	9	1	4	4	8	10	10	1	7	7	1	9	8	2	
3	1	4	1	8	9	2	9	8	10	8	6	4	4	10	8	3	8	2	1	6	7	7	2	3	10	1	6	10	2	10	9	10	3	1	8	7	8	9	2	3	3	1	2	5	3	6	6	5	8	
8	7	4	3	5	9	3	6	9	4	8	1	2	5	8	10	1	9	1	5	6	9	7	2	6	2	4	8	3	8	4	4	5	9	6	3	7	7	6	3	10	10	5	9	4	9	10	9	2	10	
2	1	6	4	6	4	4	3	3	2	3	6	5	10	5	4	1	9	1	1	10	8	3	7	10	10	7	10	2	9	5	10	3	3	1	9	10	10	6	3	2	6	1	5	2	6	8	6	3	10	
8	8	2	4	4	4	10	3	3	2	3	1	6	8	2	1	4	1	6	9	4	9	3	3	2	9	3	7	4	9	8	5	6	6	4	6	1	1	4	5	5	8	2	7	5	8	8	10	5	5	
8	7	5	9	5	6	6	7	2	1	8	9	6	7	2	3	8	9	5	6	6	1	7	3	2	5	7	9	9	4	9	8	2	9	9	7	3	7	6	8	9	1	3	6	9	7	7	5	10	7	
7	4	4	7	10	1	1	10	9	4	9	3	7	8	5	10	1	2	5	10	6	4	9	3	6	4	1	1	5	6	10	7	2	10	8	9	9	6	1	2	10	2	6	1	9	2	10	1	2	5	
7	7	10	9	1	5	6	5	1	8	9	4	10	5	6	7	8	10	2	6	3	3	6	1	2	7	9	7	5	10	6	3	6	2	7	1	6	7	1	3	10	2	8	6	5	5	7	7	7	4	
2	9	8	3	7	1	3	2	8	4	1	7	7	3	6	8	3	8	7	2	1	3	6	3	6	5	6	1	9	9	10	6	1	5	3	8	3	5	10	3	2	9	3	6	1	6	9	5	5	4	
6	4	7	4	4	10	6	6	5	9	3	7	3	3	2	4	7	10	4	10	9	2	10	4	8	7	6	5	2	3	5	7	9	8	8	5	8	2	10	7	8	4	10	6	6	10	6	7	5	1	
4	2	1	5	2	5	1	6	7	5	2	10	6	6	2	2	10	7	8	2	2	8	7	9	8	2	5	7	8	9	9	9	2	3	10	9	3	2	4	2	1	7	6	4	6	6	2	7	5	8	
4	2	9	4	4	10	6	1	6	7	6	7	9	3	5	9	6	10	2	7	1	5	6	4	1	9	1	7	2	4	7	9	6	2	10	3	5	2	4	7	6	9	5	2	8	10	10	10	10	8	
7	6	9	2	8	9	3	5	1	9	6	1	7	8	2	10	4	2	6	9	2	10	8	3	2	3	9	8	7	3	9	3	9	6	6	7	2	10	5	3	5	8	3	8	1	10	6	5	6	7	
7	3	8	7	8	10	8	8	5	2	1	3	4	4	1	6	4	4	8	1	1	8	4	5	6	1	2	10	1	2	7	9	5	9	3	8	3	6	8	1	2	2	9	8	5	6	10	3	9	8	
1	10	4	5	3	1	10	7	5	10	6	1	5	3	1	10	9	10	1	4	4	9	5	10	1	4	2	3	6	9	7	4	9	8	7	1	8	5	9	3	6	7	8	2	10	3	1	8	7	5	
8	4	3	8	6	3	2	4	7	9	7	8	5	7	4	2	10	3	8	1	3	5	4	5	9	1	4	8	6	3	7	1	8	6	7	5	10	1	2	4	1	7	5	8	7	7	6	4	7	6	
8	5	3	8	2	3	9	3	6	4	8	8	1	1	4	10	3	6	4	1	3	7	5	6	10	9	7	1	8	8	10	5	6	10	1	10	10	7	10	4	8	5	6	8	5	10	2	4	7	3	
5	5	5	7	8	2	10	8	1	9	9	2	4	5	8	3	5	8	7	7	5	10	5	10	8	4	3	9	8	7	6	2	1	9	8	2	4	7	2	6	7	2	2	1	3	2	5	4	5	9	
9	8	7	9	4	3	1	6	5	1	9	10	9	2	5	1	9	3	5	9	3	5	7	7	8	10	5	5	2	7	5	4	1	9	8	7	1	8	5	6	7	6	7	7	5	5	9	7	7	6	
7	4	4	2	3	5	6	8	4	6	3	5	9	5	3	10	6	2	6	2	9	2	2	2	3	8	5	2	1	2	8	4	6	9	1	10	1	5	3	4	4	4	4	8	3	2	7	10	6	7	
5	2	6	7	4	2	8	5	7	6	9	3	6	5	7	3	3	3	3	5	2	1	10	6	2	10	3	8	9	1	10	10	5	2	6	7	6	4	2	4	5	7	8	4	3	8	1	5	7	4	
2	9	9	7	3	2	3	2	4	8	6	9	6	9	1	7	6	8	10	2	5	1	8	3	2	1	10	2	1	9	5	6	2	2	5	4	2	3	8	2	10	1	6	8	5	4	6	6	9	2	
4	1	5	1	2	8	2	10	5	2	3	1	3	4	6	6	3	10	2	4	3	5	4	8	5	4	6	4	7	5	1	3	10	3	1	10	6	3	10	6	10	4	2	10	8	3	5	3	8	1	
4	4	10	4	1	9	6	5	5	9	5	8	9	5	2	6	8	6	2	8	5	8	10	5	5	5	5	8	9	2	3	7	7	5	2	5	9	10	8	8	2	7	9	5	2	2	9	7	3	2	
10	4	2	5	3	6	2	10	3	3	2	6	4	5	6	7	3	10	1	1	10	8	3	7	1	5	3	6	8	6	10	8	9	10	2	5	3	8	9	6	5	10	10	8	3	1	5	5	9	6	
2	5	3	7	1	10	7	9	2	2	7	9	6	10	8	2	2	1	6	6	7	6	8	8	7	4	7	2	1	10	3	8	4	7	1	2	5	4	8	3	3	8	8	9	1	6	8	8	4	4	
6	10	3	7	8	2	8	4	6	9	5	8	2	9	4	8	5	4	10	7	3	9	9	3	3	5	5	1	6	1	7	5	1	8	9	7	7	1	9	2	3	8	1	1	1	9	10	3	5	9	
7	8	10	7	2	3	2	10	9	1	1	7	8	4	3	9	4	9	7	7	7	2	1	4	5	10	7	3	4	3	9	9	10	8	3	9	2	5	4	4	1	10	7	3	5	2	7	5	6	4	
7	10	9	1	3	9	4	6	3	1	8	7	4	3	8	10	9	10	2	4	4	7	2	3	8	3	5	3	1	1	2	6	3	5	4	2	8	10	4	5	6	7	6	5	10	8	6	6	6	4	
4	8	10	9	6	10	3	7	7	5	1	1	4	8	4	5	1	6	8	3	6	10	5	9	1	9	8	3	5	2	1	7	7	10	8	5	1	4	1	9	5	8	8	2	3	6	9	1	9	3	
7	1	6	2	5	2	8	1	7	4	9	10	10	10	3	1	8	4	10	3	9	1	5	5	5	5	7	8	4	5	10	9	4	6	4	2	9	2	6	8	1	3	5	2	9	2	8	6	6	2	
8	2	9	5	8	8	6	9	1	9	7	2	10	9	9	6	5	8	3	5	1	1	10	10	7	4	9	9	2	3	5	2	9	10	7	1	10	9	1	4	1	4	4	5	1	10	8	6	1	3	
9	9	6	9	3	3	6	7	4	7	6	1	6	3	4	2	10	6	4	8	1	10	6	10	5	10	6	2	8	6	4	4	7	10	10	10	7	5	5	8	6	6	7	7	3	10	4	8	1	7	
5	8	3	7	7	2	10	9	1	4	1	6	7	2	4	3	3	4	7	6	1	2	4	10	2	5	4	9	6	9	2	5	7	4	6	4	6	3	6	5	7	7	6	7	9	9	2	7	4	9	
5	3	5	6	4	9	6	10	3	8	8	3	3	9	2	5	2	5	1	4	5	2	1	10	7	1	1	1	10	2	3	2	9	2	10	6	3	7	2	7	1	4	8	2	2	5	10	3	10	5	
8	1	6	3	10	5	9	9	3	8	6	2	10	4	7	1	7	6	4	7	9	10	4	8	8	6	10	6	9	7	6	3	3	9	6	9	10	2	10	3	5	9	7	7	8	3	4	6	1	10	
1	2	4	10	3	8	8	8	7	8	5	3	1	8	9	2	1	2	2	1	6	10	10	9	5	1	2	1	9	7	6	2	10	2	10	7	2	8	6	1	6	6	2	7	7	2	4	5	3	2	
3	8	1	4	9	4	8	9	3	5	1	7	8	5	3	6	9	7	10	3	10	6	6	6	10	9	3	5	3	3	5	4	10	7	5	10	6	9	10	2	8	10	2	1	4	6	8	9	1	4	
8	6	4	2	5	2	10	4	9	5	8	3	10	5	7	3	3	5	3	2	1	5	3	5	9	9	4	1	5	3	4	4	10	9	9	7	1	8	1	10	4	3	2	5	8	10	5	10	4	5	
10	4	10	1	9	1	6	1	8	5	2	7	8	9	6	1	5	8	8	6	2	10	5	4	6	10	1	6	10	2	6	5	9	5	2	6	4	9	9	6	10	8	9	1	5	4	3	9	2	5	
7	4	6	4	5	1	8	4	4	7	4	8	2	8	4	2	7	4	4	2	9	10	1	8	5	10	3	6	8	8	9	5	1	5	1	3	7	10	4	5	2	4	10	2	9	6	8	7	6	4	
10	5	5	5	10	10	3	4	4	7	1	6	8	10	2	2	8	9	7	1	3	2	5	4	3	8	6	9	8	9	6	6	2	6	2	2	10	1	5	2	7	9	8	8	5	4	3	2	9	10	
5	8	3	5	5	8	10	6	10	4	6	10	10	4	2	4	3	5	4	8	1	3	3	4	10	9	1	7	5	7	2	7	4	2	6	6	4	3	8	8	8	7	10	2	4	4	5	4	6	10	
7	2	3	2	8	2	3	10	9	8	7	1	10	2	8	8	2	2	10	4	6	3	6	6	8	1	8	1	4	10	5	2	7	1	4	10	2	5	3	4	4	4	8	3	8	8	9	1	2	3	
1	7	2	6	6	9	10	2	1	5	3	10	1	3	8	1	4	2	7	7	7	7	8	4	2	9	7	4	4	3	8	8	8	9	2	1	10	10	2	4	6	10	9	6	10	6	10	9	9	7	
6	5	5	7	10	7	4	7	9	2	1	10	7	9	9	3	10	2	3	3	8	3	6	8	5	7	7	2	9	1	2	10	10	1	1	8	3	1	4	9	4	3	6	9	5	9	8	5	2	10	
3	1	6	7	4	5	5	4	8	7	6	4	2	8	4	4	10	2	6	2	7	4	5	2	7	10	4	2	4	1	2	9	1	3	6	5	7	4	2	9	8	1	4	6	4	5	5	5	9	7	
2	3	4	10	5	10	4	1	9	4	2	6	3	5	3	6	4	8	1	8	4	10	3	7	7	10	4	3	6	7	5	6	1	10	5	9	8	1	1	4	2	7	8	5	5	5	4	7	3	9	
7	8	4	8	4	6	3	3	6	10	3	2	10	3	7	6	3	9	5	7	10	2	4	8	8	1	4	10	9	2	10	9	10	7	2	6	9	10	3	8	2	7	4	8	2	6	5	3	7	5	
9	10	1	7	1	6	5	1	1	4	2	7	5	10	6	5	7	5	9	10	7	3	3	4	9	8	8	3	9	7	3	8	8	4	5	9	3	6	1	8	5	7	2	6	1	2	10	8	4	3	
10	7	9	3	9	6	2	5	7	10	4	9	3	6	4	9	5	7	9	1	9	8	3	7	2	1	1	5	9	7	6	4	1	9	1	5	7	8	5	10	5	9	10	4	8	9	3	1	9	10	
1	6	7	4	3	5	6	3	3	1	2	5	6	7	2	4	7	4	9	5	2	6	5	7	7	10	7	8	1	3	2	4	7	2	2	7	9	6	8	4	9	8	4	8	9	1	9	4	1	8	
7	6	3	1	10	8	9	2	8	5	10	1	4	8	1	5	9	4	4	7	8	2	9	10	1	8	6	6	3	10	2	8	9	7	8	7	9	6	3	8	1	3	8	4	4	8	4	1	4	1	
9	2	1	8	2	1	1	10	10	8	8	10	1	1	7	4	10	3	3	7	1	1	5	5	10	2	6	9	7	5	1	1	4	6	2	8	6	3	9	6	8	3	4	3	6	7	9	9	5	6	
2	7	7	3	8	7	7	8	3	10	7	3	1	9	9	5	1	9	6	10	9	3	8	2	5	9	5	2	10	4	3	9	1	4	9	8	10	10	9	4	7	4	5	2	7	8	9	10	3	2	
10	3	7	4	10	2	2	1	10	5	6	8	6	5	10	3	3	2	7	2	4	2	6	6	1	7	5	1	5	6	1	10	8	5	3	8	7	6	10	1	6	3	2	6	1	8	5	2	6	2	
7	8	8	3	1	10	4	1	6	4	4	8	1	8	9	6	2	2	5	9	1	8	4	8	9	6	4	4	2	5	3	7	8	2	6	5	1	7	1	5	1	1	3	2	10	1	7	4	7	10	
7	9	6	2	4	1	4	4	4	3	8	9	3	9	3	10	6	8	10	1	6	7	1	2	6	8	10	3	1	5	8	4	3	8	2	10	1	9	10	1	8	5	2	7	4	9	8	6	1	7	
8	10	4	6	10	2	9	1	7	10	2	6	8	2	4	4	1	2	3	2	1	9	3	10	3	6	9	3	3	4	7	2	9	2	8	6	8	6	5	1	3	5	9	9	2	9	8	8	10	10	
5	2	5	1	3	1	7	10	3	4	5	3	4	5	7	6	10	5	6	4	2	10	7	6	8	9	2	5	5	9	4	10	2	9	7	3	2	3	3	4	6	5	10	9	9	8	7	7	1	2	
9	2	8	9	3	7	5	3	3	2	5	8	10	2	3	2	5	3	10	7	8	5	1	8	7	2	10	7	9	5	5	8	9	4	8	5	6	7	10	9	2	9	4	9	10	3	10	9	2	2	
6	10	3	10	8	6	10	10	9	3	8	4	7	6	2	10	5	1	1	7	7	1	1	5	6	1	7	1	2	7	3	5	8	10	1	3	5	1	4	6	7	1	10	6	3	9	3	1	9	9	
2	8	2	9	9	8	4	6	8	10	4	8	3	5	7	2	8	4	1	8	7	2	5	7	3	1	2	1	3	1	10	5	8	5	3	2	6	10	2	5	4	5	2	10	6	2	4	10	2	1	
9	8	3	10	4	1	1	3	4	2	3	8	1	3	5	10	1	10	5	4	9	9	6	10	3	4	9	2	6	1	8	7	1	7	6	5	3	4	2	8	5	1	10	5	9	10	10	4	10	10	
6	4	9	3	5	9	4	1	7	9	8	5	1	5	1	10	3	5	2	4	9	6	6	10	5	8	8	4	4	6	10	10	4	1	2	9	5	9	7	8	6	3	2	4	5	5	7	10	4	8	
9	2	7	1	8	6	4	10	3	6	6	5	9	6	2	3	3	9	1	6	2	10	8	2	9	10	9	10	4	4	2	8	10	4	8	10	6	9	1	4	7	2	8	1	5	3	6	8	6	4	
3	4	7	2	5	8	3	9	1	1	9	6	8	1	10	8	3	6	7	1	7	10	6	7	8	2	1	4	3	2	1	1	5	8	4	6	4	9	1	1	4	4	10	7	4	8	9	4	1	4	
9	4	4	10	2	8	9	7	5	10	3	5	9	5	3	5	9	9	6	7	9	3	6	8	7	1	7	6	3	7	9	10	7	9	3	6	9	1	4	3	3	6	10	8	3	3	4	8	4	4	
10	7	4	5	3	1	4	7	5	2	3	7	2	6	10	10	3	7	10	3	9	5	6	10	9	5	7	3	9	7	2	8	7	7	1	9	6	10	3	9	5	2	3	10	10	1	1	7	5	8	
2	6	7	10	10	9	9	9	3	3	8	8	1	6	5	5	5	10	2	7	3	9	5	6	7	1	7	9	5	7	2	7	9	3	2	5	9	1	8	2	4	3	2	5	3	6	3	6	7	3	
6	3	1	10	9	1	6	4	1	9	7	2	6	3	8	6	7	8	5	7	4	2	7	2	4	2	4	5	3	6	9	7	7	9	1	5	2	7	5	4	1	7	6	2	2	6	1	10	5	5	
4	6	1	4	6	6	4	1	1	2	6	6	5	2	3	2	3	10	4	3	8	9	6	3	6	3	3	3	4	2	1	7	4	3	10	3	10	1	1	2	7	1	8	7	7	7	2	1	7	9	
4	7	1	3	5	6	9	9	9	7	3	9	1	3	7	3	10	7	4	2	6	1	7	1	2	5	2	5	6	5	7	10	6	10	7	9	4	10	10	3	8	6	6	3	5	10	4	1	2	10	
3	2	5	8	7	9	1	10	1	2	9	3	4	1	2	6	1	8	7	7	4	9	1	8	1	2	8	3	6	4	3	1	8	9	9	3	5	9	10	5	3	7	7	2	8	6	8	8	1	8	
2	6	2	9	1	9	1	2	3	2	7	4	1	9	6	1	4	3	4	2	2	8	1	1	2	8	9	5	5	1	5	7	2	10	4	5	7	10	7	4	7	3	7	5	10	2	8	2	3	8	
8	7	9	6	7	5	10	3	8	9	4	7	6	7	7	2	8	9	2	10	7	2	5	3	8	6	9	6	8	5	1	2	6	2	4	9	10	10	6	8	5	1	8	8	4	9	8	3	7	8	
1	4	8	3	4	5	1	6	3	3	7	2	10	4	3	7	7	2	4	10	2	1	2	3	10	5	8	5	2	1	10	5	8	3	8	3	3	3	1	2	7	1	1	7	2	9	6	5	5	4	
1	1	3	6	3	2	10	3	10	1	10	8	10	7	6	5	10	10	8	8	10	7	6	5	9	8	10	10	8	2	10	7	9	9	7	4	1	6	6	5	4	10	3	2	5	6	9	8	5	2	
10	6	4	1	10	4	7	6	9	6	6	1	7	9	2	9	6	2	2	9	2	9	4	7	5	7	3	8	3	1	3	4	9	9	7	6	9	8	8	4	8	2	8	3	6	3	3	2	4	9	
10	4	7	3	10	5	9	9	8	2	7	4	3	10	10	8	7	8	4	3	2	2	7	1	3	7	2	5	7	10	9	3	3	1	8	5	8	7	6	5	7	5	10	3	3	3	2	10	8	1	
8	10	8	1	8	6	4	6	4	9	7	1	5	1	1	4	8	3	6	3	10	8	3	6	8	6	2	9	2	1	10	1	4	8	4	7	9	1	10	8	7	3	2	1	4	10	6	5	8	5	
5	7	5	1	6	4	6	3	1	7	5	9	2	7	3	3	9	6	5	5	5	3	3	9	5	10	7	9	7	1	5	6	6	1	10	8	10	2	6	5	6	6	2	10	9	5	3	3	3	4	
2	7	5	2	4	6	5	9	2	10	5	5	3	6	8	10	8	8	10	6	5	10	3	3	9	5	4	4	6	10	5	5	3	1	1	3	9	2	9	4	8	2	6	4	4	3	7	7	7	10	
4	2	4	1	3	2	2	1	10	1	9	5	9	3	2	3	9	10	8	6	1	1	5	10	9	3	9	3	9	5	7	4	4	6	4	4	4	7	6	10	2	10	9	2	2	8	2	1	8	2	
2	1	2	3	10	7	10	6	8	6	6	10	1	5	5	4	4	8	2	4	5	6	3	3	4	6	9	9	8	9	7	10	5	8	10	3	6	7	1	10	5	6	4	4	5	10	3	7	1	7	
4	8	6	2	8	9	2	2	3	4	7	7	2	5	3	3	1	5	7	10	3	9	6	1	2	1	9	6	3	2	10	10	4	7	9	4	7	9	9	8	3	10	6	3	10	8	7	10	1	4	
10	5	8	4	9	4	9	6	10	5	3	8	6	1	1	4	6	8	8	5	2	10	4	9	3	1	7	8	7	2	6	5	2	10	9	7	5	5	9	4	3	10	8	8	2	10	10	5	5	7	
3	4	4	2	4	10	2	10	1	7	4	3	5	1	3	7	10	8	10	10	10	9	5	9	7	10	4	10	2	8	1	3	3	3	4	6	5	9	4	1	4	10	2	8	8	7	2	3	3	5	
6	9	8	3	7	3	6	1	1	3	9	6	3	10	2	5	5	4	5	6	9	10	6	8	6	9	2	3	9	5	4	7	9	10	1	8	3	5	3	7	9	8	2	5	9	4	8	9	2	10	
1	3	7	2	5	9	5	6	1	7	8	10	10	4	3	10	3	8	9	9	9	10	9	2	4	9	7	7	9	10	2	8	1	9	6	8	6	7	3	4	6	1	7	7	8	3	8	3	1	6	
10	9	4	10	9	9	4	9	5	2	10	9	5	5	3	8	2	8	6	5	1	2	2	2	3	8	7	7	5	10	1	8	7	1	9	9	9	3	7	1	6	3	10	8	10	8	9	8	7	1	
4	1	5	4	8	9	2	7	7	8	6	10	1	6	10	4	3	9	10	3	5	5	1	1	10	6	6	1	10	5	10	2	6	4	3	10	6	2	4	10	8	8	2	10	9	7	6	5	2	1	
6	3	3	4	7	8	3	10	6	2	7	7	5	8	4	10	2	8	6	5	4	3	6	3	8	4	4	8	10	10	8	3	10	10	6	4	4	3	7	1	10	7	9	4	10	3	3	1	1	5	
10	2	4	10	9	4	5	10	5	6	7	6	1	2	7	1	9	3	10	6	6	3	6	8	10	4	9	1	8	1	10	8	10	1	1	6	2	10	1	8	5	3	7	8	7	6	9	10	2	10	
2	10	10	2	3	9	5	1	4	10	9	6	4	8	6	8	9	3	10	2	7	7	10	3	10	7	9	1	3	6	5	10	8	1	10	1	1	10	4	3	5	6	2	1	10	2	6	5	5	9	
4	6	1	4	10	10	5	8	6	5	10	2	1	6	9	6	1	7	7	10	10	8	3	4	5	1	8	7	6	2	4	6	3	1	4	7	3	10	8	9	5	6	1	6	7	1	5	9	1	2	
8	7	1	7	10	6	7	4	9	8	6	5	3	9	9	8	6	6	4	6	7	9	5	10	2	6	1	10	3	4	6	8	7	5	6	8	3	3	7	10	6	5	7	7	9	4	10	2	9	6	
9	1	8	9	5	4	9	2	7	2	5	1	5	6	2	9	9	7	9	5	5	5	5	5	9	4	7	4	4	5	9	10	9	10	10	8	8	6	7	1	3	1	1	10	5	3	2	7	2	9	
8	6	2	4	4	1	1	2	4	8	3	7	5	1	9	5	4	10	9	5	3	10	7	3	9	1	7	8	3	2	10	9	10	2	4	4	2	5	8	6	7	9	2	8	1	6	6	8	9	3	
2	5	5	8	9	3	2	2	10	5	3	3	5	5	6	1	4	3	10	4	5	3	2	1	6	7	4	9	5	7	9	5	6	9	5	6	5	9	2	1	9	10	5	5	4	3	9	7	7	7	
2	10	8	7	8	7	5	9	5	7	2	6	9	4	4	4	9	6	4	8	1	10	8	4	3	1	7	7	1	10	2	9	1	7	8	10	10	4	5	9	9	2	9	8	4	3	10	9	8	1	

Stepup times between family, where [f][f] represents initial setup time
On machine	1
77	3	58	55	19	87	35	86	8	36	93	65	36	76	100	17	74	29	53	11	
82	100	84	54	2	86	94	37	1	53	87	92	61	81	67	66	63	46	79	38	
72	49	81	11	76	82	25	69	45	90	11	39	83	8	73	3	36	60	69	16	
71	40	25	85	14	81	59	53	11	19	6	69	52	98	78	18	21	32	88	84	
70	95	82	60	31	75	8	68	76	90	60	71	96	88	11	51	9	17	41	76	
18	2	13	56	41	75	27	44	50	29	20	20	71	24	83	61	17	10	70	50	
43	40	4	28	48	36	30	23	62	60	63	38	83	10	23	43	36	24	4	16	
84	51	5	22	100	82	22	76	96	3	4	1	54	12	4	93	37	75	29	22	
87	1	98	20	22	94	24	86	80	15	34	95	62	97	70	55	52	84	72	72	
94	32	29	81	41	93	3	83	63	16	80	12	24	94	50	56	79	24	6	66	
18	59	89	23	49	73	44	20	72	12	54	82	11	34	8	7	56	92	58	8	
16	88	86	31	67	13	14	31	72	90	72	14	24	44	44	73	64	42	30	14	
84	58	41	14	80	95	6	10	43	67	96	85	28	31	76	85	23	10	28	67	
30	70	100	59	97	31	26	53	69	30	48	63	25	76	51	69	2	17	18	86	
9	71	71	50	11	89	85	28	69	25	64	75	8	88	20	78	82	8	9	4	
2	68	53	42	5	42	59	54	26	10	53	44	97	81	41	30	90	8	20	19	
13	80	93	25	6	20	34	81	39	4	71	23	49	97	58	56	9	71	97	34	
5	19	74	100	64	21	26	75	48	38	99	32	42	19	57	53	97	45	5	8	
37	65	7	80	17	8	37	96	25	5	22	37	57	98	7	84	52	44	45	59	
34	32	44	42	27	20	12	64	48	43	36	26	90	12	53	73	5	5	92	20	
On machine	2
47	37	42	30	21	60	19	65	8	69	81	14	47	94	4	11	78	78	45	26	
92	45	22	15	13	77	62	35	34	81	10	57	27	11	41	24	75	58	13	69	
92	24	30	71	13	87	85	38	78	68	4	48	25	39	9	12	56	95	20	57	
54	35	64	9	7	86	2	44	65	7	87	52	1	37	1	23	64	64	71	43	
8	41	98	86	43	31	1	76	93	9	18	52	93	36	57	6	11	76	46	34	
16	49	87	56	98	8	79	74	49	38	13	69	35	35	64	42	77	10	38	26	
24	29	6	81	40	46	4	91	83	80	34	79	83	68	64	4	50	30	22	8	
88	70	16	48	18	96	49	33	18	32	62	68	4	39	28	16	87	57	23	86	
8	9	53	96	27	57	72	96	77	90	35	46	46	60	75	35	3	98	23	17	
84	24	84	43	72	53	70	6	56	97	11	33	42	26	9	34	47	30	1	5	
82	26	97	64	35	56	87	64	14	31	94	63	33	21	7	42	19	49	43	24	
8	36	5	38	27	95	23	84	22	73	43	93	7	57	94	84	84	27	52	93	
20	65	63	93	70	17	54	26	80	69	34	73	14	52	69	4	98	28	37	6	
25	22	99	34	100	39	3	21	37	31	89	67	28	48	18	30	6	50	69	7	
63	39	71	12	62	43	100	21	94	26	5	61	78	58	67	48	17	64	35	78	
68	32	52	9	32	77	32	63	4	84	47	78	74	55	72	59	88	9	97	88	
29	89	35	61	48	17	81	83	76	12	90	52	95	47	37	32	50	35	52	42	
55	47	80	71	16	61	90	73	81	3	20	14	26	94	31	86	30	47	87	87	
56	58	32	7	22	35	36	10	36	76	51	12	77	82	66	35	3	29	100	35	
73	49	13	79	36	7	92	31	4	45	88	34	9	39	52	54	56	46	49	18	
On machine	3
42	49	49	54	65	99	5	68	35	15	59	5	96	38	16	11	75	28	89	35	
79	5	25	76	91	71	96	24	8	29	41	98	8	71	95	15	65	49	5	35	
23	93	27	7	26	18	32	19	21	39	76	67	42	13	30	92	38	95	24	70	
45	46	71	97	4	12	77	12	45	26	27	100	62	15	25	75	16	40	69	47	
31	47	34	42	23	96	65	9	66	78	7	91	10	19	63	52	22	85	21	26	
88	82	9	84	61	1	86	97	43	18	50	53	51	87	15	50	1	82	91	78	
25	4	30	33	62	85	62	70	24	12	85	85	40	72	72	35	97	63	19	66	
79	95	74	95	83	59	51	86	42	83	26	61	82	31	26	81	45	67	10	56	
41	93	13	74	41	94	100	17	63	14	16	74	7	11	71	63	53	75	31	44	
97	49	96	82	13	82	30	41	47	75	91	80	70	44	94	16	76	53	14	5	
35	86	21	78	84	57	46	26	99	25	20	42	77	90	21	28	17	79	94	73	
94	81	25	68	60	79	5	24	38	18	84	46	47	27	31	84	77	14	46	37	
19	20	51	26	25	17	73	80	12	76	10	42	60	98	38	91	27	79	87	53	
24	88	51	65	19	49	79	36	46	64	39	33	44	45	1	3	10	7	44	93	
77	93	18	54	5	92	71	89	2	21	39	47	59	96	91	10	34	82	85	28	
18	9	25	92	12	27	15	66	38	86	100	75	27	70	30	78	79	85	60	7	
80	94	97	94	55	53	8	66	84	68	55	26	12	4	16	15	76	11	1	79	
23	81	52	23	28	46	4	55	74	4	78	50	17	6	8	91	11	70	71	39	
74	45	74	35	44	55	17	40	11	18	70	16	5	25	41	74	89	2	43	10	
56	97	83	35	30	14	37	78	22	10	43	51	36	35	25	74	83	14	74	76	
On machine	4
32	52	47	19	90	67	21	74	26	31	68	32	68	20	55	93	68	63	81	100	
28	90	92	61	59	55	33	79	1	84	57	43	32	40	71	100	33	76	22	9	
81	1	91	7	24	1	99	16	40	4	43	6	77	14	25	91	53	97	20	23	
77	72	78	3	83	27	59	28	50	9	82	48	17	58	22	62	31	98	38	99	
57	11	43	14	56	89	81	5	58	55	76	46	68	75	52	20	24	12	77	96	
81	25	13	33	79	78	2	70	37	10	84	78	34	34	28	40	67	4	31	100	
51	83	55	1	39	84	60	24	20	55	79	67	22	69	80	32	50	100	64	72	
71	68	14	82	50	76	19	2	20	92	97	76	100	98	36	91	88	84	54	33	
33	79	25	67	73	100	58	81	82	74	80	71	64	88	24	3	56	43	87	52	
87	35	16	37	23	85	66	16	2	90	22	42	52	54	10	40	6	37	60	38	
82	53	70	38	47	82	13	95	37	84	1	93	93	13	90	59	26	37	25	26	
86	46	98	66	89	100	38	19	64	73	8	41	52	24	73	17	31	75	72	44	
18	57	36	22	35	47	43	63	26	94	45	92	55	30	65	11	60	92	25	7	
7	33	57	66	2	16	93	12	1	50	44	51	51	11	3	4	84	10	16	33	
24	3	50	21	4	99	40	96	42	90	60	68	51	28	79	54	57	50	21	35	
49	10	84	28	29	8	9	12	90	69	64	20	70	51	20	73	93	66	29	24	
8	37	52	11	77	40	98	35	61	51	79	13	36	19	18	41	9	55	49	6	
62	61	87	99	2	27	79	17	25	89	64	24	80	68	84	51	12	17	86	95	
48	4	43	52	39	18	69	21	46	3	2	82	77	23	69	66	68	23	67	46	
13	54	40	66	4	83	7	86	50	9	50	55	80	4	6	55	48	70	84	45	
On machine	5
43	33	18	27	13	47	55	51	45	5	74	60	45	100	5	18	95	70	53	94	
77	89	79	43	53	12	59	77	72	78	39	84	64	23	15	99	65	36	66	78	
72	8	46	100	62	22	96	31	64	64	44	10	88	19	86	27	34	74	76	95	
85	53	79	61	60	28	27	27	26	10	24	57	82	67	85	67	67	36	16	4	
14	45	15	51	95	87	47	45	52	22	91	55	97	42	81	33	23	76	46	98	
28	98	89	75	1	40	75	85	13	99	95	94	60	91	46	26	20	33	59	66	
62	49	23	46	17	27	25	28	97	54	24	13	40	83	71	95	24	18	92	93	
39	66	82	37	78	99	23	45	22	98	4	66	50	48	95	69	72	9	1	63	
95	45	12	16	11	98	13	91	7	52	84	14	5	18	51	43	43	16	59	96	
81	14	66	65	30	39	61	12	26	13	62	15	54	57	91	34	5	44	9	39	
17	100	32	12	22	54	57	37	45	46	86	58	26	72	73	95	66	65	72	38	
77	36	23	44	44	40	91	43	54	51	25	52	57	9	70	2	56	66	47	91	
33	45	70	23	83	28	2	31	28	47	13	56	21	67	99	17	97	68	1	99	
42	54	3	61	32	1	45	93	95	91	30	24	85	70	51	98	98	38	62	17	
22	64	6	97	5	67	32	100	6	96	65	64	71	29	47	69	45	99	28	61	
53	64	30	26	3	70	70	10	91	52	99	14	18	17	98	18	24	26	71	25	
62	11	95	49	44	3	37	16	54	11	4	55	56	37	21	25	26	5	76	21	
13	30	3	66	42	79	19	49	84	89	18	63	76	7	28	22	80	76	38	74	
90	39	28	13	64	38	82	65	45	42	40	32	14	100	28	29	80	82	54	8	
16	36	85	61	97	30	34	67	93	44	70	78	52	34	75	76	35	77	55	35	
On machine	6
87	53	35	59	81	28	14	70	71	26	84	73	37	85	99	9	64	26	8	98	
66	69	67	38	66	16	27	11	14	20	24	39	6	65	37	13	34	61	33	90	
37	2	12	72	41	73	5	54	96	4	66	81	17	90	30	50	42	48	64	77	
4	35	61	42	100	61	48	82	21	53	37	41	58	27	2	67	86	53	33	45	
65	60	33	33	42	95	31	27	98	5	10	38	88	41	11	65	43	3	95	84	
31	7	54	7	56	78	64	75	12	2	99	73	88	97	37	99	25	52	14	3	
28	97	55	34	32	37	97	62	37	63	79	25	2	44	85	94	37	71	65	99	
24	60	97	25	51	40	65	10	92	20	35	20	26	48	41	92	58	98	14	21	
65	48	49	99	45	97	49	4	36	39	8	45	23	47	68	97	26	35	72	25	
75	51	4	17	76	61	65	95	8	60	52	73	6	72	24	2	66	33	50	31	
100	57	49	87	84	58	82	20	99	98	34	31	68	77	64	26	20	82	40	75	
9	62	95	75	64	21	76	16	73	32	23	24	46	49	40	68	95	43	29	30	
25	55	55	1	55	5	90	27	32	63	19	73	32	4	55	3	67	17	74	12	
28	33	27	68	6	53	24	31	49	62	88	15	19	75	60	15	82	58	36	62	
84	60	81	16	62	27	66	58	54	11	12	38	76	45	11	69	7	75	99	17	
65	25	85	46	1	7	66	56	4	94	81	52	100	9	36	66	16	86	26	83	
40	2	36	96	11	49	59	69	61	34	42	17	91	11	95	31	100	78	3	90	
88	46	63	92	63	3	47	17	46	28	85	28	67	92	51	30	29	11	61	2	
16	6	77	75	55	69	84	65	7	61	37	51	78	65	50	82	37	67	60	12	
8	15	9	32	64	35	44	11	29	69	48	74	3	56	5	94	69	25	72	86	
On machine	7
15	4	33	49	25	7	21	17	43	25	2	7	22	64	78	94	53	67	69	55	
33	68	83	63	40	34	73	95	8	99	91	44	66	97	14	22	79	35	9	48	
77	11	84	15	66	9	1	44	56	48	93	93	21	33	78	17	75	17	96	45	
81	93	68	52	70	80	20	52	40	45	60	83	50	2	39	76	99	4	33	46	
15	77	53	99	39	6	98	4	96	86	58	42	18	6	51	65	64	29	90	63	
64	57	6	35	33	9	88	9	30	1	15	53	76	24	95	6	2	91	40	75	
71	59	63	34	94	36	2	73	1	27	29	36	45	87	5	28	49	89	24	24	
69	9	13	95	14	51	74	82	61	90	40	91	16	59	38	9	31	27	9	23	
83	55	36	38	6	70	68	44	60	14	9	13	34	26	38	11	86	51	4	91	
89	67	7	2	42	100	78	73	24	80	95	75	20	18	3	62	25	8	65	81	
74	32	91	62	80	27	45	79	27	56	47	1	9	12	31	49	25	24	15	66	
94	44	22	37	2	85	7	90	90	27	6	70	16	2	37	73	81	8	66	2	
91	73	72	66	9	98	16	90	64	62	67	12	42	14	6	33	58	91	64	85	
33	46	60	56	99	32	95	54	71	90	25	46	68	75	16	32	25	100	74	11	
39	45	38	80	48	98	25	16	18	91	87	11	54	43	59	36	15	99	22	86	
79	56	86	61	78	70	85	33	7	78	27	83	36	14	66	12	38	31	64	97	
82	29	5	29	39	1	15	25	80	18	84	60	29	32	69	29	96	81	27	71	
16	96	58	45	52	68	50	12	91	27	42	83	95	21	19	63	35	26	25	49	
75	14	8	96	15	95	73	86	32	1	31	43	37	35	78	82	58	48	47	98	
39	99	77	51	9	41	41	7	60	65	32	89	20	31	89	56	88	88	6	47	
On machine	8
18	94	46	21	18	42	18	81	10	98	90	69	7	53	62	4	46	19	79	38	
32	49	66	99	75	86	34	85	14	4	47	23	47	21	69	5	93	50	88	78	
43	33	16	88	50	77	28	60	79	91	63	63	72	100	45	32	26	85	32	25	
41	95	49	49	46	43	79	54	41	17	44	40	89	6	82	37	3	35	3	86	
66	37	79	9	38	84	5	19	40	53	19	7	89	23	98	33	96	80	70	94	
57	59	28	1	90	61	58	59	47	14	92	98	8	13	60	95	22	80	84	32	
1	73	20	32	66	44	62	93	93	73	1	44	25	16	78	52	20	25	100	68	
1	25	92	70	5	77	12	36	23	63	39	84	62	67	34	64	66	29	58	55	
40	70	97	2	33	2	6	53	57	93	33	53	63	7	63	43	59	53	81	34	
39	22	31	40	93	31	52	2	51	53	12	78	93	31	97	19	45	4	90	45	
59	81	58	56	46	83	33	99	77	11	19	86	48	54	82	13	15	81	95	76	
57	68	54	69	19	50	75	27	79	41	63	78	42	64	94	22	11	52	55	63	
39	2	84	73	6	86	88	89	29	56	81	20	56	29	31	89	86	60	81	8	
66	82	31	69	36	18	48	12	80	36	15	39	48	57	100	46	62	10	41	66	
73	15	60	91	53	82	39	7	85	65	46	24	9	75	91	44	65	16	56	61	
2	14	77	47	72	10	1	84	38	41	2	36	70	35	43	32	16	32	9	71	
37	73	74	93	18	82	53	39	64	85	17	87	86	86	93	24	34	53	75	6	
48	15	96	56	49	34	34	24	94	56	63	72	48	65	4	100	50	32	57	83	
54	64	32	57	42	6	35	14	95	59	82	66	29	75	68	63	80	30	98	71	
51	50	95	55	94	91	21	99	68	8	66	90	79	81	29	20	20	32	57	39	
On machine	9
14	81	67	54	95	77	77	53	5	46	80	71	86	36	58	47	8	90	21	66	
12	63	39	95	70	82	15	26	35	16	87	19	77	55	25	67	75	80	17	49	
89	3	77	29	43	82	7	25	47	74	42	30	51	46	92	43	78	78	96	9	
87	22	52	20	6	2	97	11	86	85	69	34	58	98	92	81	10	72	32	80	
44	79	83	33	50	28	87	40	32	76	24	24	54	91	96	20	41	9	5	70	
32	91	79	97	79	78	8	92	77	85	25	58	29	70	54	52	7	76	83	85	
51	95	50	64	45	12	29	22	51	32	53	39	64	82	51	56	41	30	83	15	
85	28	18	9	19	35	57	100	81	96	55	79	50	92	40	47	12	92	22	48	
61	7	55	84	84	32	24	86	86	5	22	33	41	82	38	61	26	27	4	12	
77	93	64	16	66	19	73	71	28	7	88	94	65	16	11	28	60	39	19	75	
67	75	38	35	23	41	56	42	78	99	84	86	15	73	4	17	51	83	68	52	
86	1	98	93	50	91	23	55	95	35	97	32	79	57	99	94	12	21	87	61	
58	64	23	98	28	46	5	5	32	51	58	26	67	83	42	89	98	74	41	75	
28	47	13	6	9	18	93	11	35	12	89	31	27	23	12	92	95	72	36	70	
9	32	48	21	10	98	52	77	53	35	64	88	67	38	57	35	48	89	39	70	
8	22	29	55	58	96	49	66	25	24	4	48	66	78	64	24	67	15	95	75	
92	3	74	39	69	95	4	40	29	94	64	75	35	24	72	80	8	48	85	96	
20	31	22	24	65	6	16	40	94	90	92	18	99	50	10	50	14	2	45	60	
44	25	82	67	24	77	71	70	90	38	6	8	39	47	83	78	25	22	84	21	
90	46	21	90	75	34	78	96	71	40	76	77	64	20	6	60	23	38	20	32	
On machine	10
35	44	10	51	69	75	35	93	15	79	53	1	27	20	75	52	48	22	80	24	
64	40	98	26	35	56	19	41	35	28	42	37	22	1	77	31	2	4	98	40	
63	87	37	51	64	17	57	7	7	99	19	91	21	87	60	47	66	91	51	36	
80	93	34	8	50	58	80	29	52	49	57	100	37	85	61	94	100	56	3	77	
32	57	31	75	36	81	5	4	52	42	87	82	94	62	18	26	55	78	69	10	
87	71	49	86	54	49	76	6	55	21	59	89	19	1	28	41	58	14	99	23	
74	74	73	47	23	79	1	6	94	80	47	14	80	72	88	32	93	12	33	100	
11	39	69	60	2	53	47	93	21	9	17	81	93	14	73	5	22	80	26	46	
38	47	85	18	84	29	56	20	60	90	70	8	21	41	82	23	1	94	52	73	
23	16	44	75	94	18	26	54	74	56	24	42	35	55	75	22	18	91	76	19	
83	30	52	38	87	69	63	48	21	21	78	91	60	65	4	85	23	70	2	80	
87	46	70	41	51	50	35	22	37	25	33	64	88	36	42	5	5	27	37	81	
1	58	84	6	78	23	87	40	60	71	3	94	73	54	87	65	96	22	48	58	
4	68	96	56	4	90	74	28	41	2	5	84	9	88	26	68	92	32	1	41	
94	83	55	93	30	25	42	55	57	79	77	34	36	64	18	20	99	17	92	19	
57	95	50	87	67	45	18	62	94	72	45	75	15	25	58	54	16	86	5	98	
61	25	17	52	20	58	88	78	89	1	53	63	37	48	20	36	98	14	43	4	
47	25	35	7	87	60	29	57	62	60	14	93	81	17	67	64	47	36	29	91	
33	34	92	2	31	82	76	31	74	11	82	17	5	27	53	95	2	74	4	66	
1	18	62	81	47	10	35	91	72	60	17	81	2	97	22	59	51	11	44	45	
On machine	11
99	96	90	5	43	60	24	73	47	88	70	49	72	61	46	22	99	58	47	57	
12	55	23	55	39	16	14	90	10	98	59	70	76	80	63	39	42	44	41	61	
39	4	42	17	23	39	59	4	16	84	80	4	22	39	47	6	75	79	87	76	
21	29	34	23	75	91	74	99	38	50	76	29	58	36	98	43	100	64	7	49	
25	8	100	7	75	11	32	41	40	24	78	31	84	7	71	90	61	34	39	88	
69	28	61	33	33	16	22	92	49	53	42	3	43	11	57	7	13	87	40	38	
99	41	55	41	97	14	73	92	44	92	77	30	94	30	4	66	49	70	50	71	
9	14	6	70	87	45	81	57	76	85	40	75	58	33	28	18	47	87	39	77	
53	67	34	16	30	90	17	73	5	13	24	89	20	64	20	3	53	57	31	9	
80	93	18	5	14	52	91	44	31	48	7	4	77	14	87	29	58	37	59	38	
11	30	36	9	66	10	13	48	44	12	55	5	29	37	4	54	99	64	23	67	
4	5	47	21	26	23	81	40	50	59	75	7	20	84	62	54	33	83	38	70	
11	77	39	46	6	20	71	14	49	32	55	59	52	84	89	87	14	62	52	1	
25	68	75	14	52	84	18	83	45	85	24	16	8	69	17	59	43	73	63	63	
91	92	53	59	94	98	20	75	68	3	57	56	49	35	99	56	7	81	95	58	
39	10	10	52	30	87	88	21	16	75	54	55	60	92	13	32	33	46	19	97	
80	41	20	30	82	38	32	92	37	87	73	18	69	53	83	25	50	29	50	33	
46	98	59	35	5	45	89	57	89	44	34	84	67	6	44	9	86	45	74	91	
15	28	34	30	91	10	14	27	81	21	85	48	92	10	71	7	29	28	90	58	
90	5	40	62	40	45	95	2	50	70	70	76	38	87	68	8	9	70	98	13	
On machine	12
52	16	35	62	25	55	2	49	53	49	91	17	35	60	48	87	40	64	98	13	
18	70	50	59	4	75	19	37	17	59	22	46	78	11	85	27	28	5	82	46	
28	89	85	18	93	39	18	67	91	71	26	64	86	54	49	79	96	46	55	4	
32	90	63	57	7	44	12	74	42	39	87	41	61	44	66	80	47	91	69	54	
63	79	82	86	38	53	74	97	4	49	89	40	93	30	18	60	42	62	93	16	
89	49	97	36	12	72	12	76	23	16	60	52	63	1	12	71	13	27	65	30	
49	48	16	49	44	28	84	61	54	63	63	21	43	99	7	38	87	51	37	26	
72	23	89	46	24	40	85	35	8	7	7	81	75	72	59	78	72	78	42	59	
99	54	72	51	44	55	6	50	97	19	30	50	80	100	93	99	42	19	34	45	
26	49	15	22	79	14	51	80	85	58	24	56	37	47	59	77	31	98	33	98	
86	3	12	88	94	88	16	21	80	34	17	10	94	88	57	81	97	4	7	9	
67	46	39	35	48	38	24	61	11	47	12	73	77	39	71	49	35	57	32	22	
56	42	12	28	96	40	1	49	1	42	89	9	13	17	58	88	5	96	44	65	
71	66	10	34	62	63	54	45	35	93	27	34	9	37	91	79	80	58	95	87	
69	65	64	76	83	27	53	3	97	98	59	97	93	17	36	76	43	79	34	75	
23	38	25	15	57	48	81	35	94	22	73	97	22	13	17	44	43	16	82	45	
12	3	99	46	15	3	85	75	46	30	57	92	25	56	97	30	67	75	64	50	
65	32	2	69	20	77	7	43	67	97	6	39	21	57	92	10	15	59	86	46	
80	33	15	68	62	5	30	26	6	24	73	62	74	28	19	44	5	53	4	50	
58	65	1	42	69	48	92	58	21	76	56	84	90	49	65	60	15	79	27	42	
On machine	13
37	98	16	2	15	95	75	18	28	24	90	3	7	15	96	34	67	81	54	82	
20	46	55	1	32	42	37	90	50	32	82	33	87	43	92	30	57	15	30	19	
46	28	4	65	11	66	53	7	12	36	73	10	23	81	49	22	72	26	20	19	
24	97	84	44	98	62	88	33	40	50	59	91	51	28	91	9	86	86	25	4	
80	66	71	8	16	53	34	94	23	50	22	69	49	42	86	58	97	16	7	11	
14	78	88	70	32	45	74	82	96	66	45	94	91	47	38	76	77	28	7	97	
66	1	93	77	48	63	59	73	47	91	35	44	79	16	30	73	28	28	46	43	
41	78	57	15	41	19	82	35	38	76	26	35	69	64	38	71	97	46	80	59	
19	36	51	36	20	54	90	35	29	54	2	1	45	62	73	41	79	63	81	41	
69	80	89	67	34	74	75	2	2	99	88	37	33	36	44	16	90	45	72	9	
73	64	90	14	55	66	71	36	29	56	42	70	74	14	4	43	36	54	19	31	
12	32	17	24	93	45	39	46	77	66	23	1	76	92	35	62	9	82	45	14	
72	70	76	100	1	77	32	65	69	69	28	55	28	70	43	55	84	31	84	100	
29	64	2	55	65	84	20	10	13	15	74	73	37	19	31	54	46	45	75	26	
76	79	76	65	38	64	92	48	13	10	40	68	63	93	1	59	86	62	34	17	
15	55	3	62	58	58	99	48	10	24	3	50	58	6	92	26	33	100	79	63	
50	93	26	32	95	64	50	91	3	58	87	56	39	33	16	25	7	37	26	90	
99	13	54	75	48	1	37	95	28	37	38	12	30	93	37	73	100	50	22	58	
46	43	70	81	39	24	3	43	20	40	4	93	86	5	79	78	49	74	54	8	
45	28	68	86	59	94	64	78	13	51	34	29	10	41	43	100	44	42	42	87	
On machine	14
53	49	99	35	98	5	64	43	88	23	68	84	27	62	41	1	2	92	48	16	
51	24	86	53	29	24	19	70	77	77	18	17	5	98	71	34	36	75	19	81	
76	50	46	34	65	62	13	38	94	81	63	43	43	69	77	70	88	10	26	29	
97	69	46	38	90	13	89	14	95	10	3	10	35	67	12	40	45	72	69	26	
23	31	16	21	75	3	91	35	47	34	49	80	25	10	9	42	40	45	23	41	
20	25	87	42	36	70	35	88	35	79	86	66	98	10	50	88	86	57	79	55	
72	87	54	17	52	88	44	59	27	89	37	44	11	10	85	52	68	30	60	98	
21	68	79	49	85	62	62	17	73	52	3	73	28	61	84	89	63	63	98	75	
14	2	85	34	14	31	20	86	70	70	23	12	14	32	59	66	80	38	66	69	
14	43	19	37	82	96	7	18	87	37	33	78	21	93	71	97	97	81	90	4	
20	97	24	73	47	14	73	86	53	74	87	8	79	27	90	28	8	30	54	30	
76	60	70	93	59	17	41	20	79	63	47	31	12	12	65	32	66	75	89	27	
18	93	94	99	26	83	51	72	36	5	53	35	8	17	3	89	12	91	78	7	
60	49	91	23	13	55	96	56	88	29	32	10	1	31	69	29	66	12	94	38	
23	43	2	20	90	2	67	42	30	88	66	78	93	18	36	58	30	36	20	82	
8	47	94	52	20	36	94	33	6	26	5	96	27	73	53	7	5	3	89	22	
90	99	45	76	34	10	6	40	34	50	90	67	92	7	44	48	38	8	38	45	
94	8	22	83	61	56	49	10	73	28	66	6	14	91	74	68	17	46	30	99	
23	74	81	14	100	82	61	81	31	3	7	22	82	16	65	44	51	22	98	32	
48	93	17	63	97	33	82	46	68	30	91	7	29	39	20	32	16	96	2	48	
On machine	15
16	75	75	66	53	67	57	45	11	2	43	41	26	63	49	28	51	82	63	100	
49	23	81	18	42	57	25	52	18	14	73	54	51	61	82	41	6	84	42	50	
46	73	70	81	82	22	32	5	28	44	44	7	67	87	100	21	80	82	60	31	
67	86	66	30	4	35	87	6	59	4	100	78	5	59	78	55	33	61	58	72	
51	15	22	24	3	11	70	51	19	29	76	79	4	36	90	37	45	32	70	38	
100	90	65	60	63	36	67	12	77	9	28	25	100	42	12	77	60	26	7	3	
10	81	12	97	43	8	3	6	11	29	6	22	68	30	98	67	7	67	92	71	
43	74	85	55	39	10	85	40	25	31	58	54	41	47	31	100	65	84	29	79	
1	74	48	13	52	14	43	89	77	41	18	7	59	42	6	14	89	64	14	42	
1	40	8	95	81	34	11	51	17	92	95	99	2	45	74	37	66	89	40	69	
67	22	92	8	63	66	36	31	4	71	22	48	31	21	29	41	96	51	55	14	
99	96	36	12	65	60	79	57	60	92	40	30	62	27	6	80	53	37	76	5	
57	88	61	13	90	17	45	100	39	27	97	53	90	83	19	70	37	96	43	96	
43	59	21	43	94	19	65	42	16	94	61	32	60	82	76	36	66	70	91	23	
43	89	56	6	23	71	41	31	44	41	56	51	100	77	18	54	21	34	56	36	
100	20	81	28	12	24	85	83	31	20	7	42	100	27	79	19	79	13	77	49	
36	57	8	35	55	97	63	82	75	24	84	68	75	31	73	35	86	19	5	3	
49	26	26	94	99	16	60	11	84	13	45	83	40	22	55	95	49	24	16	90	
97	30	84	66	60	100	30	29	67	71	69	16	91	84	59	42	57	64	68	24	
63	98	17	46	86	19	29	62	41	10	87	60	34	97	81	68	10	60	22	98	
On machine	16
73	24	75	89	46	5	2	18	14	24	12	19	78	95	64	12	98	85	23	55	
47	75	27	82	30	49	86	40	33	89	75	82	29	64	23	98	91	65	38	99	
61	5	61	91	19	57	68	7	10	54	32	58	95	47	100	33	79	3	18	50	
8	44	29	77	36	57	89	75	71	75	32	55	72	30	46	5	51	48	32	27	
88	73	3	39	51	27	42	91	13	9	66	19	73	76	44	23	70	45	85	52	
95	68	35	26	12	39	87	78	29	81	86	97	19	18	59	31	3	48	83	17	
14	15	68	49	72	86	61	56	53	15	95	26	29	73	39	24	98	89	78	2	
47	71	67	4	94	85	79	65	95	15	21	79	88	1	63	47	29	42	55	20	
64	13	4	39	28	39	26	7	33	43	93	56	36	83	9	39	88	25	49	78	
77	3	5	33	23	74	52	53	9	76	50	14	46	94	99	1	23	64	92	85	
6	87	57	83	26	15	73	94	2	64	16	69	69	83	33	91	82	25	90	11	
67	45	1	2	98	88	25	6	12	48	41	8	62	53	88	90	2	64	40	77	
24	65	28	54	4	67	23	62	70	96	73	89	1	55	35	34	85	84	52	16	
40	56	70	23	5	45	96	49	5	37	31	58	43	31	42	72	60	100	50	99	
38	55	6	35	11	78	76	30	27	39	88	73	32	36	48	65	100	54	34	8	
41	42	87	55	90	12	64	40	31	13	18	72	3	95	5	89	54	18	28	51	
46	69	1	49	53	43	66	92	71	66	66	70	31	33	87	100	59	48	69	88	
31	56	48	34	54	66	86	9	4	70	70	72	56	50	54	74	33	31	57	63	
8	23	51	21	97	24	56	5	30	69	85	62	89	50	42	1	47	72	92	54	
100	68	62	25	83	33	67	96	93	88	8	9	96	15	61	17	49	68	99	34	
On machine	17
61	84	39	39	64	87	53	74	76	10	65	40	73	61	46	11	100	64	6	51	
73	95	94	39	67	33	42	19	92	63	28	24	35	4	65	71	44	27	21	2	
31	25	98	73	99	24	14	71	79	40	2	70	12	32	57	84	9	83	50	98	
31	82	72	38	5	45	42	54	84	67	94	96	100	65	70	15	89	7	83	98	
51	36	78	81	67	100	81	6	66	52	80	12	61	91	97	13	64	34	21	8	
72	40	8	32	83	96	28	63	79	74	97	94	96	72	40	63	58	27	61	47	
64	36	65	15	73	75	94	53	92	14	45	78	31	64	24	80	64	49	92	34	
90	26	68	23	21	77	52	4	53	32	18	91	86	71	38	83	79	4	88	4	
51	3	62	57	35	78	61	3	39	84	67	75	33	56	27	92	33	13	87	46	
61	28	71	1	67	6	84	9	85	50	48	66	50	4	7	79	64	9	77	97	
64	10	15	17	92	49	52	63	76	30	64	35	64	84	52	2	35	32	88	41	
85	47	19	75	62	14	91	65	98	38	45	13	39	88	33	21	28	53	20	67	
50	96	87	65	42	73	17	54	75	70	4	14	82	65	94	45	23	50	72	18	
28	33	78	60	45	82	2	87	8	45	63	80	44	73	82	88	14	68	20	17	
33	58	8	15	1	13	62	21	37	24	6	34	61	58	84	87	54	7	81	40	
85	29	85	40	78	96	79	57	99	85	56	64	36	97	16	93	99	96	57	53	
61	52	72	3	27	55	47	19	60	43	79	91	66	30	81	57	40	65	23	24	
74	88	57	88	8	33	77	56	45	47	77	94	26	12	26	27	26	30	6	34	
47	85	47	93	25	30	52	59	17	12	69	59	41	97	78	7	46	52	23	65	
9	82	67	41	81	43	6	52	93	57	25	64	38	32	56	66	53	22	83	1	
On machine	18
27	80	81	9	30	33	42	23	78	18	36	98	38	72	24	64	91	7	42	75	
8	55	24	12	19	28	64	79	63	51	61	84	6	38	92	99	34	26	17	35	
3	27	15	88	83	59	89	5	33	33	19	73	48	40	95	76	56	51	96	93	
61	17	53	16	2	58	88	31	79	29	95	51	80	96	10	99	7	15	92	96	
99	12	27	1	47	16	73	59	98	32	55	90	64	61	95	37	33	91	92	75	
97	7	22	69	31	84	80	81	27	89	17	31	91	70	48	8	60	40	20	29	
49	68	48	41	12	10	9	25	50	91	78	2	99	10	99	15	93	74	81	56	
80	35	6	69	93	28	87	54	31	97	97	19	50	51	88	5	15	89	86	42	
58	15	18	8	95	90	15	34	57	44	90	50	19	70	80	10	81	20	30	4	
97	15	14	60	7	53	31	52	4	1	28	96	84	55	73	10	85	26	94	83	
71	58	90	84	7	27	7	91	95	73	18	53	77	92	25	71	96	50	9	55	
87	16	74	56	33	90	41	79	70	20	86	53	38	83	87	40	18	70	95	10	
61	82	44	30	30	74	49	10	63	95	67	59	9	50	21	5	5	24	82	53	
41	91	7	24	6	16	81	98	74	18	13	99	62	77	37	46	97	77	99	62	
42	50	52	54	85	31	32	6	75	24	93	30	50	10	98	9	68	17	90	3	
40	19	78	62	35	37	60	2	57	55	80	74	54	69	85	11	49	37	80	5	
84	14	1	74	95	1	23	30	15	11	76	78	83	83	15	79	91	75	6	80	
32	36	35	13	68	40	14	11	92	97	53	8	59	55	73	91	94	80	97	76	
12	8	99	7	50	96	50	6	83	41	2	8	42	51	86	13	60	14	20	19	
10	83	91	83	19	27	33	76	59	26	87	5	85	88	43	48	83	18	68	73	
On machine	19
69	47	96	99	68	14	53	24	57	67	45	23	66	61	70	19	58	14	47	1	
100	3	83	61	43	25	88	36	25	10	23	9	52	85	10	56	92	66	89	60	
35	100	19	28	85	67	65	69	77	5	27	13	56	90	41	77	51	32	20	17	
68	22	63	89	69	93	88	95	52	58	4	61	8	36	68	52	100	9	47	79	
48	33	91	75	17	81	64	51	90	15	90	13	56	57	49	72	18	31	9	73	
82	29	81	45	84	29	60	9	53	12	53	69	71	19	63	77	90	15	4	90	
69	47	1	7	19	14	34	26	69	64	81	6	97	51	23	26	97	20	85	35	
2	12	100	28	83	74	14	82	38	46	14	35	69	4	28	66	28	21	79	25	
97	64	54	45	31	43	50	29	76	97	53	34	32	33	8	67	66	10	80	10	
41	52	71	24	28	76	5	59	49	76	64	82	38	17	61	7	15	82	98	35	
35	39	75	55	40	36	7	51	76	21	79	99	80	2	69	21	35	31	20	86	
3	84	60	58	73	1	28	56	72	2	90	48	21	46	1	3	3	14	22	21	
100	31	6	27	86	85	3	6	93	77	38	43	39	39	21	92	61	86	33	23	
10	10	94	95	36	7	93	4	99	83	52	45	89	34	12	32	38	16	36	28	
78	56	3	39	99	31	99	59	36	84	31	1	29	52	53	18	59	46	36	13	
39	48	28	31	33	83	7	41	37	95	42	26	39	88	36	45	45	53	70	90	
44	79	22	33	20	98	94	71	26	54	97	100	22	10	63	50	59	92	40	28	
50	12	65	62	19	100	23	44	2	17	52	23	76	2	83	75	89	79	82	90	
11	76	53	20	33	31	94	2	73	15	96	34	76	88	91	9	70	46	78	90	
5	99	29	60	100	59	43	78	63	70	58	53	41	2	34	3	65	9	4	78	
On machine	20
80	3	71	67	26	37	14	57	62	68	16	75	7	63	40	68	72	24	75	16	
79	3	83	23	72	70	19	6	77	73	72	30	91	13	4	76	48	72	7	28	
77	59	37	15	38	98	100	89	31	40	80	70	48	12	68	67	45	47	49	62	
29	12	63	58	11	21	51	61	100	93	7	18	100	34	16	76	94	34	69	78	
68	36	36	15	5	27	30	50	46	11	13	78	57	53	95	47	64	48	65	11	
7	3	78	34	73	77	74	78	55	28	69	42	68	48	60	65	66	98	57	52	
28	5	26	72	99	1	19	44	38	15	76	73	6	23	46	95	16	43	54	41	
5	44	34	12	89	83	56	64	42	100	74	76	5	46	76	25	4	34	7	63	
37	40	75	94	53	63	84	16	44	94	56	58	58	48	25	50	89	73	53	60	
30	73	90	48	47	3	15	3	80	97	95	21	26	37	44	22	83	53	67	51	
50	16	65	13	50	11	87	63	21	72	12	49	96	20	19	17	30	55	53	67	
24	79	41	47	73	23	71	18	42	55	65	79	47	18	52	11	46	39	29	32	
10	63	70	52	93	6	63	8	28	22	63	21	73	21	89	41	85	48	12	60	
21	36	30	62	64	67	2	5	27	8	51	16	54	91	4	21	69	58	21	98	
28	56	39	45	70	57	12	40	44	96	66	99	46	38	48	73	20	64	37	71	
77	3	87	45	55	72	50	37	76	92	55	55	58	30	16	93	83	27	35	70	
56	21	85	33	19	77	73	99	86	64	48	22	27	50	79	89	25	41	59	1	
41	18	19	44	11	79	88	72	76	37	57	14	98	86	77	79	98	39	29	71	
11	36	66	24	12	6	100	33	14	14	78	20	56	74	30	46	15	36	99	18	
23	81	22	30	96	79	26	46	87	51	78	100	78	17	95	7	47	65	50	59	
On machine	21
48	85	76	96	72	39	18	92	31	3	82	11	68	11	18	65	87	28	52	47	
31	54	13	7	91	59	18	55	78	64	65	5	90	12	17	37	11	67	26	43	
89	45	87	80	19	69	73	61	76	59	75	20	65	35	36	95	45	69	47	1	
67	49	51	23	36	51	27	14	58	8	60	25	94	34	77	55	64	18	8	31	
80	83	32	40	26	38	26	89	20	63	32	42	88	20	68	58	28	90	87	93	
68	72	11	71	33	19	30	59	21	29	86	67	20	74	27	90	31	10	89	17	
39	67	1	78	9	28	59	15	23	60	99	81	83	23	77	84	70	8	63	13	
8	71	1	35	29	50	95	67	1	82	99	8	32	21	15	76	98	55	29	100	
35	68	13	9	72	24	48	74	7	13	65	11	36	89	76	89	91	97	66	39	
89	89	89	80	12	97	73	26	50	99	15	79	19	80	75	40	1	30	27	67	
20	72	45	24	26	3	12	9	38	76	64	97	85	77	35	54	64	75	8	33	
76	18	86	66	33	85	51	42	96	19	7	77	33	10	74	8	59	25	43	34	
37	31	48	50	66	31	37	15	11	41	16	59	5	12	86	94	57	11	45	6	
2	8	37	79	74	16	95	55	47	75	49	31	90	58	56	74	100	53	8	35	
15	41	51	26	80	6	54	21	95	71	4	59	55	38	80	95	8	11	54	99	
79	52	29	74	17	55	39	43	52	93	100	3	35	82	99	69	84	96	71	29	
98	71	3	91	62	55	28	62	93	32	88	89	29	6	43	8	39	92	37	33	
32	35	26	11	73	49	97	97	74	57	14	84	64	55	17	49	46	99	78	3	
71	93	37	46	1	31	61	9	68	85	47	4	74	6	8	26	26	85	46	60	
11	25	60	92	99	98	70	25	57	12	63	43	72	80	85	55	39	62	52	99	
On machine	22
59	39	65	67	95	14	82	52	51	3	16	99	12	56	24	38	71	67	90	51	
71	29	77	56	68	61	83	82	100	14	90	85	60	30	87	21	23	6	100	3	
52	49	73	55	10	94	41	34	28	62	91	55	51	24	26	81	21	81	78	73	
52	62	61	86	60	59	92	12	97	77	45	53	53	16	1	39	25	91	99	63	
75	29	9	59	96	93	46	21	43	84	55	12	5	36	68	35	33	6	7	99	
95	4	30	72	1	5	64	31	69	26	97	67	45	98	63	29	64	39	17	63	
25	19	83	59	4	42	31	65	30	67	39	7	89	19	4	41	38	88	6	60	
57	5	17	61	54	40	49	76	97	91	36	10	16	53	14	55	60	74	84	78	
63	79	39	86	1	80	52	2	99	71	34	56	49	63	82	72	60	93	37	79	
45	83	68	26	47	96	8	19	94	10	59	67	99	80	18	94	96	71	29	59	
12	96	31	49	94	100	69	20	26	52	39	99	73	8	99	42	74	2	40	75	
78	63	12	20	16	100	92	85	97	1	75	18	47	56	41	66	57	3	97	62	
81	73	26	46	8	42	68	81	80	3	64	12	14	96	26	58	35	17	79	18	
34	44	86	100	21	29	86	33	65	9	17	13	67	21	79	45	85	12	32	63	
71	31	39	9	52	42	38	91	85	73	99	64	25	76	64	86	68	1	38	91	
2	96	29	3	33	42	68	21	98	48	26	25	92	68	84	54	51	49	77	86	
71	15	97	47	85	72	79	5	4	92	28	53	63	28	15	92	97	49	29	6	
85	60	51	10	51	33	22	84	16	35	70	7	52	7	72	25	69	24	60	45	
31	21	39	11	6	90	95	75	61	71	20	39	81	2	54	32	71	34	95	52	
16	85	59	11	61	46	27	21	98	72	27	51	57	77	46	48	33	58	10	18	
On machine	23
73	98	23	32	79	87	100	40	74	35	36	24	45	89	74	80	77	2	12	10	
34	20	90	47	46	79	85	47	80	7	8	11	26	54	40	27	54	14	50	8	
21	31	72	63	26	59	66	68	37	96	12	96	41	49	12	88	87	17	44	81	
26	51	76	28	85	100	77	66	3	37	79	38	67	72	5	53	78	44	4	40	
50	49	56	42	84	92	93	99	97	9	60	3	8	3	91	40	95	99	37	54	
20	72	56	26	74	90	6	86	46	34	67	75	6	2	60	97	37	51	47	52	
73	33	38	99	98	35	48	80	65	94	47	59	88	56	43	68	88	45	90	31	
60	35	69	53	68	86	58	63	88	6	17	16	81	96	93	79	60	85	27	81	
91	35	27	22	19	26	58	6	4	11	99	76	11	19	33	62	38	63	10	22	
50	25	38	98	98	30	35	54	71	95	36	13	60	98	54	41	84	86	65	47	
13	25	5	37	29	13	57	94	68	70	36	25	79	35	83	47	77	6	11	97	
80	94	13	65	53	30	33	90	49	72	57	68	19	38	89	94	88	11	28	87	
22	84	83	49	66	78	24	17	70	61	57	6	62	98	25	55	54	6	77	45	
55	75	6	91	23	80	55	51	78	30	71	72	37	13	33	6	68	18	1	94	
11	60	47	90	60	63	37	59	16	27	5	54	67	56	42	98	3	44	45	43	
17	31	9	29	40	29	13	79	36	17	59	31	83	46	88	36	87	70	95	2	
43	76	86	54	88	67	17	94	94	56	66	25	31	60	30	84	4	58	94	1	
64	68	98	70	70	24	84	17	32	24	57	43	10	49	82	37	82	31	44	45	
56	92	62	9	3	68	19	47	49	61	73	46	7	55	72	73	54	72	73	79	
92	30	70	52	25	41	99	75	6	90	12	42	68	34	99	59	52	9	68	90	
On machine	24
68	52	56	34	92	58	66	82	63	30	7	19	54	71	12	88	64	38	20	37	
49	58	53	88	14	94	79	29	32	38	15	36	74	69	75	87	18	17	80	68	
56	45	6	80	21	65	39	31	49	20	100	86	25	41	51	78	23	28	30	69	
23	61	81	21	3	70	22	52	74	63	49	79	8	67	54	47	72	91	96	62	
9	80	78	81	23	30	11	44	4	25	51	1	33	98	27	50	85	32	97	23	
40	32	77	4	91	26	14	65	59	41	44	10	78	55	68	80	73	67	5	74	
15	17	12	97	93	24	95	19	16	95	40	25	41	66	99	22	88	18	87	45	
77	47	17	75	27	68	64	52	48	27	22	66	10	44	84	76	27	90	24	95	
62	10	25	69	32	55	80	57	13	33	63	9	54	33	56	75	3	5	42	7	
64	35	95	26	99	91	26	38	43	2	37	73	8	77	39	88	85	1	90	28	
96	54	99	90	78	60	14	83	60	41	89	39	62	93	64	18	11	54	32	37	
17	18	58	74	49	11	89	67	64	44	86	88	65	86	31	82	59	50	9	37	
75	62	4	73	48	89	79	19	12	15	22	18	81	70	39	29	15	76	64	99	
30	69	47	32	67	21	93	50	79	28	91	70	19	27	47	83	45	16	40	50	
55	47	36	17	8	6	64	72	45	31	48	67	6	19	23	95	62	59	3	82	
88	100	72	92	7	57	42	63	56	3	22	61	74	60	49	56	77	52	50	72	
32	14	86	85	36	45	96	68	40	31	42	98	2	88	69	94	18	15	73	50	
72	50	28	31	42	81	91	80	22	15	79	39	61	34	20	48	44	97	66	19	
13	69	88	85	9	81	93	52	69	99	45	88	2	73	51	9	4	26	24	71	
50	47	97	3	49	75	78	88	90	57	29	87	19	74	32	14	46	48	76	84	
On machine	25
59	6	84	36	48	68	68	96	10	56	64	1	94	69	77	2	7	44	77	34	
77	77	20	69	70	98	2	85	52	2	55	79	87	67	90	10	66	76	29	69	
46	50	52	57	27	35	6	77	8	64	100	87	39	66	43	40	57	100	51	71	
33	60	66	55	71	85	31	45	98	23	35	26	25	21	66	84	44	63	85	8	
60	1	47	84	11	87	93	53	52	18	81	86	41	84	80	37	29	63	95	31	
83	74	73	15	26	32	92	82	50	51	30	3	47	92	14	68	53	70	36	2	
89	38	51	34	20	68	93	26	94	88	34	32	61	37	70	64	21	31	98	26	
53	65	2	31	42	54	89	82	28	2	70	29	30	22	86	50	11	39	4	30	
83	52	3	68	9	61	86	13	18	37	64	99	86	5	39	25	17	92	75	32	
28	36	28	51	75	34	35	45	52	79	90	96	73	2	48	29	75	1	89	23	
89	23	31	71	16	75	33	64	92	17	87	22	25	60	97	31	73	98	77	48	
87	39	68	27	27	51	84	54	35	13	4	63	57	33	11	10	45	92	58	95	
51	27	27	55	56	87	23	16	13	30	61	74	80	99	99	17	27	35	93	67	
86	59	75	29	35	13	9	51	67	73	2	11	92	1	66	31	90	49	40	55	
18	83	28	76	44	56	34	74	26	99	35	80	78	3	77	49	41	40	67	9	
71	19	23	51	21	28	69	33	53	34	54	62	42	93	1	51	26	75	14	27	
52	31	67	87	68	12	5	57	52	1	16	43	63	77	11	32	36	11	25	85	
12	14	28	54	36	61	22	7	37	23	59	47	77	36	86	83	100	38	77	74	
63	98	6	88	67	97	76	2	39	80	28	97	19	100	38	9	72	84	63	2	
5	41	9	36	86	92	83	49	47	61	71	37	28	87	14	2	45	74	47	58	
On machine	26
76	78	78	37	39	30	27	87	69	21	97	23	70	21	86	54	78	17	65	42	
68	16	47	61	86	24	43	12	86	93	64	47	78	15	5	72	53	62	98	4	
12	23	5	49	35	53	71	74	48	33	85	52	57	65	68	71	16	92	63	38	
98	42	11	72	14	11	79	67	99	19	97	15	68	14	21	1	79	30	71	67	
44	11	20	43	68	84	7	23	46	5	81	17	31	23	49	73	76	69	49	39	
63	55	50	90	63	16	96	73	81	27	32	68	28	64	93	35	85	67	40	38	
69	48	26	37	20	11	44	28	56	84	51	15	78	45	43	82	57	100	38	13	
25	1	7	16	15	87	92	74	27	61	3	62	23	71	67	74	100	83	82	69	
57	15	65	41	17	82	76	71	82	76	72	85	14	63	78	85	8	63	91	18	
46	19	70	66	63	24	24	54	39	6	33	1	96	88	12	91	66	7	61	47	
86	92	22	77	62	36	43	68	91	62	14	17	15	99	90	27	52	62	14	85	
87	82	91	37	63	58	83	29	1	63	65	60	46	62	20	68	50	79	96	86	
85	42	19	37	90	38	94	15	67	32	6	20	38	25	21	60	18	42	99	48	
39	55	11	82	77	9	34	80	66	62	19	51	6	59	53	48	62	28	46	93	
64	20	62	82	4	71	55	9	77	1	63	7	26	55	50	55	72	92	59	18	
62	26	3	32	68	80	41	28	72	51	94	60	99	42	3	78	25	16	43	45	
4	54	5	56	12	68	33	58	15	90	87	35	88	82	55	61	82	3	40	92	
88	78	92	11	1	31	98	13	13	78	54	58	29	29	83	65	65	70	77	59	
77	56	39	27	60	45	22	45	10	40	62	1	32	33	95	89	22	89	8	69	
18	3	43	21	64	8	4	46	18	57	86	46	78	62	71	36	93	41	92	72	
On machine	27
36	66	47	5	28	92	46	45	13	17	31	69	90	37	77	58	27	71	95	69	
98	66	80	7	36	91	31	79	45	77	91	22	89	60	19	65	8	14	60	81	
76	21	93	70	42	1	8	2	58	36	33	17	43	49	42	65	4	13	58	40	
95	32	39	85	11	96	88	47	67	18	32	44	51	65	32	85	27	7	52	41	
22	45	35	25	46	29	97	46	91	93	72	68	44	34	45	100	22	2	11	66	
85	48	99	44	1	45	74	97	56	43	81	4	96	64	95	25	95	49	36	67	
20	81	55	87	37	24	17	4	90	23	1	8	29	29	42	69	80	26	38	77	
68	97	23	77	68	91	50	47	100	65	91	1	9	80	25	54	24	51	87	19	
97	44	16	77	98	37	34	44	76	30	27	72	79	11	39	1	77	36	87	6	
98	67	72	69	95	69	77	14	96	4	7	17	7	90	71	94	36	40	60	53	
40	52	6	25	59	71	25	46	83	15	44	10	57	100	94	98	87	1	59	84	
65	83	100	55	53	62	9	2	24	6	41	67	54	20	1	41	76	29	76	12	
45	61	81	80	65	28	45	71	65	17	44	20	36	21	68	12	100	20	61	33	
11	76	27	80	44	81	3	37	20	22	30	58	97	30	29	44	56	30	96	15	
25	2	4	78	99	2	48	64	25	24	56	46	72	2	40	98	89	74	4	37	
96	48	41	85	63	24	9	20	56	55	74	56	47	76	30	51	44	47	2	78	
96	60	68	42	2	12	70	59	37	23	72	5	14	40	20	75	1	76	81	59	
74	100	17	67	52	29	85	46	52	12	75	90	16	2	14	73	3	42	36	94	
86	33	43	29	15	96	70	56	36	15	44	97	76	16	46	20	59	53	47	28	
99	3	35	56	29	24	14	15	92	39	13	25	71	87	18	38	31	50	86	19	
On machine	28
73	83	67	81	67	83	73	56	54	62	19	88	85	53	79	37	51	82	61	22	
88	66	100	84	97	69	70	84	62	28	86	92	29	31	73	84	43	56	90	48	
12	15	74	81	47	33	56	73	54	12	6	91	27	13	28	94	17	8	93	43	
63	100	68	97	95	24	60	53	31	65	7	16	15	30	32	46	64	51	8	53	
98	96	15	80	54	47	97	91	46	17	46	21	2	95	2	25	47	55	4	18	
14	60	6	64	79	73	43	82	10	16	43	92	93	90	40	34	52	18	23	65	
36	44	35	12	95	68	62	54	44	69	73	69	21	63	86	85	68	49	44	36	
5	89	18	70	99	55	61	70	55	75	94	70	74	39	5	49	39	25	41	74	
19	76	86	48	20	80	74	61	25	94	44	26	3	49	66	20	38	74	65	29	
100	83	60	63	58	13	84	4	26	49	68	29	83	29	29	20	16	87	76	33	
25	62	44	82	71	89	1	1	72	69	89	26	21	92	55	9	74	64	59	19	
59	60	15	45	59	20	81	29	20	95	96	74	85	18	98	63	52	75	73	69	
28	5	33	80	16	21	81	26	54	26	41	46	80	74	56	25	67	66	57	37	
26	77	84	32	25	38	93	36	99	36	52	45	40	2	93	79	24	94	7	89	
71	10	42	82	72	46	79	18	19	13	76	86	29	56	94	6	58	22	16	99	
40	17	14	67	13	50	90	79	60	50	36	98	14	15	69	36	35	41	86	3	
24	90	63	26	80	75	96	1	83	89	30	87	89	18	44	69	29	19	11	5	
20	15	96	94	78	45	84	68	37	70	81	18	77	60	66	41	90	36	28	71	
93	96	40	39	82	45	70	54	92	46	96	53	5	82	1	24	29	3	37	60	
45	61	35	55	88	60	95	49	42	94	90	37	59	24	76	48	47	82	65	25	
On machine	29
25	43	26	15	69	5	68	92	72	69	87	97	29	55	55	80	44	62	49	57	
34	36	38	67	16	76	42	54	98	14	29	33	20	78	81	3	70	10	15	93	
19	76	11	30	48	78	63	98	99	45	2	77	16	78	95	9	78	53	81	97	
34	72	89	32	5	86	12	86	64	43	15	50	49	69	71	60	92	40	46	2	
79	67	71	42	100	78	59	54	35	26	27	30	50	63	86	83	70	85	68	25	
56	57	2	12	74	80	68	57	45	35	28	81	36	73	56	38	19	88	93	23	
90	69	21	3	26	2	42	12	45	75	52	13	20	18	30	74	92	71	6	86	
23	62	42	26	49	15	7	26	84	80	65	94	18	44	28	83	2	64	10	89	
10	78	4	25	15	53	37	57	92	31	98	49	51	95	76	96	100	82	86	3	
40	65	57	16	85	94	53	22	71	75	13	29	26	85	53	22	25	78	15	85	
65	56	9	18	4	19	71	66	31	94	6	20	79	1	82	91	21	26	19	88	
78	22	58	31	90	94	10	27	5	26	41	95	57	97	51	46	56	23	91	61	
97	50	89	82	20	41	52	11	54	76	73	49	92	43	52	20	18	76	4	9	
31	11	26	15	59	61	17	12	43	80	93	42	65	52	51	15	69	61	35	38	
55	53	72	33	22	96	85	30	67	91	100	43	10	26	22	59	20	15	45	37	
84	14	54	70	88	65	16	58	55	74	31	89	86	17	36	39	84	80	95	12	
88	4	44	70	32	65	90	18	16	24	72	80	61	49	50	34	46	88	46	19	
80	79	90	68	69	99	18	66	40	19	55	45	46	73	52	67	53	89	23	35	
87	75	80	38	46	68	17	46	80	67	49	26	4	29	68	36	32	38	51	23	
30	62	28	22	38	10	45	26	96	36	49	55	94	65	89	62	5	36	23	76	
On machine	30
83	63	95	45	24	3	38	45	39	59	28	35	67	17	87	94	4	34	1	55	
30	64	35	55	43	27	75	78	43	6	14	44	48	26	58	57	100	80	91	40	
86	33	86	56	29	35	80	4	8	8	100	96	29	44	27	59	38	60	29	66	
99	75	44	100	97	6	28	17	50	83	58	46	2	85	28	57	57	34	41	40	
11	58	84	76	89	29	28	47	74	44	81	82	57	32	100	79	3	96	93	27	
40	97	7	34	94	84	2	93	22	16	11	26	7	61	51	3	91	28	35	21	
77	88	7	92	71	5	34	58	55	57	97	90	2	39	70	87	95	68	95	5	
34	96	44	72	81	41	21	16	100	93	27	82	76	97	63	74	60	16	99	6	
46	22	13	26	12	86	51	74	91	100	27	38	48	37	12	49	26	7	58	28	
3	48	35	1	89	87	85	65	99	94	89	77	17	69	42	7	1	74	90	85	
30	29	28	36	54	5	32	42	95	52	41	50	98	94	16	81	76	91	46	23	
74	79	72	46	61	92	47	90	47	69	48	49	22	51	39	84	96	9	66	11	
52	84	41	78	77	93	56	88	64	2	86	87	47	74	67	29	65	59	38	99	
34	67	81	98	50	43	64	84	47	18	31	84	16	94	53	77	19	91	34	92	
28	19	70	19	52	81	62	8	48	83	68	35	27	1	56	22	80	52	15	6	
2	5	76	19	73	83	81	21	86	94	74	71	1	36	36	95	37	43	25	91	
59	29	45	67	79	68	67	75	15	22	90	76	25	19	86	13	74	98	31	38	
55	25	74	43	64	4	26	42	83	23	49	64	32	72	88	35	2	60	85	26	
39	99	70	67	37	95	78	38	21	89	13	59	83	41	31	53	60	44	85	20	
25	42	94	97	72	13	38	94	12	97	97	47	79	28	88	46	63	63	65	19	
On machine	31
28	47	30	77	69	5	42	34	8	78	8	75	72	3	95	10	63	65	99	38	
24	83	58	51	29	93	84	91	34	54	79	84	55	59	87	61	23	87	94	1	
85	3	79	1	4	39	33	54	55	73	34	100	37	34	36	7	29	61	37	89	
70	97	99	40	3	92	68	93	19	84	65	33	93	23	6	27	6	48	72	4	
46	38	90	9	59	81	14	13	60	28	8	45	40	6	33	15	11	54	4	27	
13	83	73	38	35	5	85	61	45	13	81	66	83	57	58	5	97	92	7	7	
65	1	64	20	48	84	65	5	36	91	65	43	72	88	13	18	91	32	40	64	
26	4	47	64	25	72	63	11	16	96	5	92	91	25	34	86	81	56	30	37	
73	58	50	15	55	85	45	25	70	69	79	13	17	76	63	77	84	58	83	75	
9	50	53	35	86	33	12	76	7	40	69	21	73	41	2	72	5	83	78	23	
90	73	64	43	37	66	62	55	6	51	20	43	19	3	27	46	26	73	20	77	
61	20	29	52	86	59	68	100	77	61	54	74	81	12	62	1	68	5	95	61	
42	96	88	40	33	55	7	64	83	12	100	92	85	54	85	87	1	69	94	85	
79	13	91	71	89	61	91	68	42	95	52	43	17	69	44	77	61	16	17	42	
72	1	85	37	64	49	47	1	65	50	88	26	68	22	66	15	82	87	65	91	
53	51	15	87	59	70	13	32	88	39	58	89	85	45	86	76	26	98	44	8	
83	8	57	84	92	72	18	23	36	30	21	75	50	1	70	21	62	28	70	72	
39	14	30	56	36	20	25	43	14	92	2	71	58	66	86	55	63	5	60	13	
87	58	62	51	37	60	91	83	80	47	9	33	27	11	55	55	32	2	18	3	
97	76	57	21	22	60	24	59	39	37	7	60	53	59	49	44	94	96	91	75	
On machine	32
22	13	4	78	80	24	11	31	74	2	34	32	54	16	20	16	1	15	9	23	
37	95	81	98	23	13	97	34	10	61	58	43	59	40	83	71	40	12	27	52	
34	83	70	46	27	71	10	74	32	55	94	57	10	54	86	36	6	60	88	68	
64	39	39	23	61	52	74	50	35	65	47	87	53	91	13	63	98	87	98	76	
79	84	64	46	18	73	20	95	99	66	10	84	54	30	62	41	43	9	99	13	
88	71	90	60	80	73	85	92	9	45	43	10	57	42	66	59	92	98	82	80	
39	21	94	65	18	51	34	50	97	57	46	19	100	74	10	63	35	69	51	2	
59	75	37	100	97	14	77	20	57	89	86	41	89	6	98	14	24	25	41	91	
88	75	23	64	85	90	58	45	66	68	37	54	19	1	66	94	9	100	49	55	
22	94	86	4	53	24	98	64	21	82	25	72	32	4	2	15	33	49	14	14	
27	38	70	21	4	37	94	74	94	33	73	72	66	95	11	51	5	96	66	63	
41	61	99	10	19	95	77	14	62	82	22	18	39	99	31	56	36	89	63	59	
95	19	90	71	71	68	28	41	56	64	24	86	87	51	82	97	69	29	65	17	
13	3	45	48	74	50	68	80	77	49	74	38	4	5	90	92	58	67	25	99	
37	38	67	33	99	98	13	34	74	23	67	96	98	49	96	79	17	47	15	17	
90	61	8	35	69	8	21	70	32	99	30	6	2	15	47	66	62	83	65	84	
44	21	31	61	44	24	95	36	59	3	92	91	7	81	56	81	76	94	61	76	
76	18	61	14	18	84	74	84	5	87	45	45	41	70	29	78	52	79	34	68	
57	63	94	64	80	79	45	62	84	45	39	11	5	15	33	84	94	10	92	48	
43	66	85	72	66	88	13	23	18	5	7	91	97	69	9	52	62	2	35	49	
On machine	33
53	76	11	3	59	62	29	82	76	91	76	71	71	80	35	93	48	1	24	75	
26	26	59	11	87	100	43	81	91	52	100	82	51	19	54	88	34	65	66	55	
9	15	3	21	25	100	41	85	100	73	5	92	33	85	19	95	47	82	45	72	
42	65	35	27	18	65	98	43	38	81	57	49	98	10	11	62	74	6	19	96	
67	100	56	75	32	47	49	56	3	69	61	15	88	3	51	25	64	68	37	25	
91	78	34	10	57	93	43	76	32	77	34	44	89	81	87	60	54	30	12	13	
86	33	69	62	35	94	98	45	33	95	78	100	78	51	13	35	46	90	16	57	
39	39	60	2	39	33	53	72	38	88	10	13	43	7	72	28	87	30	2	49	
86	99	10	92	46	90	37	92	80	91	93	7	79	28	55	95	66	83	34	88	
22	93	85	93	58	93	61	92	89	43	85	72	53	45	78	59	45	85	94	93	
1	45	48	44	85	79	99	18	62	37	12	45	66	80	20	19	19	50	84	74	
1	67	31	2	67	70	9	34	60	74	86	25	62	12	100	86	98	99	46	49	
94	20	100	7	32	72	97	5	66	82	25	72	88	22	75	69	58	39	48	95	
30	74	59	89	11	14	66	67	93	80	85	54	53	98	70	14	98	21	43	66	
54	5	3	95	55	51	29	63	93	38	25	49	13	80	48	31	22	93	2	23	
83	81	38	31	4	4	90	68	68	10	19	28	60	58	22	35	68	53	24	47	
24	69	57	6	9	2	78	97	51	95	52	34	67	78	47	71	57	24	97	10	
29	81	94	5	53	94	53	95	48	76	73	92	22	54	11	67	42	52	56	6	
92	86	42	24	61	70	64	43	98	34	78	69	85	64	81	6	45	23	13	86	
72	5	43	83	94	98	8	66	78	84	29	6	26	91	40	66	58	58	87	90	
On machine	34
48	29	55	59	79	36	69	31	44	95	42	87	97	20	11	10	51	92	100	2	
52	26	14	57	4	90	63	22	97	87	46	46	60	34	34	90	51	12	33	14	
4	29	63	25	70	61	37	15	35	93	73	85	64	36	100	26	53	53	54	2	
34	79	34	86	87	12	96	20	14	14	90	18	46	5	14	6	32	43	27	6	
37	6	94	9	79	2	74	30	29	34	58	4	87	15	21	42	99	73	22	48	
84	3	55	53	10	2	69	4	11	27	19	80	18	77	95	71	84	50	80	56	
21	5	9	68	9	60	55	98	23	5	21	88	69	56	10	54	30	39	59	34	
44	28	16	83	14	77	86	86	52	57	31	97	1	40	73	55	56	70	10	45	
26	94	48	7	21	1	7	80	100	87	62	6	14	40	14	34	97	7	95	42	
73	68	49	16	96	64	100	12	39	52	38	13	72	5	84	19	40	16	91	19	
28	92	21	31	14	48	93	32	77	25	87	58	8	20	20	68	28	24	33	7	
83	11	99	27	5	7	65	50	65	21	63	1	47	67	31	59	78	39	27	33	
33	31	24	38	100	74	95	100	15	93	16	91	100	30	47	29	8	16	21	31	
97	2	87	3	21	11	36	35	59	79	30	93	19	9	44	45	52	62	11	60	
96	25	52	51	91	78	49	77	6	43	41	51	24	31	67	48	42	16	36	42	
100	19	25	40	38	87	73	18	40	56	15	10	48	70	31	60	58	96	87	60	
84	83	7	6	97	77	75	85	51	53	85	97	42	85	20	41	23	27	83	19	
25	88	52	3	1	47	17	24	42	48	58	94	15	67	77	53	84	64	81	97	
15	16	42	74	5	28	40	23	91	75	43	60	62	5	54	88	42	1	99	40	
44	1	93	16	95	61	25	95	43	56	92	55	9	9	64	84	78	91	69	54	
On machine	35
91	94	33	13	14	12	79	21	72	86	29	35	57	42	58	4	52	50	85	11	
59	74	40	39	79	8	76	30	71	88	13	79	89	62	63	96	24	65	86	68	
57	57	70	96	61	74	43	81	75	43	36	95	24	100	4	24	10	70	29	81	
19	47	12	69	14	8	4	76	73	8	42	8	45	80	23	37	100	78	59	31	
60	24	64	83	96	10	89	18	26	9	71	59	9	79	98	24	1	32	60	25	
71	82	96	40	21	86	24	47	28	38	94	23	71	59	91	39	75	4	16	4	
82	14	66	40	78	67	52	15	42	42	33	15	18	76	30	97	34	98	13	20	
79	99	7	27	45	37	43	72	80	12	9	99	24	12	46	20	28	88	34	65	
27	68	91	46	76	40	49	65	23	13	48	74	80	86	45	68	68	94	53	8	
12	50	65	39	89	4	48	42	63	71	93	67	44	19	79	25	42	84	80	54	
64	24	12	90	17	44	28	11	50	77	20	45	85	41	90	76	92	47	66	22	
72	79	79	68	62	13	49	82	69	67	11	30	55	57	53	26	53	76	43	24	
69	75	88	19	8	21	56	91	54	17	35	2	28	72	69	35	43	72	19	81	
61	74	51	64	55	65	25	6	30	4	57	89	63	75	63	6	83	72	2	69	
91	82	20	79	65	23	12	55	19	46	30	65	54	42	88	41	14	79	12	53	
86	94	95	96	50	99	73	34	87	20	98	61	75	20	97	93	85	54	84	9	
22	16	11	90	15	30	29	60	48	89	7	28	59	64	29	70	48	81	65	79	
18	34	35	64	62	30	67	98	19	99	94	13	60	73	85	18	96	2	60	70	
73	24	63	67	90	79	36	2	76	5	19	17	16	19	77	7	87	66	74	10	
19	65	67	59	69	18	15	71	94	63	65	78	27	67	77	23	33	19	44	44	
On machine	36
38	84	40	54	62	55	63	79	5	7	1	5	75	82	34	84	95	6	91	26	
80	50	53	54	8	54	100	41	19	72	29	19	25	48	91	64	69	31	94	77	
88	97	99	84	70	26	17	10	60	49	2	65	55	41	32	14	74	16	33	17	
9	4	56	98	87	72	2	32	38	60	14	13	46	96	66	45	71	26	14	60	
57	94	51	50	84	92	1	56	43	92	15	23	76	84	23	3	47	86	27	27	
37	79	95	94	56	15	8	15	43	20	53	70	90	78	71	34	58	6	50	42	
91	41	66	11	48	47	28	19	91	22	20	52	35	26	35	8	22	58	25	81	
2	95	38	95	19	73	50	23	54	65	88	15	49	96	42	87	58	81	52	64	
57	6	86	59	81	9	27	81	75	49	80	58	23	71	94	56	10	54	51	17	
11	92	93	97	74	13	47	46	89	44	87	72	34	91	44	63	23	37	21	15	
46	95	70	27	59	20	87	81	22	16	87	69	22	93	38	38	44	81	97	39	
53	89	12	41	94	15	10	97	74	52	23	73	12	40	41	68	83	47	64	98	
54	13	86	1	50	28	94	20	16	1	22	72	41	85	88	3	50	82	18	96	
42	55	66	59	87	47	8	81	43	33	5	51	38	20	78	18	91	93	92	11	
89	53	14	87	35	56	61	61	86	24	30	97	30	100	59	50	75	46	4	6	
32	32	94	36	1	88	42	37	24	97	54	95	48	67	64	83	1	46	31	55	
86	19	90	18	70	29	7	19	16	39	8	74	32	13	13	8	69	46	40	83	
67	82	78	82	61	6	40	86	14	95	6	4	28	83	55	64	53	46	85	42	
38	2	54	93	69	27	1	81	17	15	99	30	73	8	28	57	29	4	1	81	
96	98	58	24	38	6	26	67	74	71	26	6	36	64	38	60	25	76	96	9	
On machine	37
21	39	25	100	17	37	66	59	38	38	19	48	78	39	39	12	50	47	96	59	
2	29	92	8	91	25	75	85	40	89	5	28	61	99	98	73	13	9	55	21	
60	29	46	93	94	55	20	95	74	12	59	79	31	64	85	43	32	78	56	10	
46	88	62	80	90	5	89	19	58	91	4	56	100	21	76	61	3	62	45	24	
71	36	41	29	73	36	23	91	88	99	14	76	3	79	56	89	29	73	10	65	
48	72	66	42	17	54	93	61	82	62	67	62	4	66	11	27	67	27	54	49	
22	88	7	49	39	35	24	90	70	1	68	27	34	92	42	45	47	99	55	27	
25	65	79	93	25	63	30	78	95	71	5	48	100	73	54	93	87	5	93	25	
99	43	7	88	8	69	84	15	14	99	91	56	31	55	36	4	85	40	17	88	
97	9	65	87	95	19	37	84	29	53	68	34	71	81	23	72	99	27	77	47	
25	23	3	73	41	52	11	65	46	5	85	14	70	26	16	51	75	30	56	12	
19	30	75	75	24	1	60	17	33	40	76	91	84	42	79	41	87	100	64	76	
36	41	81	60	12	36	62	49	66	62	17	20	61	91	36	23	37	30	16	98	
39	37	85	39	11	57	2	7	63	92	32	81	28	65	24	15	69	81	34	15	
94	19	75	19	57	72	44	85	33	19	14	28	3	11	94	19	68	25	56	46	
89	63	96	97	49	11	90	100	18	37	38	99	5	97	32	97	74	62	79	44	
57	4	88	22	98	55	25	16	73	29	15	53	100	91	74	26	65	44	49	48	
7	56	23	89	3	71	81	19	85	20	59	76	97	44	77	88	39	11	8	95	
84	13	47	93	73	3	29	64	66	9	77	76	100	10	40	33	74	48	67	31	
20	18	23	22	10	54	19	17	28	9	30	91	91	41	35	19	9	67	35	97	
On machine	38
55	31	43	62	16	87	39	14	15	44	17	49	58	22	29	12	14	90	78	64	
8	36	75	25	13	56	68	94	100	18	32	64	92	3	31	3	62	78	61	80	
96	14	54	87	78	11	8	24	10	87	100	82	83	96	90	97	35	86	50	9	
6	70	15	5	73	67	38	52	36	30	97	18	55	4	95	33	79	80	54	5	
62	19	6	67	16	13	6	26	42	95	31	54	33	40	80	84	14	3	5	10	
43	42	27	39	100	44	32	52	51	86	6	89	94	67	37	17	20	76	31	24	
76	53	60	99	60	14	45	26	58	43	79	24	27	40	47	24	91	66	59	9	
22	12	98	71	59	45	24	5	49	53	6	4	31	29	60	4	88	62	43	31	
16	44	71	53	25	77	51	51	63	89	59	57	56	36	7	55	77	77	33	61	
20	64	79	96	24	40	19	13	69	25	70	47	95	59	75	27	65	19	77	18	
65	68	67	69	1	1	38	61	1	57	24	66	56	48	56	7	5	6	24	64	
6	63	25	22	73	7	59	20	65	94	13	98	62	76	46	9	71	2	53	49	
94	34	78	81	64	54	83	43	19	74	94	76	50	52	78	34	69	94	10	88	
90	86	93	93	56	58	63	76	6	60	100	60	24	57	99	30	100	16	90	95	
59	7	19	15	85	94	73	4	54	84	46	77	87	10	17	84	42	1	38	63	
76	15	19	58	96	3	97	52	22	22	32	22	38	56	28	29	86	94	95	3	
2	90	90	59	42	20	15	6	35	83	1	95	78	47	41	82	77	24	19	89	
75	47	37	74	45	73	59	70	93	94	51	30	77	71	59	91	26	91	24	86	
83	31	92	18	94	45	68	75	93	65	69	60	6	91	53	25	99	66	11	39	
9	20	9	32	45	95	2	12	44	63	93	38	49	58	35	54	24	64	81	18	
On machine	39
59	31	100	53	81	24	47	42	5	96	43	33	93	85	54	74	62	29	74	36	
25	87	80	87	6	73	85	8	51	9	92	87	54	67	29	66	76	65	10	11	
22	21	41	83	3	78	64	61	18	44	33	99	74	3	25	8	98	3	89	48	
7	6	23	99	5	28	3	89	75	75	90	79	64	100	63	47	21	8	87	4	
95	18	12	14	80	56	31	29	71	17	9	50	29	44	23	15	34	92	69	63	
43	17	15	95	18	20	11	48	61	36	91	57	14	22	74	20	38	75	76	70	
10	16	67	63	97	22	2	59	81	26	87	66	76	61	8	64	29	59	42	15	
20	17	80	29	13	10	80	90	57	30	41	59	4	98	52	73	1	20	67	24	
69	38	7	43	6	17	45	47	93	19	91	32	80	77	45	66	56	58	28	84	
48	15	72	55	59	53	23	84	46	89	6	16	49	77	99	15	46	71	27	67	
68	56	34	59	64	98	85	6	23	89	66	5	37	35	95	27	27	76	60	31	
5	53	41	56	90	52	32	78	22	67	15	57	22	2	75	36	75	18	53	73	
54	87	32	67	85	53	67	21	92	42	36	22	74	58	36	100	18	98	81	39	
54	50	71	56	98	35	47	66	22	17	91	64	69	6	63	68	54	6	54	91	
67	99	52	84	6	14	75	48	85	27	30	51	77	44	90	16	80	65	29	79	
21	19	29	57	32	93	73	16	16	84	65	68	100	91	51	43	22	20	33	13	
39	66	26	60	68	39	88	27	11	29	20	14	62	14	9	72	42	9	59	16	
43	66	81	25	90	54	46	8	81	83	51	100	8	18	28	23	34	94	44	60	
76	64	70	6	95	39	80	8	23	7	72	47	99	38	38	59	74	83	80	41	
36	41	41	51	87	38	91	50	39	3	22	4	42	18	73	95	25	11	8	76	
On machine	40
62	56	43	67	11	37	64	70	85	16	80	14	24	73	79	72	35	51	77	92	
62	64	67	18	64	3	24	66	80	51	85	59	1	78	45	50	1	4	53	80	
13	64	28	15	33	95	66	59	45	47	86	27	17	28	63	75	11	70	20	46	
48	83	91	96	8	34	87	73	49	18	31	3	54	6	36	95	91	87	69	61	
81	2	43	86	14	34	56	5	32	84	92	75	11	31	55	46	58	28	7	44	
20	51	83	25	54	21	22	43	2	53	78	76	41	6	38	19	64	69	41	88	
73	56	17	84	99	43	88	97	7	96	94	41	31	34	62	2	41	73	61	79	
16	45	34	37	4	38	44	12	22	62	79	14	71	31	26	41	90	12	17	30	
99	77	22	35	62	86	50	11	93	92	62	36	89	49	98	29	23	91	68	93	
47	80	50	46	96	55	74	60	77	18	48	35	76	85	55	16	70	96	32	39	
5	67	36	23	19	80	50	88	81	45	32	25	49	8	47	11	24	36	90	23	
86	23	24	33	9	19	52	45	65	94	98	54	26	84	12	63	56	83	30	22	
85	40	100	53	16	51	7	67	71	98	25	62	27	35	78	4	54	14	42	85	
58	100	13	50	50	24	62	95	88	23	74	79	50	57	97	36	12	76	87	61	
54	67	82	63	27	74	93	35	38	60	42	21	63	55	61	60	53	99	95	68	
4	66	14	14	13	85	41	94	38	44	96	76	30	92	74	34	73	38	67	93	
32	69	13	38	78	13	91	99	12	82	20	70	1	73	55	24	70	97	43	28	
59	86	86	24	78	77	56	53	60	19	37	75	3	55	77	56	65	96	31	90	
9	98	92	64	49	3	16	61	17	44	79	74	74	94	13	88	22	99	87	86	
12	19	4	21	26	61	69	16	52	88	46	64	49	25	92	98	63	55	50	48	
On machine	41
70	66	62	50	11	9	26	20	1	78	30	83	67	85	91	92	100	71	1	1	
42	67	92	35	87	10	50	54	80	9	39	2	65	47	52	7	38	73	91	19	
18	98	16	66	8	5	83	27	42	77	7	95	1	14	65	15	20	58	51	16	
85	24	62	9	78	74	59	51	70	19	50	28	59	15	17	42	93	28	33	95	
15	29	52	25	39	98	44	13	54	66	69	46	87	24	73	17	100	53	80	53	
22	38	68	50	61	21	27	8	55	17	66	97	10	83	9	73	26	15	77	79	
98	46	29	21	67	89	1	5	35	89	46	22	66	32	40	57	61	33	98	11	
13	72	5	52	9	2	11	37	91	18	96	86	33	8	53	30	27	88	70	72	
94	44	74	43	23	5	96	97	80	81	13	8	76	54	100	14	10	50	32	4	
64	14	9	29	2	36	15	78	41	98	62	31	17	84	95	87	92	60	75	74	
24	22	86	58	36	9	34	54	81	13	25	58	14	70	26	48	26	14	52	56	
24	15	14	16	36	13	28	60	14	67	41	99	99	71	37	5	17	68	23	27	
35	5	51	27	52	78	35	13	85	78	6	17	26	87	95	27	70	86	34	27	
68	69	69	71	41	87	100	1	93	70	89	48	74	56	50	6	10	28	76	98	
88	15	65	20	94	100	31	99	79	25	99	97	87	23	57	81	80	65	87	75	
58	89	77	81	38	30	74	45	67	76	57	38	82	69	36	55	81	15	25	7	
40	25	39	29	12	84	93	11	53	25	39	85	40	8	87	43	21	1	42	11	
37	37	81	35	52	63	79	91	39	73	57	65	87	94	4	24	17	28	8	94	
52	38	54	84	88	17	20	65	77	15	59	32	5	7	81	9	23	1	66	10	
90	53	95	10	34	55	18	17	62	75	49	68	41	9	46	80	98	4	74	38	
On machine	42
14	30	45	34	33	9	96	85	7	73	61	71	44	23	25	65	91	93	54	50	
41	33	54	13	47	22	12	83	45	77	98	29	31	90	91	37	28	33	4	82	
51	95	58	39	42	86	66	26	95	72	94	33	75	67	61	37	67	41	64	70	
42	46	13	26	21	2	69	96	87	70	46	1	64	14	97	57	7	2	19	42	
52	95	98	14	77	22	17	74	32	17	28	13	8	21	19	2	2	66	80	90	
58	1	78	17	55	31	35	43	49	53	63	29	99	25	23	25	77	31	39	28	
61	53	92	39	23	36	36	93	80	59	1	12	28	74	92	69	19	16	88	37	
53	33	85	39	69	94	5	46	23	81	24	16	59	19	33	41	56	66	35	27	
71	73	37	78	50	79	26	7	26	7	9	45	60	76	32	55	40	87	29	36	
62	37	50	5	78	62	100	96	72	81	80	51	67	56	64	89	75	58	25	84	
3	89	25	38	80	59	100	22	35	9	48	91	79	33	5	71	8	53	24	74	
25	78	31	59	73	92	59	47	70	9	47	95	19	30	40	86	84	96	91	9	
63	73	18	60	54	54	23	74	39	59	32	79	45	99	71	52	29	95	27	6	
73	40	55	89	49	44	90	20	60	14	43	55	72	1	58	50	48	35	1	100	
42	69	57	62	72	6	61	75	43	92	34	56	62	81	54	61	10	64	7	8	
7	93	80	58	76	79	59	78	64	79	10	9	85	52	60	9	77	93	96	75	
73	90	32	64	13	77	79	67	45	42	64	8	90	42	56	84	40	65	67	34	
59	67	54	89	31	21	72	12	50	73	51	57	54	36	52	81	72	23	21	71	
62	37	99	96	39	25	44	96	49	89	97	91	97	96	97	92	65	26	9	32	
38	85	75	27	54	23	76	88	64	5	72	87	9	66	56	73	69	10	9	91	
On machine	43
78	25	9	46	49	66	23	57	33	43	45	22	46	94	47	84	54	14	65	35	
76	98	80	68	94	10	18	4	43	10	23	70	3	56	74	25	67	84	10	88	
12	55	30	83	16	43	61	91	50	28	64	18	58	80	52	36	27	36	94	98	
31	16	5	41	1	40	10	49	7	57	16	2	48	32	12	77	92	1	28	18	
28	5	26	65	31	67	64	82	92	84	65	40	71	91	84	53	78	60	28	21	
56	73	43	78	51	78	98	36	56	74	5	30	89	78	62	30	44	24	72	41	
100	98	80	97	62	99	49	87	41	44	85	45	88	38	99	48	3	74	17	53	
9	95	8	50	7	43	54	93	15	5	61	47	44	28	92	37	83	67	87	96	
15	66	82	9	59	14	67	46	95	76	39	73	60	49	50	35	61	98	56	79	
99	61	36	44	65	98	78	79	54	65	97	55	1	92	94	33	78	89	75	50	
64	72	43	29	36	69	32	46	14	34	84	81	56	15	56	74	93	40	15	26	
26	41	50	100	79	22	67	19	36	61	11	76	15	57	82	73	9	83	58	62	
64	48	13	95	12	53	5	38	93	13	79	84	12	75	73	28	39	33	89	20	
87	19	43	88	39	86	20	66	72	17	65	91	5	81	18	100	97	77	30	6	
96	49	91	39	33	16	75	72	94	9	71	63	17	69	24	52	31	17	29	86	
97	29	85	87	11	17	35	38	2	1	70	75	79	68	46	73	34	59	49	91	
31	76	13	27	41	6	94	93	66	37	98	8	40	18	90	62	34	76	8	53	
44	53	76	96	47	2	10	17	100	57	86	16	74	76	52	42	34	89	25	62	
19	90	62	45	33	23	62	86	14	70	35	17	35	10	13	1	77	51	100	97	
15	36	72	38	30	4	75	25	32	36	36	81	11	18	75	12	42	29	23	90	
On machine	44
35	43	87	14	99	1	46	96	31	69	94	77	8	5	54	9	54	13	92	63	
84	93	45	51	61	91	11	98	74	42	86	10	28	87	11	9	88	82	20	71	
17	69	60	96	28	51	81	55	92	80	48	8	85	79	57	74	70	88	82	19	
28	95	94	93	22	92	16	86	66	31	69	10	98	84	84	56	20	44	19	23	
67	98	39	30	96	10	23	18	69	81	24	93	54	37	22	27	53	65	11	19	
72	96	3	23	30	69	9	46	39	19	63	6	70	15	79	53	26	92	68	77	
62	44	99	16	84	34	83	41	88	21	71	22	54	5	77	26	28	74	43	93	
63	43	4	23	83	1	13	58	5	14	66	99	15	7	58	72	11	30	85	1	
90	94	71	10	13	83	53	37	3	16	28	17	52	58	54	72	32	62	13	23	
37	34	39	67	91	24	36	48	73	18	42	62	13	47	2	64	54	68	64	1	
17	59	20	52	44	41	74	98	92	63	8	88	42	45	51	49	66	67	25	38	
47	2	23	80	23	86	3	53	14	33	6	98	20	57	34	38	100	65	92	35	
32	59	35	94	37	21	98	97	44	45	23	20	52	44	57	44	39	85	23	97	
30	42	20	55	84	9	9	15	43	66	71	85	33	14	12	19	91	52	44	60	
78	96	86	8	22	16	48	78	97	90	15	1	16	11	50	42	22	85	24	20	
34	49	85	27	16	12	49	12	80	88	6	86	36	30	39	36	74	19	71	2	
15	60	15	39	91	57	38	82	9	100	84	97	35	96	21	45	42	24	24	3	
20	88	41	73	38	22	58	2	80	16	12	71	15	84	18	18	58	20	13	74	
11	38	29	30	11	44	9	54	83	43	62	91	10	52	26	58	36	40	10	33	
56	60	47	36	46	91	71	64	18	44	65	83	22	52	26	9	5	73	50	30	
On machine	45
9	40	34	91	14	95	40	74	90	19	39	83	9	36	58	35	81	56	53	32	
76	99	30	88	63	78	62	54	44	53	71	70	71	34	7	65	11	49	58	94	
92	89	56	91	32	64	46	54	80	25	6	51	71	1	73	82	14	10	93	54	
56	7	43	24	17	18	71	37	19	95	30	47	45	4	14	84	100	70	98	44	
61	17	75	49	93	97	20	94	62	32	67	100	65	67	74	99	99	73	1	30	
69	71	37	75	46	12	75	32	16	66	28	88	36	50	55	28	86	30	83	85	
57	92	53	18	78	36	12	96	30	28	89	81	78	13	23	5	27	23	36	1	
10	21	68	31	65	1	31	46	21	42	56	10	25	88	13	100	43	18	76	27	
15	69	97	78	58	42	23	61	67	3	42	72	84	2	64	34	29	12	49	65	
46	1	62	99	6	66	86	40	47	36	29	87	8	89	2	28	10	19	69	92	
92	41	3	95	8	27	38	37	28	84	53	79	60	32	41	84	54	28	90	30	
89	63	19	85	26	71	90	45	88	2	16	55	30	14	82	16	86	19	40	6	
55	44	69	44	36	56	58	11	21	88	95	50	16	20	86	74	95	28	57	67	
12	17	13	36	63	75	20	98	25	74	27	84	28	20	2	58	28	79	84	63	
30	75	12	73	34	3	94	87	66	27	40	65	53	87	2	38	64	58	73	64	
24	46	42	6	28	9	10	21	94	96	38	66	39	36	61	67	10	28	86	80	
49	41	6	94	97	26	4	7	88	76	34	33	71	64	23	81	18	18	59	14	
52	99	9	23	41	70	84	23	72	92	66	74	12	45	62	82	76	8	99	53	
46	85	43	9	32	64	51	20	81	6	3	69	68	5	19	93	98	73	96	53	
42	39	11	19	2	18	77	43	67	88	100	52	32	9	11	59	56	72	74	95	
On machine	46
78	62	67	56	85	53	44	59	36	2	57	42	52	23	73	77	41	12	85	43	
88	27	71	94	26	97	45	14	78	12	64	79	42	50	80	70	75	32	71	97	
35	100	88	3	54	77	66	36	11	67	83	99	30	44	85	91	13	64	53	56	
81	6	87	39	12	47	92	45	90	1	50	79	33	99	77	70	94	41	68	31	
89	97	48	1	52	93	85	42	13	56	36	98	43	33	32	86	57	17	77	99	
58	80	79	11	50	70	72	83	2	88	22	68	86	51	96	20	40	45	90	5	
13	61	61	93	16	59	76	2	5	78	28	72	44	72	58	100	75	49	49	10	
38	83	45	65	2	68	79	35	41	23	87	23	21	85	32	44	20	11	3	76	
90	55	22	37	61	87	40	21	99	55	79	66	43	16	4	64	57	39	32	82	
33	5	60	18	62	22	100	94	16	31	34	82	62	82	29	51	2	83	49	88	
69	60	36	3	5	3	53	15	81	73	73	56	30	4	75	13	89	44	47	17	
45	13	76	98	85	25	30	41	3	24	8	6	68	75	23	15	18	43	56	44	
72	22	76	21	29	64	46	86	21	95	29	46	36	90	16	27	84	45	46	14	
30	55	25	46	87	47	45	34	10	99	41	82	4	52	47	26	36	23	28	93	
7	6	63	14	95	10	5	66	40	73	16	19	66	72	74	5	97	45	55	33	
38	93	25	65	82	1	96	81	92	29	48	42	88	49	86	77	49	100	82	23	
60	64	57	56	30	68	67	31	38	87	51	6	96	46	48	83	89	78	54	73	
84	98	90	8	90	79	90	66	47	64	19	75	100	72	44	74	18	60	12	89	
42	87	22	48	4	64	36	35	90	46	89	88	42	66	2	96	94	96	23	43	
87	81	50	4	69	25	30	1	89	49	20	94	42	3	50	36	36	82	45	73	
On machine	47
65	79	90	100	58	82	9	88	90	53	84	58	5	12	86	22	94	3	19	93	
72	27	40	52	17	79	14	36	9	84	36	15	47	93	27	46	95	66	95	24	
67	53	45	37	85	36	70	69	46	60	18	23	60	65	72	88	2	23	99	69	
99	18	92	50	66	68	84	90	32	30	25	10	56	32	59	61	21	82	71	64	
2	43	15	100	55	19	5	72	53	29	69	95	27	11	61	77	99	87	79	3	
12	31	79	92	86	13	17	67	3	25	22	73	31	61	23	25	44	65	76	79	
9	62	48	1	92	50	74	31	78	24	21	74	57	6	61	94	16	15	90	100	
62	36	84	70	90	25	71	11	30	50	17	6	4	91	30	85	12	91	90	5	
80	96	55	64	24	71	53	92	50	31	84	5	40	69	45	70	2	53	31	90	
36	30	38	64	60	67	70	32	73	14	4	12	96	72	91	11	62	31	32	98	
11	88	27	8	72	87	37	88	8	81	85	99	69	61	72	77	76	80	31	64	
77	94	10	63	36	52	56	74	95	54	92	92	75	70	33	85	65	88	79	53	
28	82	53	96	19	96	99	90	3	73	82	46	70	21	48	29	34	29	29	70	
97	41	99	45	77	64	19	53	30	68	16	91	27	95	82	66	98	4	50	71	
98	85	15	50	69	8	34	15	62	9	79	50	49	61	46	91	47	30	16	17	
62	6	56	69	39	17	28	12	3	36	86	88	6	65	49	36	48	70	72	87	
94	87	21	56	48	6	20	58	8	33	51	80	6	29	80	69	54	9	48	86	
70	51	69	79	60	8	88	58	50	56	4	100	83	96	37	36	44	34	57	60	
5	87	70	16	41	61	26	62	42	84	38	43	29	55	28	70	16	62	84	37	
6	73	54	62	55	24	25	100	9	78	29	76	2	74	31	92	21	100	66	6	
On machine	48
54	24	45	52	65	59	83	66	3	61	88	43	68	83	19	37	64	24	8	84	
53	84	58	21	8	94	63	77	97	85	64	93	77	86	91	20	81	66	32	13	
56	93	10	25	34	43	10	21	79	73	76	27	84	100	29	92	6	91	47	20	
61	19	2	75	19	64	54	58	85	66	100	18	90	38	84	30	8	47	31	87	
17	23	34	65	62	86	59	28	2	68	19	24	20	29	24	38	14	95	96	7	
8	73	64	42	70	94	25	60	92	19	41	94	86	56	90	7	19	88	8	58	
57	57	62	50	82	90	2	43	70	82	93	14	5	63	69	76	74	8	83	35	
40	7	46	58	87	74	60	60	12	77	4	40	45	12	78	69	6	14	50	30	
49	10	5	90	99	31	66	79	74	9	16	66	27	17	31	97	91	52	13	61	
87	37	13	89	26	77	59	50	37	19	31	31	51	30	45	19	57	80	83	40	
86	84	82	57	56	61	58	100	54	16	58	19	48	39	84	6	7	6	74	45	
41	73	99	12	28	10	69	20	72	98	60	51	43	17	62	85	80	89	88	91	
56	64	81	47	71	35	19	39	60	53	36	52	63	76	33	27	99	18	28	39	
14	10	14	36	52	77	57	90	33	32	2	33	100	92	92	70	24	66	59	20	
40	76	70	36	55	42	16	3	64	71	10	58	18	14	89	41	40	36	82	58	
35	36	83	99	21	100	79	71	48	48	45	90	5	52	23	13	51	35	56	41	
54	47	65	82	5	92	7	35	72	6	15	69	87	71	29	16	99	97	96	84	
91	95	30	83	81	76	51	88	36	17	78	23	75	53	67	61	77	60	30	95	
14	80	72	89	56	18	71	27	81	33	94	36	63	6	34	58	37	83	50	85	
65	78	74	91	17	8	4	39	19	95	64	14	32	51	77	18	100	41	2	56	
On machine	49
18	7	39	9	88	50	40	81	22	74	75	60	55	22	72	35	30	20	40	80	
51	77	34	98	47	86	48	74	44	54	70	82	26	52	10	78	64	20	51	33	
91	49	74	99	21	71	97	89	92	5	46	68	23	74	26	97	94	86	83	30	
56	1	29	43	57	72	37	19	40	89	66	58	23	78	62	71	16	97	32	91	
38	42	50	78	52	88	59	94	3	6	28	17	17	50	7	97	7	37	32	4	
87	98	68	44	65	17	24	31	45	3	19	29	79	54	62	3	57	43	79	58	
12	91	89	26	71	51	2	59	29	45	87	2	71	44	35	6	81	78	60	62	
58	83	68	92	24	84	64	2	61	27	86	1	54	76	73	84	93	29	26	64	
8	31	79	57	40	23	35	15	5	24	50	64	8	16	41	65	99	30	81	91	
73	88	68	28	13	61	90	89	55	83	38	96	67	16	26	29	59	18	43	25	
59	27	40	10	36	48	8	7	20	60	16	68	70	28	21	82	75	78	36	14	
21	25	100	26	45	33	55	23	28	98	54	72	12	72	84	32	42	23	41	2	
2	51	33	51	80	99	77	30	72	66	49	43	93	14	97	6	16	53	82	15	
12	2	58	3	41	43	77	48	6	66	14	58	11	17	84	100	95	64	1	12	
32	76	50	93	27	55	10	12	42	89	69	99	25	89	91	8	59	20	98	89	
21	33	72	24	35	74	90	88	78	21	73	27	4	28	48	72	66	43	51	85	
18	52	32	38	60	68	76	42	49	1	4	84	56	93	67	17	31	28	35	22	
30	14	96	54	62	94	74	79	6	78	18	34	5	12	29	10	18	78	56	98	
97	41	100	70	14	78	25	39	6	50	2	4	21	48	57	10	79	80	16	38	
19	67	26	52	21	90	4	72	84	73	32	7	10	93	26	49	75	78	5	85	
On machine	50
42	91	7	77	36	33	47	69	83	73	55	69	67	28	100	67	97	1	68	67	
3	98	73	39	78	17	23	35	37	27	78	32	16	25	60	41	23	48	71	11	
35	29	21	73	56	16	32	34	6	6	100	45	76	90	23	54	55	59	70	58	
52	40	96	14	22	71	33	99	78	82	53	18	43	21	62	50	13	20	59	60	
58	13	3	75	37	52	53	9	69	47	28	33	13	16	35	14	35	95	26	37	
10	26	51	31	15	65	55	46	64	45	17	52	82	100	19	84	80	64	42	82	
44	24	66	52	27	57	60	6	75	58	90	5	57	25	34	63	27	95	35	33	
56	85	30	48	18	18	3	7	18	70	23	56	91	48	89	31	25	77	91	1	
34	62	100	83	58	15	36	72	21	23	89	1	32	38	55	65	24	14	51	87	
5	7	70	38	12	26	7	64	62	73	56	42	13	76	8	33	66	85	26	18	
8	69	18	17	56	71	45	91	72	43	76	58	30	61	85	85	9	60	36	94	
74	98	21	71	50	39	71	40	32	58	5	71	91	62	89	53	90	95	44	58	
75	76	58	29	31	94	43	5	58	95	47	69	73	41	52	98	66	85	6	5	
26	94	97	44	22	43	73	62	83	59	79	45	18	53	73	13	90	98	100	26	
99	29	23	50	92	65	100	97	65	12	91	32	90	83	73	54	38	22	8	71	
55	76	58	78	64	77	80	57	95	2	46	27	9	33	76	49	17	52	31	87	
10	80	27	65	13	99	55	27	97	99	92	88	84	16	56	6	13	29	95	97	
88	70	90	10	96	39	67	2	57	25	5	86	55	49	20	23	64	81	3	14	
3	26	41	48	53	96	20	8	78	32	20	64	35	54	47	80	24	55	74	53	
93	66	73	7	93	3	72	94	67	94	96	92	18	70	81	64	22	33	64	52	
Reldue
-1	1202	-1	-1
-1	1231	-1	-1
-1	1443	-1	-1
-1	1016	-1	-1
-1	1410	-1	-1
-1	1829	-1	-1
-1	1403	-1	-1
-1	1518	-1	-1
-1	1871	-1	-1
-1	2444	-1	-1
-1	2188	-1	-1
-1	1798	-1	-1
-1	2464	-1	-1
-1	1369	-1	-1
-1	2216	-1	-1
-1	2386	-1	-1
-1	2473	-1	-1
-1	973	-1	-1
-1	2567	-1	-1
-1	977	-1	-1
