Families	20
Machines	20
MaxSetupTime	50

Number of Jobs in each Family
8	7	4	4	7	8	2	3	9	5	2	3	2	4	2	4	3	10	6	4	

Jobs in each Family
0	1	2	3	4	5	6	7	
8	9	10	11	12	13	14	
15	16	17	18	
19	20	21	22	
23	24	25	26	27	28	29	
30	31	32	33	34	35	36	37	
38	39	
40	41	42	
43	44	45	46	47	48	49	50	51	
52	53	54	55	56	
57	58	
59	60	61	
62	63	
64	65	66	67	
68	69	
70	71	72	73	
74	75	76	
77	78	79	80	81	82	83	84	85	86	
87	88	89	90	91	92	
93	94	95	96	

Total number of jobs
97

Processing times of jobs
7	3	4	6	4	8	4	2	10	10	10	9	6	2	2	3	1	9	4	1	
3	8	5	7	7	10	2	10	5	2	3	1	4	4	5	9	4	8	5	4	
7	7	9	4	6	6	4	10	7	9	9	8	5	1	6	4	2	9	7	10	
5	10	10	8	9	9	4	10	8	10	1	3	9	5	6	10	9	5	9	1	
7	6	2	8	6	6	9	10	9	2	1	7	10	1	4	6	8	5	8	8	
2	10	2	3	10	1	10	5	3	2	9	6	3	5	2	8	6	8	1	3	
10	6	3	4	1	3	1	9	3	7	2	9	9	2	2	2	6	1	2	7	
5	2	9	4	7	8	3	4	7	6	7	10	1	5	6	7	2	4	8	5	
6	4	5	4	7	4	1	8	4	8	4	1	3	3	6	5	4	10	8	4	
10	5	9	8	9	9	2	10	3	3	1	5	2	8	2	5	10	2	5	5	
2	9	1	9	8	2	10	3	4	1	7	8	3	6	5	5	3	5	3	6	
3	3	10	9	8	8	5	1	4	9	4	8	10	8	1	1	3	7	6	10	
6	8	2	5	1	2	9	7	2	9	7	6	10	10	3	9	2	7	6	3	
7	3	1	4	9	5	10	5	5	9	5	10	4	7	8	1	9	4	8	9	
7	4	2	2	4	1	1	3	9	9	3	10	10	7	9	9	9	9	10	9	
5	9	10	3	1	6	5	6	8	2	9	5	8	4	7	4	2	9	1	2	
4	8	7	3	7	7	9	3	2	4	9	8	5	3	5	2	7	4	7	10	
3	4	5	7	1	1	9	10	4	3	6	10	7	2	9	10	5	4	5	5	
3	5	6	5	10	10	4	7	7	2	5	9	5	9	4	8	6	4	10	2	
2	4	3	6	10	8	1	9	2	5	7	4	6	8	10	3	7	8	8	10	
6	5	2	4	7	7	10	9	3	7	9	6	4	2	6	2	6	10	2	2	
7	1	4	1	5	1	10	7	1	7	10	1	10	3	6	3	9	8	9	10	
3	2	7	4	4	10	5	5	9	10	1	8	9	6	2	10	2	8	4	2	
4	10	9	5	3	2	6	3	1	7	9	7	2	7	5	4	1	4	8	2	
1	6	2	6	10	3	7	9	6	5	6	1	2	10	8	10	6	2	3	5	
7	9	8	10	1	3	8	2	7	8	6	6	1	2	4	7	6	6	8	10	
7	9	6	1	8	2	9	1	6	2	5	2	7	7	9	5	1	8	6	2	
6	1	1	4	7	2	3	2	7	8	7	1	2	9	6	8	10	1	10	5	
2	9	7	2	3	3	9	4	7	6	7	4	10	5	10	5	5	8	6	4	
6	5	3	3	10	3	5	9	7	5	1	9	1	3	6	1	10	4	1	9	
3	8	10	2	7	6	8	1	9	2	3	10	7	4	9	6	5	4	3	5	
2	10	4	8	5	9	5	1	4	3	6	9	3	2	7	5	5	5	10	1	
2	4	3	10	4	4	9	3	1	2	7	9	7	9	10	1	9	10	5	1	
9	4	8	4	9	3	2	4	4	4	1	5	8	6	7	4	3	8	1	5	
6	3	7	2	4	10	3	8	3	1	10	7	2	8	8	3	5	9	10	8	
2	1	2	10	1	1	5	6	10	5	10	2	9	8	5	1	1	3	9	4	
5	1	7	7	1	6	2	5	1	4	1	5	10	10	2	2	4	1	6	5	
10	7	8	10	7	5	5	9	3	7	3	6	5	8	7	4	7	5	5	4	
8	4	4	8	2	9	1	7	9	10	7	1	9	7	7	8	3	4	5	7	
8	9	3	5	2	9	9	3	1	2	2	7	9	8	3	2	9	2	8	9	
7	1	8	1	2	1	3	10	8	10	10	6	10	10	8	6	5	2	5	8	
10	9	7	8	1	9	6	7	1	1	3	9	8	1	7	4	2	10	10	7	
8	6	6	9	10	7	3	8	10	4	2	8	4	4	7	1	8	4	4	3	
3	2	5	6	5	4	6	7	7	10	8	9	6	9	7	2	3	2	6	2	
2	4	3	6	1	8	1	5	7	7	3	2	8	8	3	8	5	9	5	7	
7	6	2	6	6	1	9	4	3	2	5	8	6	6	1	1	10	9	5	5	
3	1	8	4	6	3	2	1	7	10	6	5	7	6	2	1	6	5	4	1	
10	6	1	4	4	3	9	1	5	1	4	10	5	9	9	2	9	3	7	3	
2	2	4	8	5	2	9	9	7	8	9	4	5	3	3	1	4	3	7	3	
10	6	1	8	10	10	3	6	3	3	10	9	8	4	8	5	8	4	4	7	
8	5	4	9	3	9	7	4	2	10	4	8	6	9	10	5	7	3	4	4	
8	7	10	9	7	4	2	8	5	3	8	5	4	1	7	9	1	8	4	8	
7	10	10	7	3	10	4	7	10	7	10	2	5	5	10	2	1	9	2	2	
2	2	4	5	1	8	10	2	8	9	2	3	4	3	10	1	2	1	9	2	
5	4	2	10	5	10	6	6	9	2	2	10	10	4	5	1	2	3	3	1	
7	1	7	5	8	9	4	7	7	4	8	8	7	9	10	7	10	5	1	2	
7	6	1	2	7	6	3	7	9	3	4	6	3	3	5	5	8	4	7	10	
2	10	5	2	8	6	1	7	3	10	4	8	9	1	4	3	8	1	2	4	
8	9	9	2	4	2	2	5	8	9	5	9	10	6	8	9	2	7	4	2	
3	9	7	8	10	2	1	4	6	2	10	6	5	10	4	6	5	3	1	4	
4	1	5	4	9	1	4	5	10	6	2	8	10	1	8	10	10	6	10	4	
5	9	9	10	6	9	2	1	7	1	2	3	6	10	3	8	5	7	7	6	
10	9	2	8	9	6	7	4	3	4	5	3	2	6	10	4	5	4	7	8	
7	7	7	10	5	7	3	4	9	1	3	7	4	10	7	6	6	4	5	5	
5	2	2	10	5	5	5	10	7	3	5	3	1	5	6	2	1	4	6	3	
3	8	1	6	5	8	6	6	7	10	9	7	4	9	5	10	7	6	9	1	
5	3	7	5	2	4	5	2	5	7	8	1	4	10	10	6	4	9	3	9	
5	10	4	6	2	10	1	10	2	8	5	4	10	1	9	2	3	1	3	5	
10	8	8	2	8	1	6	3	7	2	2	7	2	3	6	5	3	5	10	5	
7	7	5	7	5	3	5	4	8	3	1	10	1	6	7	4	5	6	3	2	
1	1	10	6	8	4	3	7	9	6	3	7	3	8	2	2	7	3	2	2	
7	10	2	7	9	9	1	1	9	4	10	10	10	9	7	10	6	6	10	4	
9	1	10	3	7	8	3	5	8	10	1	2	7	3	4	6	7	4	1	2	
1	7	3	9	7	4	3	2	4	7	4	8	7	4	5	6	8	8	5	4	
2	7	8	9	7	8	6	1	6	1	6	5	5	7	1	9	2	8	7	3	
6	9	5	6	9	4	4	7	8	10	2	2	6	2	5	6	1	1	3	7	
5	7	9	8	9	6	2	7	3	9	2	5	8	8	4	6	5	4	4	4	
9	10	9	5	9	7	6	10	2	7	7	10	10	7	9	1	1	7	4	5	
10	3	5	3	9	1	8	6	1	3	2	1	10	3	1	10	2	4	10	4	
6	1	7	6	4	5	3	9	8	10	3	8	2	3	2	9	9	4	6	5	
1	5	5	2	4	4	10	5	10	3	4	7	9	5	6	5	9	6	10	7	
9	7	1	10	8	2	9	7	3	9	6	9	7	5	2	9	7	7	5	2	
4	1	8	1	5	4	5	3	2	5	8	1	9	9	3	2	2	1	4	10	
5	1	3	3	5	6	1	3	8	9	6	5	2	1	2	9	2	2	1	3	
2	2	9	8	3	9	4	4	2	1	8	5	10	3	10	2	3	9	6	4	
10	1	8	10	2	10	10	4	4	3	3	5	1	6	9	4	7	9	8	5	
3	7	4	10	6	2	2	1	1	1	10	4	3	4	10	9	3	10	9	8	
3	2	10	10	9	7	6	9	5	8	2	8	9	9	10	3	2	8	5	4	
4	1	2	6	1	3	2	4	6	5	3	2	4	5	10	3	10	1	10	7	
10	9	1	7	10	3	8	9	10	10	1	8	7	2	2	2	2	4	8	4	
5	5	2	4	5	9	7	3	7	6	9	2	10	1	4	7	4	7	3	10	
5	7	4	3	7	9	9	7	6	2	5	6	9	6	7	9	6	7	5	4	
9	7	3	7	5	3	6	5	4	2	6	7	2	2	10	8	7	4	6	8	
8	7	2	7	8	7	10	5	8	9	10	10	8	8	5	6	5	3	9	5	
4	6	6	2	3	1	2	7	3	10	10	10	10	7	10	9	9	8	4	1	
7	1	10	2	6	2	6	9	5	7	4	3	1	2	10	6	2	8	4	7	
6	4	6	5	8	10	1	5	2	10	1	6	5	2	7	9	9	10	8	5	

Stepup times between family, where [f][f] represents initial setup time
On machine	1
16	42	18	7	15	38	16	50	24	5	30	40	8	36	13	15	13	1	23	37	
43	38	50	30	10	15	10	21	23	37	40	11	25	23	20	50	19	20	41	16	
10	45	22	42	31	47	9	11	10	26	41	37	21	8	45	13	16	35	44	10	
40	40	27	42	48	21	30	30	45	1	25	29	23	3	39	28	44	1	30	18	
42	50	45	17	4	12	1	34	28	22	44	16	9	10	49	36	38	25	35	7	
48	30	43	36	11	30	47	19	20	23	35	7	15	21	1	14	47	40	2	13	
17	18	3	37	28	8	28	41	6	17	5	39	22	15	44	23	47	47	47	34	
10	4	40	3	31	36	40	29	8	45	24	5	14	28	20	23	12	32	26	29	
33	47	19	18	3	22	25	36	6	14	20	50	44	6	26	8	37	14	4	28	
44	33	13	9	38	14	1	26	17	27	14	42	11	42	17	25	8	19	23	15	
10	46	28	18	19	27	8	14	26	18	47	48	37	1	17	13	12	14	44	42	
8	40	48	28	30	39	21	1	36	20	36	47	37	2	16	24	49	8	30	9	
49	37	33	40	31	23	44	41	30	19	12	15	32	7	35	12	37	34	18	22	
18	14	37	20	23	46	21	26	48	32	2	41	29	42	48	33	6	12	48	29	
10	14	8	7	45	50	13	28	10	5	31	7	44	39	6	3	19	33	33	9	
26	15	14	44	38	35	24	43	26	39	45	35	35	17	40	9	22	44	31	3	
10	13	3	17	6	39	4	1	14	15	50	9	42	47	47	8	25	22	21	9	
8	24	11	19	19	19	41	2	34	19	42	31	32	25	35	37	47	41	21	41	
48	36	1	43	27	30	44	25	7	17	18	45	2	26	37	26	27	46	18	34	
41	47	6	36	39	24	27	38	31	20	16	4	27	2	21	31	41	50	2	26	
On machine	2
9	37	28	43	8	16	3	6	50	14	34	38	12	18	35	36	32	42	2	1	
35	38	31	27	6	20	4	19	6	49	26	40	28	16	12	44	46	28	49	36	
10	22	38	12	49	24	10	4	26	6	46	39	40	6	46	40	45	16	7	30	
12	15	32	16	23	17	5	44	42	9	1	5	30	45	24	10	16	22	32	12	
10	33	2	3	8	1	31	41	27	7	42	36	47	24	38	35	38	30	12	42	
41	24	2	7	37	20	24	40	2	48	50	18	5	36	49	4	15	40	11	12	
23	1	47	37	14	33	40	29	48	7	30	14	21	44	3	37	7	40	28	11	
1	23	20	36	44	11	16	41	49	44	18	8	21	38	33	26	48	31	15	35	
38	17	41	10	25	32	9	33	47	27	44	37	29	36	50	10	18	30	3	19	
3	47	9	24	11	46	19	21	27	18	41	44	18	16	1	37	4	50	29	20	
4	21	8	23	31	10	25	48	42	48	19	5	6	19	1	40	20	25	8	30	
23	39	29	2	22	44	36	27	49	41	19	12	17	3	12	50	45	30	36	46	
31	20	2	24	4	14	2	45	31	36	1	34	43	48	5	23	8	40	17	21	
28	28	31	46	41	27	50	45	16	13	29	18	10	46	42	16	38	2	8	37	
25	32	36	5	31	35	23	37	38	2	41	48	15	50	40	15	11	11	15	1	
31	33	8	6	3	5	20	36	38	43	32	6	36	43	40	43	5	41	7	7	
42	22	22	46	20	10	16	37	45	19	25	1	25	16	20	29	28	8	13	9	
39	47	48	20	18	50	10	42	35	10	33	31	12	9	49	33	40	12	37	19	
11	15	44	21	42	39	40	15	8	25	46	35	49	26	21	50	25	26	25	32	
4	25	12	43	45	4	22	32	19	12	13	32	1	35	47	23	32	20	46	45	
On machine	3
39	27	3	43	27	20	38	15	36	1	20	2	21	13	44	15	43	19	29	44	
25	26	5	35	46	11	4	17	37	38	45	34	20	46	7	33	9	4	24	18	
7	44	7	43	11	25	39	44	27	30	12	5	2	38	46	49	47	25	32	6	
4	1	23	38	34	4	11	11	22	25	33	24	23	38	18	19	36	46	19	12	
36	48	45	3	3	9	13	2	43	23	12	48	22	30	33	9	17	12	4	17	
25	24	47	25	13	16	45	32	17	23	45	7	48	22	39	27	36	25	16	24	
9	23	33	38	22	25	27	23	12	17	6	38	10	5	40	50	3	1	41	31	
14	14	31	46	37	14	10	16	30	6	42	29	37	8	23	16	44	35	38	30	
11	25	11	40	9	15	41	10	49	27	11	19	9	21	1	34	26	10	48	35	
36	44	50	36	48	18	42	44	36	13	17	10	23	32	40	48	30	35	47	23	
16	1	1	16	49	35	14	13	49	31	24	22	31	20	39	27	47	22	12	3	
46	37	5	40	27	41	36	18	35	31	46	28	1	31	47	29	37	7	16	17	
2	49	8	6	20	48	6	40	15	26	40	33	1	4	27	21	36	6	17	46	
1	22	45	42	34	44	47	13	3	33	34	4	22	50	2	38	22	8	22	29	
41	5	49	21	8	11	43	7	32	5	26	27	38	22	8	39	10	31	30	11	
9	48	12	1	20	47	49	9	28	37	5	18	34	42	21	30	5	3	1	44	
42	48	7	13	41	44	7	50	22	38	2	13	24	46	40	27	31	9	36	49	
3	23	13	13	38	9	20	4	23	37	5	25	1	1	49	11	47	45	28	26	
40	2	4	5	26	50	41	39	32	5	49	25	2	30	45	49	40	18	7	48	
47	40	1	16	42	10	3	29	31	1	5	24	8	5	28	17	44	45	47	18	
On machine	4
42	17	10	49	43	37	7	14	35	12	32	21	20	22	28	45	3	6	41	47	
9	34	10	48	17	48	43	5	29	38	35	36	18	36	21	25	6	45	11	26	
6	12	31	24	39	14	47	32	27	27	28	31	5	34	38	12	17	5	25	13	
48	26	21	46	10	7	50	15	29	31	9	17	40	43	10	19	14	35	50	49	
8	13	7	10	47	46	41	42	37	3	34	33	33	6	19	22	27	48	35	40	
5	21	39	10	36	1	9	10	26	49	16	34	38	39	1	40	16	39	43	33	
26	14	31	1	49	47	33	32	41	35	40	4	11	47	9	14	15	16	15	11	
45	7	23	11	43	43	7	38	49	47	16	2	42	44	49	40	9	46	47	2	
45	39	22	17	44	15	48	48	9	10	22	11	31	19	42	39	32	19	49	18	
16	21	33	44	44	29	33	20	50	5	14	31	20	50	21	44	27	45	37	20	
18	43	34	8	43	24	9	1	2	38	40	5	50	2	39	23	28	7	15	4	
50	13	10	50	36	35	34	35	19	16	12	19	27	35	36	13	43	37	1	36	
39	49	2	35	4	25	47	19	28	5	31	45	40	12	49	23	24	26	48	22	
29	15	46	49	31	25	5	35	46	32	43	21	16	17	37	4	13	14	8	37	
48	46	5	27	44	26	44	44	32	46	7	21	50	47	15	16	2	37	32	21	
1	31	28	48	7	32	39	31	43	35	46	21	9	17	38	39	47	9	2	1	
39	18	36	25	20	29	7	39	20	48	48	50	15	7	38	33	41	23	10	2	
3	1	5	49	45	38	19	5	17	37	39	9	46	24	21	39	23	29	25	39	
6	39	44	10	47	35	50	15	36	48	24	48	40	6	22	29	31	9	42	25	
22	7	33	10	32	13	9	35	50	42	43	25	20	43	12	22	41	5	48	46	
On machine	5
44	26	49	17	41	17	42	16	36	23	8	36	15	14	31	18	6	3	27	42	
47	35	42	25	22	12	7	38	22	22	6	23	48	30	48	2	48	8	18	14	
38	50	49	44	39	34	43	40	16	11	41	41	37	11	39	21	11	24	5	11	
17	34	26	30	16	25	34	38	47	32	27	31	4	1	42	35	13	39	2	25	
32	35	7	29	49	9	6	20	19	42	24	37	48	18	40	39	41	19	49	2	
45	8	29	31	14	28	29	14	43	25	19	34	48	40	8	30	42	27	32	28	
35	12	17	24	31	8	42	43	13	45	41	23	15	16	16	48	2	4	43	22	
17	40	14	44	28	16	5	9	41	30	19	27	38	27	38	39	16	16	32	32	
32	7	14	22	7	49	42	38	39	22	50	24	16	6	38	46	3	35	39	30	
40	2	43	6	36	15	7	13	19	16	17	36	26	6	1	20	24	42	34	49	
21	50	44	10	24	47	24	30	1	26	46	24	26	35	27	5	20	15	37	16	
32	43	6	41	18	6	49	24	3	37	43	2	6	38	27	15	24	29	33	10	
35	31	14	27	16	28	14	48	28	35	16	16	47	17	7	11	20	39	20	49	
16	13	33	3	1	32	4	24	45	14	44	29	4	39	19	2	48	18	5	32	
17	18	25	33	3	44	47	35	32	17	24	18	37	1	20	17	11	30	46	9	
12	7	4	44	18	14	49	22	37	31	18	40	35	24	2	11	48	6	10	48	
16	4	25	8	40	10	12	35	37	21	30	44	11	17	17	43	27	2	2	20	
9	11	29	12	19	33	5	49	9	18	45	48	45	37	20	7	7	37	28	2	
12	7	32	31	49	20	21	46	3	35	1	40	24	24	47	10	32	8	45	46	
10	27	27	45	19	2	44	44	50	21	31	23	42	49	40	7	23	27	25	31	
On machine	6
14	46	27	33	17	19	21	38	12	31	6	31	18	4	31	37	34	39	3	50	
26	28	48	20	19	10	13	32	8	31	34	37	27	16	44	7	31	44	16	31	
30	47	12	46	6	40	25	24	12	15	27	17	36	32	50	2	40	46	48	23	
28	43	36	9	17	17	27	33	3	11	17	12	31	33	2	18	14	7	23	31	
18	18	17	11	26	49	19	36	10	14	24	41	11	34	11	12	10	26	26	44	
7	49	40	15	45	33	25	42	7	38	41	40	35	11	40	27	4	36	14	33	
1	43	27	28	25	17	38	11	49	41	28	8	8	45	20	30	36	20	35	32	
37	14	6	38	36	3	39	34	50	30	21	47	49	6	28	15	32	9	22	50	
41	33	2	13	5	21	2	45	36	47	37	38	48	32	29	9	2	37	37	25	
50	6	38	46	50	8	9	3	38	42	38	7	38	1	19	32	23	17	38	39	
35	12	3	28	50	20	26	6	37	23	4	22	21	4	39	22	19	7	25	47	
28	21	12	21	44	20	4	10	9	43	1	3	23	27	9	10	10	22	4	33	
4	23	38	50	33	22	15	9	15	40	9	49	43	12	29	36	27	17	45	14	
10	23	23	13	35	16	48	28	37	41	43	12	34	39	6	5	3	27	43	38	
48	16	45	18	18	2	10	18	41	37	31	44	9	4	19	1	39	10	34	9	
30	34	30	5	16	37	7	17	2	29	27	35	49	16	39	13	30	36	18	13	
39	13	47	10	38	25	40	33	3	23	11	23	6	25	37	25	43	10	43	37	
19	33	25	3	6	26	48	26	2	20	21	14	13	32	4	25	8	10	3	35	
49	47	33	26	3	23	1	1	34	22	17	44	34	34	41	46	27	30	29	4	
3	18	36	38	1	13	9	21	25	9	37	4	13	18	10	17	37	24	9	41	
On machine	7
22	15	5	31	22	17	5	11	38	47	31	32	6	37	49	16	31	6	41	21	
42	20	37	32	41	16	48	24	34	41	13	21	46	44	27	27	14	42	17	31	
15	3	36	30	13	39	36	26	14	6	40	38	5	30	7	35	14	23	28	26	
13	41	15	17	8	6	19	8	23	13	11	41	32	1	29	49	13	26	32	24	
45	34	14	4	44	40	5	19	12	35	31	18	4	16	17	20	27	40	17	16	
34	25	7	15	18	47	15	41	7	46	11	15	30	30	11	34	34	36	28	29	
13	22	7	3	37	11	49	17	18	1	43	42	23	7	30	29	47	49	23	18	
9	24	18	42	3	30	40	40	6	1	32	12	47	44	17	16	50	10	46	14	
48	7	34	15	36	4	48	12	8	23	40	43	18	21	4	26	43	4	8	20	
4	27	36	27	46	16	37	14	28	34	4	50	38	50	3	20	39	31	43	21	
23	44	48	1	15	6	4	43	22	3	10	46	1	24	36	49	43	43	16	23	
19	37	39	16	16	42	40	33	39	11	17	40	34	40	2	30	18	9	29	35	
40	35	26	1	8	15	5	39	47	22	29	28	18	45	42	16	42	41	43	35	
17	41	18	14	46	32	33	46	1	14	29	45	2	50	11	6	38	42	31	49	
24	27	9	18	17	46	36	46	21	3	20	41	2	30	16	21	25	1	16	38	
18	9	22	5	48	23	41	33	12	36	30	26	11	1	17	8	37	38	31	24	
10	29	6	44	31	47	14	3	26	29	22	28	6	4	27	3	41	7	48	1	
22	14	43	9	39	22	44	46	45	17	49	5	21	4	16	32	4	8	7	45	
25	19	5	33	3	45	24	45	44	13	10	38	49	50	39	5	41	47	7	23	
3	16	26	48	16	21	19	31	40	42	3	6	32	34	50	22	10	48	2	8	
On machine	8
27	37	10	26	17	4	38	19	13	41	32	44	45	40	20	31	13	47	34	36	
30	32	35	50	26	7	9	16	5	43	2	20	23	28	38	43	49	37	22	15	
28	41	27	15	10	30	22	7	43	17	17	50	44	8	45	8	12	5	12	50	
36	18	5	32	14	50	49	34	2	6	21	29	23	25	12	31	7	14	50	37	
29	1	38	27	47	10	29	25	4	18	12	16	46	36	20	24	22	33	4	22	
6	26	43	49	43	16	41	18	2	6	18	40	39	49	39	43	23	17	25	37	
34	48	37	45	15	9	46	47	30	20	40	23	17	34	16	14	7	29	28	3	
16	41	6	29	48	1	32	42	10	18	8	37	27	14	22	36	44	23	18	39	
31	8	3	50	21	50	26	17	5	11	1	34	45	5	24	33	40	43	40	7	
29	34	7	9	17	4	17	43	25	31	17	16	42	21	15	42	35	7	8	34	
22	10	8	27	12	41	22	9	37	32	40	1	28	17	4	20	1	48	34	47	
16	47	33	13	20	27	38	2	43	5	39	39	5	13	10	36	35	7	9	17	
50	5	41	26	24	31	25	28	2	30	47	16	7	48	45	43	28	11	23	10	
32	13	49	48	42	36	32	34	13	30	15	11	19	8	31	16	31	34	34	19	
37	22	49	18	2	47	11	50	12	30	40	31	44	4	46	7	26	49	1	46	
37	39	36	13	43	27	45	27	5	13	39	13	34	13	16	23	1	8	6	16	
4	32	39	31	44	33	46	27	31	28	7	37	18	1	36	22	46	3	29	22	
35	40	33	17	6	21	7	34	11	9	41	39	40	11	25	37	39	15	7	38	
31	27	42	5	41	28	40	25	10	45	25	46	49	36	17	6	16	47	25	17	
21	7	48	9	48	48	48	25	46	26	27	33	27	43	35	25	24	25	50	25	
On machine	9
43	35	44	45	11	38	50	17	46	28	33	30	36	32	34	11	2	2	15	19	
40	13	10	31	42	40	8	27	37	22	49	50	37	31	30	16	24	19	50	46	
14	18	27	46	18	41	21	47	10	1	26	32	35	12	39	28	12	4	12	12	
14	6	19	44	43	25	48	30	11	21	37	9	48	47	6	42	28	2	1	1	
32	50	49	19	2	41	1	49	9	6	5	37	10	1	35	20	6	32	40	14	
4	5	41	3	25	25	26	15	4	9	29	3	8	9	17	12	11	3	4	6	
33	42	18	32	5	48	41	27	14	44	38	39	2	1	33	21	3	47	9	12	
38	21	41	37	24	24	50	5	25	5	14	34	14	30	29	25	4	4	50	8	
28	5	36	29	4	12	23	45	9	42	35	33	15	17	33	36	30	11	47	13	
23	46	18	21	50	50	38	48	29	31	32	16	13	1	24	5	36	17	44	50	
27	8	41	11	6	33	35	23	14	10	37	15	45	41	7	8	6	4	37	46	
49	19	12	2	3	46	9	29	36	33	19	43	45	20	18	15	6	29	45	17	
4	1	10	26	5	46	23	36	26	29	18	16	11	35	37	38	12	40	21	36	
37	36	35	7	43	39	25	21	34	38	34	34	21	19	5	39	25	11	5	46	
4	46	11	18	20	15	4	45	44	34	16	35	10	45	9	12	26	37	38	10	
11	11	23	19	45	26	7	44	43	5	12	46	24	18	13	11	12	20	45	45	
26	7	1	13	15	26	23	37	29	6	49	13	39	45	4	39	46	37	19	28	
2	34	38	47	4	18	42	36	45	8	49	44	7	4	12	33	38	20	41	16	
18	9	45	18	50	42	10	18	21	13	10	28	45	1	11	29	49	21	25	36	
11	18	28	5	2	17	26	11	46	25	35	30	40	36	5	32	1	20	15	22	
On machine	10
50	17	9	22	22	4	14	10	13	29	4	3	33	50	16	35	42	20	31	5	
49	30	12	21	48	41	21	32	36	14	10	20	18	33	11	11	5	40	47	20	
31	45	15	30	9	45	17	38	11	20	44	14	22	25	20	39	23	33	31	42	
12	43	6	15	39	3	14	23	18	5	37	32	20	18	33	11	7	1	8	4	
30	42	39	3	31	29	11	30	22	4	38	12	43	37	48	48	44	35	42	22	
15	23	32	30	38	28	40	49	38	8	5	1	37	37	31	45	46	46	41	38	
42	30	14	34	25	23	15	46	28	16	29	40	21	38	38	36	9	46	34	14	
30	48	46	41	4	43	20	17	11	14	25	20	13	2	36	4	25	47	16	40	
42	42	16	22	41	16	38	40	43	50	35	37	40	45	39	29	45	31	34	1	
21	44	9	23	20	10	21	24	39	34	2	42	18	4	49	32	47	14	17	12	
14	9	6	34	10	32	3	22	49	3	26	35	18	8	45	21	45	42	2	10	
36	22	26	32	16	19	25	22	35	40	12	25	41	46	34	31	31	4	30	9	
5	29	9	21	14	42	41	34	1	15	8	46	7	39	1	33	26	25	36	47	
15	50	40	39	46	10	41	16	19	13	14	32	23	24	44	3	24	31	11	10	
5	38	2	3	47	43	28	42	30	36	26	28	2	29	44	42	18	42	7	2	
50	7	16	9	11	6	1	41	38	13	7	15	1	31	15	47	21	28	39	14	
14	47	11	50	41	35	14	25	39	45	21	49	8	11	23	25	43	47	36	29	
45	23	24	7	19	37	16	30	47	38	48	10	24	25	8	5	5	3	33	28	
2	42	20	19	34	19	7	32	11	39	36	30	39	40	43	45	34	45	8	18	
13	6	10	22	46	36	9	15	45	16	29	21	49	30	43	5	46	22	25	33	
On machine	11
30	18	7	14	18	1	28	24	38	11	30	36	47	38	30	45	45	38	43	41	
47	49	25	22	22	34	40	7	6	19	48	32	43	40	11	44	22	13	50	4	
37	13	50	22	12	1	43	18	47	33	39	33	29	33	33	8	43	13	40	32	
32	10	42	41	48	29	8	27	31	39	18	19	35	18	24	49	11	5	1	31	
50	38	33	22	48	20	2	49	46	13	20	11	34	26	40	2	39	33	36	26	
1	37	47	22	24	20	48	33	35	45	1	35	14	36	20	43	28	50	34	23	
28	22	30	42	26	42	5	14	42	43	46	11	2	26	42	4	20	2	30	10	
19	26	44	33	3	2	2	49	31	39	41	42	23	19	4	26	4	4	39	11	
48	43	7	17	26	16	9	28	43	42	21	12	33	35	28	19	33	22	30	25	
4	38	38	10	50	50	22	21	12	41	12	41	21	3	21	21	19	13	34	24	
26	26	13	3	1	19	12	38	31	50	27	9	15	18	35	24	49	31	6	8	
38	31	32	27	5	38	4	16	38	12	35	13	39	36	44	49	5	18	7	9	
49	40	36	41	23	34	14	39	23	27	11	25	22	33	21	6	16	41	8	10	
20	12	41	27	21	29	42	41	32	17	12	34	38	45	48	4	39	42	39	31	
26	5	24	1	16	49	13	2	48	11	17	10	14	6	25	28	39	16	33	35	
16	35	26	37	12	14	43	15	49	17	1	36	47	49	19	43	46	6	1	19	
13	24	22	27	16	35	47	9	24	37	41	47	29	9	43	16	2	12	35	47	
21	10	20	1	8	11	16	36	30	15	45	11	48	5	10	37	17	2	3	16	
1	20	29	20	30	48	10	46	4	5	9	22	23	5	47	10	27	20	46	45	
43	13	44	31	49	4	43	30	8	25	13	19	20	11	18	20	26	13	1	46	
On machine	12
47	38	40	22	10	39	44	30	42	6	29	28	2	8	25	40	29	38	33	35	
7	6	28	48	4	10	34	31	7	14	29	49	24	14	48	34	44	12	23	14	
31	44	39	45	18	32	38	48	5	8	29	4	36	17	28	28	27	21	5	20	
17	31	39	26	10	17	34	15	5	40	4	45	28	44	3	29	9	35	40	27	
19	35	20	21	21	4	29	28	19	19	29	6	24	11	48	2	2	7	37	42	
33	35	40	27	40	45	31	29	2	44	19	15	15	13	14	24	21	10	25	28	
48	25	34	46	38	43	6	24	10	2	48	11	17	15	43	16	24	32	32	43	
44	20	39	19	11	43	14	28	44	43	7	46	37	12	1	43	13	3	17	16	
16	22	9	49	45	34	15	20	5	14	16	3	45	25	17	8	29	17	28	46	
42	23	47	41	15	47	37	2	5	46	21	50	29	38	2	39	39	42	1	39	
40	39	31	16	8	33	43	27	38	41	8	8	25	36	15	29	38	8	41	37	
10	45	27	31	31	21	45	12	9	8	25	13	15	4	42	17	2	28	9	12	
26	1	30	43	15	1	33	47	44	24	14	6	33	41	16	13	45	15	2	19	
25	28	6	5	9	38	29	19	21	44	20	43	18	8	17	18	17	21	16	20	
11	28	36	27	13	33	8	28	16	25	49	42	27	27	18	1	22	24	7	39	
37	37	18	1	25	22	40	44	43	9	30	4	12	42	38	12	42	20	40	41	
12	10	50	10	39	18	36	40	43	15	36	48	11	9	31	30	32	23	27	41	
46	7	11	4	3	27	16	40	12	19	12	2	32	3	23	43	19	9	15	24	
19	43	49	21	6	12	40	1	7	24	16	42	3	47	24	8	48	4	27	7	
40	8	39	34	28	15	29	42	30	31	32	23	37	9	36	37	13	49	50	15	
On machine	13
49	43	26	7	33	18	39	7	24	17	30	41	41	21	39	36	10	21	31	42	
1	15	10	13	47	8	49	8	38	4	22	34	33	27	20	36	8	5	50	25	
4	40	15	5	48	3	16	5	13	14	13	19	24	27	36	21	28	7	50	7	
9	27	26	15	15	5	43	27	28	45	31	18	38	11	34	4	34	2	42	25	
32	38	36	11	10	21	44	26	45	5	15	33	23	14	30	20	47	24	8	45	
35	24	18	7	19	9	5	6	29	22	21	46	31	19	43	43	35	50	13	32	
16	24	14	29	6	21	26	35	24	27	12	35	42	7	25	4	38	40	39	50	
39	11	36	6	37	43	17	23	41	43	21	5	40	14	31	31	47	22	47	40	
16	48	8	35	22	5	27	16	29	13	6	44	11	7	50	38	30	25	49	46	
29	31	44	9	28	2	30	29	11	40	5	21	21	28	12	29	44	29	8	43	
1	49	31	3	8	16	43	2	5	37	35	44	20	44	21	2	1	41	31	14	
44	32	47	8	49	50	21	35	2	9	29	30	22	27	1	5	49	21	24	13	
45	1	18	13	7	25	32	12	34	43	38	38	49	19	40	44	24	16	36	3	
50	10	18	27	24	25	36	15	35	27	31	41	47	31	17	50	45	44	46	27	
19	10	45	41	29	41	10	11	10	21	29	29	44	1	29	10	22	10	34	36	
45	17	43	44	46	20	22	1	44	15	26	9	15	41	18	18	23	18	18	13	
22	17	5	29	34	27	4	17	42	24	22	48	34	5	25	44	24	29	7	27	
42	21	18	29	5	22	35	12	14	50	18	5	31	37	17	8	46	47	23	17	
19	37	26	43	26	38	29	25	14	4	5	17	40	25	23	9	7	50	41	33	
23	2	32	27	2	6	21	43	40	15	29	24	26	12	3	24	47	23	15	44	
On machine	14
29	7	37	43	35	19	16	40	33	44	40	18	16	47	17	2	16	36	49	6	
49	18	21	45	3	24	47	12	47	28	3	49	8	21	32	13	16	24	4	17	
47	22	38	31	42	19	33	30	47	23	12	25	14	19	46	47	41	41	39	21	
29	24	18	5	32	25	45	38	4	25	36	36	44	27	12	45	46	41	29	14	
4	3	11	36	42	28	34	13	50	24	17	35	7	42	37	48	25	41	3	50	
9	36	35	36	26	14	17	18	6	48	40	21	7	10	17	11	22	39	42	7	
38	8	25	17	8	35	32	5	35	26	8	40	47	24	30	28	18	23	2	37	
41	20	14	9	49	6	44	26	23	6	46	50	26	47	1	10	15	3	28	1	
15	33	8	22	50	12	23	11	50	27	5	44	24	9	47	14	47	12	26	5	
40	33	42	46	45	24	39	47	38	43	19	47	39	19	32	27	40	13	1	40	
7	27	47	32	37	3	23	12	17	3	25	19	3	3	30	32	8	40	10	40	
31	23	34	44	35	48	40	32	49	50	43	35	47	39	4	42	42	45	42	27	
10	42	35	6	2	49	20	34	28	46	45	50	45	50	15	10	42	1	25	31	
26	23	28	49	46	18	47	36	30	48	23	36	42	5	26	31	48	39	1	4	
27	1	40	21	49	10	41	46	39	50	21	26	48	15	34	2	1	48	28	37	
39	23	26	11	29	45	37	25	47	29	35	20	6	29	26	30	36	32	15	17	
50	7	9	29	23	17	36	22	32	29	47	9	17	47	49	21	50	36	16	17	
35	38	38	3	33	49	33	11	24	28	10	43	31	26	6	47	4	34	35	49	
8	19	42	35	19	46	49	44	5	9	43	1	41	37	31	34	32	49	40	1	
4	49	13	3	3	27	13	28	14	6	42	23	10	48	31	49	44	14	27	36	
On machine	15
11	43	17	34	19	42	14	9	5	19	11	38	13	3	33	38	22	17	21	25	
26	34	8	14	40	38	31	31	20	40	24	26	27	49	23	45	46	19	49	28	
36	46	37	5	15	37	45	18	42	44	26	43	50	50	46	19	41	4	25	9	
26	12	45	12	21	17	24	17	6	38	33	23	29	1	14	5	23	6	10	9	
5	21	23	35	33	4	15	31	18	3	32	24	11	28	6	31	49	46	25	1	
3	14	24	6	47	40	2	4	5	24	36	12	50	15	16	25	42	48	37	12	
36	48	38	28	34	46	12	9	44	45	24	39	30	3	42	38	12	7	39	8	
44	7	1	25	22	45	28	2	46	49	37	19	15	32	29	48	36	45	18	39	
33	38	21	9	45	24	22	34	36	13	26	27	44	36	32	29	28	25	16	25	
40	17	28	6	47	5	21	22	2	37	50	22	39	5	3	45	41	33	26	29	
38	11	42	1	13	49	42	41	36	29	11	17	16	11	33	49	7	23	42	11	
31	41	37	33	19	6	38	4	42	27	9	7	5	16	30	14	23	39	23	19	
46	39	42	22	6	38	25	37	47	47	37	12	9	11	21	23	35	47	10	34	
28	31	2	15	13	21	46	32	33	35	8	23	36	23	50	22	8	11	48	11	
31	25	1	26	24	32	39	21	14	13	7	33	40	33	24	40	34	6	23	3	
42	12	15	44	27	31	13	37	3	15	44	4	40	15	14	21	48	18	33	19	
38	45	7	48	4	27	13	12	36	9	38	11	47	24	12	20	9	39	22	19	
50	48	18	41	13	26	1	19	3	25	16	12	25	5	7	35	44	30	27	15	
9	31	1	4	30	39	18	47	2	33	2	29	4	7	14	48	23	10	29	15	
21	34	15	1	50	45	29	36	36	35	48	48	11	46	21	16	12	40	38	3	
On machine	16
18	9	36	16	39	18	9	26	22	15	27	47	31	48	40	39	36	32	44	1	
17	11	3	6	35	9	9	41	30	7	13	27	16	8	8	18	13	41	50	5	
7	36	44	28	19	5	46	26	41	43	5	38	29	7	44	14	25	8	47	18	
5	31	31	9	8	5	39	16	18	32	1	48	39	43	40	37	2	26	48	2	
14	6	3	25	8	42	1	5	11	22	47	48	42	44	3	9	41	45	5	35	
33	13	47	32	8	33	25	19	29	9	33	39	17	7	40	24	14	6	41	26	
23	18	28	33	15	14	30	26	33	12	46	21	25	3	22	39	40	19	14	24	
46	13	27	41	41	9	22	18	17	29	49	7	42	32	33	24	19	34	38	32	
41	47	43	34	6	33	31	48	20	7	25	36	19	49	19	12	28	20	47	25	
20	14	36	44	38	29	33	28	8	45	19	46	10	15	36	49	12	40	21	48	
33	43	32	13	38	1	1	20	27	19	17	3	47	1	36	40	5	28	44	43	
42	50	33	48	19	13	38	23	14	29	45	7	1	35	4	36	32	41	33	26	
15	5	1	36	11	27	45	10	7	5	14	24	46	37	9	49	25	9	33	20	
33	8	15	14	33	38	46	6	5	40	40	38	19	49	25	27	13	41	33	10	
30	1	47	44	36	26	12	29	31	6	40	39	40	26	35	22	18	43	12	3	
22	27	35	47	18	18	46	24	23	48	22	22	39	31	49	50	17	1	27	11	
42	9	42	23	29	11	9	4	45	45	44	5	6	18	26	42	23	10	29	47	
47	13	1	22	30	41	34	39	18	45	22	15	32	40	44	29	19	22	9	34	
34	22	20	16	37	30	11	7	40	4	47	27	37	20	39	3	7	43	4	2	
27	33	25	29	34	30	39	19	5	48	13	22	45	11	49	44	24	3	38	43	
On machine	17
45	2	41	17	11	9	24	14	50	28	25	40	6	21	26	46	37	34	46	21	
50	8	30	47	28	25	39	19	38	15	29	31	27	16	10	38	38	19	24	25	
39	27	25	8	13	39	5	29	38	29	12	46	17	23	9	41	41	37	9	25	
4	33	46	35	13	39	25	38	29	32	39	37	38	14	34	30	43	36	42	12	
18	45	35	26	47	28	35	22	9	17	15	37	3	25	20	16	36	50	48	12	
34	43	17	31	16	8	10	6	31	11	22	11	49	7	10	30	6	32	20	2	
2	30	42	27	12	12	31	9	16	16	27	7	40	32	3	45	47	50	33	40	
12	43	5	41	36	38	43	20	23	26	39	4	14	1	7	38	2	36	19	12	
38	31	43	40	28	41	33	39	11	47	38	8	48	22	42	47	23	33	11	15	
32	7	6	10	8	2	39	42	34	27	2	2	38	38	11	7	25	47	21	8	
31	35	37	12	12	7	16	18	17	40	5	24	46	41	22	38	21	47	39	47	
4	25	7	10	50	24	30	42	45	41	21	34	37	19	40	22	16	19	37	49	
47	20	3	33	23	42	43	45	45	38	32	9	26	41	28	32	40	10	26	28	
27	43	13	7	38	43	9	37	45	22	11	37	6	21	42	39	14	25	18	17	
13	31	6	2	47	28	7	23	8	4	2	9	49	27	3	32	26	19	22	18	
26	42	44	32	25	18	13	30	38	7	21	17	10	44	32	3	27	27	38	4	
28	28	6	31	22	8	38	29	42	24	22	2	48	26	21	24	1	25	32	6	
46	14	21	47	28	14	19	38	46	39	3	27	43	1	1	32	39	7	15	9	
23	31	32	14	4	49	44	46	5	11	46	22	24	13	48	47	7	19	20	6	
46	5	32	47	47	19	20	45	31	44	35	2	19	49	14	4	3	17	5	25	
On machine	18
2	40	41	16	27	1	30	19	4	35	35	12	43	4	35	32	34	39	23	30	
47	20	35	2	12	40	1	11	11	20	7	17	14	16	21	3	41	16	12	17	
3	36	4	41	46	48	38	26	8	42	12	33	26	7	15	11	21	20	43	26	
20	21	50	13	38	38	42	19	2	46	17	21	30	6	41	17	30	22	5	43	
16	23	39	24	35	47	4	16	8	31	23	11	13	22	10	26	16	21	36	35	
6	36	32	10	40	37	27	26	27	6	1	17	3	5	48	19	3	5	12	14	
7	24	25	39	33	22	11	13	32	39	26	33	46	37	28	18	43	25	46	13	
22	22	47	42	21	45	39	15	3	14	41	37	14	47	48	39	45	22	23	42	
11	9	34	28	25	5	45	50	6	46	23	9	37	22	3	12	16	34	29	28	
35	35	18	3	5	31	46	34	26	5	13	31	50	18	47	28	21	26	8	12	
11	25	40	20	8	18	28	39	30	45	3	28	17	7	25	10	27	42	36	9	
28	22	26	33	10	12	48	35	6	39	25	27	5	24	14	25	15	29	23	1	
25	44	31	1	3	31	39	38	6	28	19	45	44	10	18	6	35	17	13	19	
22	47	32	15	20	22	13	36	38	24	46	4	19	25	18	11	31	22	21	45	
29	16	40	26	49	34	13	28	43	27	32	47	46	4	40	10	8	16	18	16	
40	15	32	28	13	29	16	2	11	17	20	5	19	1	45	10	50	2	19	9	
41	44	32	7	36	27	45	1	31	50	19	16	31	8	37	20	32	35	43	8	
31	13	26	34	2	1	2	11	41	1	23	33	47	50	32	10	9	9	21	22	
34	49	45	41	13	36	28	34	31	47	11	21	7	19	8	6	45	14	39	29	
23	48	17	2	9	7	48	41	46	48	25	32	35	45	42	32	19	34	2	18	
On machine	19
22	44	8	26	2	30	47	34	40	1	42	27	45	24	8	40	1	3	26	33	
41	9	40	43	43	6	35	34	31	38	3	48	8	29	47	21	50	16	23	46	
42	12	42	18	2	10	44	18	36	32	39	41	34	2	28	14	12	15	35	23	
24	8	1	15	24	49	20	10	24	36	35	19	36	42	43	18	17	11	5	12	
2	45	4	12	48	4	38	25	14	33	23	24	39	49	31	41	39	6	3	10	
21	40	2	27	22	19	50	3	47	18	42	17	4	27	7	14	15	49	20	40	
9	46	31	38	29	23	24	29	50	32	16	16	24	12	20	8	47	45	48	24	
8	32	32	33	5	19	41	36	37	18	21	24	47	18	44	18	49	20	11	27	
13	23	29	40	16	30	46	42	40	23	13	39	8	8	30	37	30	32	22	21	
32	19	13	4	38	45	14	39	23	2	19	38	22	14	24	13	28	18	34	14	
7	20	16	7	2	10	44	29	22	39	5	14	7	17	39	35	50	2	47	48	
30	11	44	21	37	43	16	26	31	11	12	35	39	7	24	7	28	42	43	21	
18	10	22	27	12	28	26	11	18	29	19	11	38	48	25	36	23	1	1	9	
13	14	13	32	2	16	47	21	10	42	34	37	41	44	24	26	31	11	25	4	
46	28	50	12	3	35	32	32	43	9	35	28	19	32	28	28	47	40	26	47	
43	44	32	5	8	38	16	6	21	26	27	24	35	35	17	24	22	4	41	46	
30	9	30	10	6	45	38	2	42	34	36	6	31	28	49	24	35	37	45	28	
18	19	46	42	44	15	16	2	40	42	44	13	1	45	4	2	22	10	3	6	
32	28	40	22	23	45	4	36	37	39	48	33	27	28	41	4	18	40	43	19	
14	33	23	37	44	6	49	40	12	32	8	10	9	47	43	34	47	35	21	36	
On machine	20
7	12	4	49	6	45	2	29	7	43	27	6	13	47	49	11	25	44	25	12	
23	48	14	9	5	3	23	15	13	50	5	13	16	2	2	36	11	10	17	32	
17	2	7	32	16	36	7	19	35	5	1	31	41	32	11	36	30	16	44	15	
49	43	8	21	42	37	38	19	17	40	35	8	39	1	33	38	42	3	36	30	
22	9	41	46	27	13	42	27	26	48	43	31	47	24	37	6	33	9	38	13	
45	25	24	42	16	30	31	50	13	24	32	29	20	11	9	26	12	23	36	22	
17	36	49	3	10	45	5	4	42	50	28	10	37	40	15	46	44	24	34	22	
13	33	49	1	29	20	30	48	11	22	36	32	42	9	41	35	39	23	41	3	
3	47	37	1	26	37	29	23	28	18	29	46	40	40	30	21	15	12	17	18	
18	27	34	9	17	9	49	20	4	20	7	45	44	49	18	32	34	28	28	5	
46	9	14	28	6	34	22	22	31	37	6	47	24	30	21	10	4	35	16	27	
41	48	44	22	13	20	21	48	8	49	16	8	7	3	49	12	19	12	39	5	
31	3	32	22	35	31	10	29	19	39	19	35	11	1	48	11	33	50	24	7	
39	23	40	47	14	38	20	46	49	40	50	29	32	45	46	30	36	24	45	13	
10	14	13	25	49	16	5	21	45	20	31	23	44	46	5	31	28	48	1	32	
45	39	34	6	44	9	41	7	46	38	19	27	14	44	49	6	17	9	27	49	
45	4	39	25	26	29	33	46	11	40	16	11	1	40	12	48	43	21	24	31	
22	30	8	2	29	31	26	8	29	21	3	4	17	21	33	50	21	28	49	5	
5	35	2	12	44	44	24	38	11	3	19	47	26	20	16	33	10	33	3	47	
4	23	23	21	43	6	21	7	39	31	2	47	7	38	11	25	28	24	44	18	
Reldue
-1	1008	-1	-1
-1	1191	-1	-1
-1	1766	-1	-1
-1	1504	-1	-1
-1	1249	-1	-1
-1	1743	-1	-1
-1	1472	-1	-1
-1	1147	-1	-1
-1	1193	-1	-1
-1	1365	-1	-1
-1	1307	-1	-1
-1	1001	-1	-1
-1	1760	-1	-1
-1	1178	-1	-1
-1	1757	-1	-1
-1	967	-1	-1
-1	1739	-1	-1
-1	1651	-1	-1
-1	1346	-1	-1
-1	1082	-1	-1
