Families	20
Machines	10
MaxSetupTime	50

Number of Jobs in each Family
9	5	4	7	6	10	8	4	9	7	5	2	9	5	8	7	6	2	1	6	

Jobs in each Family
0	1	2	3	4	5	6	7	8	
9	10	11	12	13	
14	15	16	17	
18	19	20	21	22	23	24	
25	26	27	28	29	30	
31	32	33	34	35	36	37	38	39	40	
41	42	43	44	45	46	47	48	
49	50	51	52	
53	54	55	56	57	58	59	60	61	
62	63	64	65	66	67	68	
69	70	71	72	73	
74	75	
76	77	78	79	80	81	82	83	84	
85	86	87	88	89	
90	91	92	93	94	95	96	97	
98	99	100	101	102	103	104	
105	106	107	108	109	110	
111	112	
113	
114	115	116	117	118	119	

Total number of jobs
120

Processing times of jobs
8	3	8	9	6	6	6	2	1	10	
9	2	4	6	10	5	3	6	4	1	
7	1	2	10	6	7	6	2	2	3	
5	3	10	4	3	5	1	1	3	6	
3	8	8	9	6	2	9	10	5	9	
10	3	8	7	6	5	10	2	1	9	
3	5	6	8	10	7	10	1	6	8	
6	8	4	4	5	7	1	9	5	4	
5	4	2	3	4	1	5	6	5	9	
6	10	6	10	3	5	4	4	9	9	
5	7	4	6	3	1	5	1	5	4	
4	8	1	7	8	10	6	3	4	9	
8	5	2	3	6	7	6	4	8	3	
10	7	1	9	2	5	7	5	10	8	
9	10	5	6	9	7	2	5	3	10	
5	5	9	1	3	4	9	4	8	5	
7	8	9	6	9	1	5	9	4	4	
1	5	9	6	4	6	4	7	10	6	
6	10	8	3	2	2	9	7	10	7	
8	4	9	1	7	6	4	6	5	7	
9	4	9	9	7	8	1	3	9	2	
5	2	5	3	5	6	10	10	9	3	
3	10	10	7	4	9	2	7	2	4	
3	8	4	10	4	5	1	2	6	3	
1	9	9	10	8	9	5	2	3	7	
7	4	3	8	6	10	1	10	6	10	
9	1	2	3	8	5	2	3	1	8	
6	9	3	5	3	4	5	6	9	1	
9	10	5	4	10	3	4	4	6	1	
10	7	5	5	2	10	6	1	6	3	
3	9	5	1	6	2	6	4	7	5	
2	6	1	1	10	4	9	8	8	4	
3	8	9	1	7	6	9	7	7	6	
1	10	7	5	9	10	3	7	1	5	
4	1	6	3	2	9	2	7	6	7	
1	6	10	3	6	5	2	8	9	1	
7	2	5	6	10	6	10	8	9	3	
6	6	6	5	1	10	7	3	9	10	
3	3	1	3	3	8	10	5	2	6	
5	2	1	1	7	8	10	8	4	4	
4	3	1	6	6	3	4	8	7	1	
5	6	10	2	10	5	2	7	5	4	
10	6	1	1	9	2	7	5	1	2	
5	4	6	2	4	2	3	7	6	10	
7	10	10	3	3	6	10	1	5	9	
8	5	6	3	6	5	8	7	2	2	
3	10	5	1	5	6	9	8	2	9	
9	6	10	9	10	9	10	3	1	9	
2	1	9	5	6	9	10	1	1	4	
5	10	8	2	6	10	5	6	4	7	
8	10	2	7	5	1	8	7	9	2	
1	9	6	8	3	8	7	2	2	5	
9	6	2	2	10	3	4	10	3	6	
4	4	2	4	4	8	10	2	2	7	
1	5	9	7	5	7	3	7	9	7	
1	2	5	8	10	1	5	10	4	9	
9	4	4	4	4	1	10	10	6	6	
4	2	4	7	9	3	2	9	6	6	
7	10	2	3	4	8	6	4	9	8	
2	5	3	7	6	2	8	1	9	8	
3	7	7	4	2	3	5	9	10	9	
4	2	5	4	4	5	3	5	7	3	
1	3	4	2	10	5	6	6	6	10	
4	1	10	1	1	5	8	9	10	10	
5	10	3	6	7	5	5	1	4	10	
1	10	4	9	6	1	7	5	9	8	
4	2	1	9	10	2	6	6	4	4	
1	9	2	2	9	2	3	3	5	8	
1	6	6	9	8	9	10	1	1	8	
2	3	7	7	7	9	1	3	8	9	
4	10	8	4	4	3	6	6	9	3	
2	5	5	3	2	6	6	2	7	3	
6	10	9	4	4	1	1	1	4	10	
9	5	8	2	10	9	10	3	1	1	
3	5	2	6	3	3	8	5	7	1	
5	4	2	9	1	9	3	5	5	6	
1	9	2	2	10	10	5	2	8	4	
10	5	2	6	2	10	7	2	9	7	
6	5	7	7	9	1	3	1	2	8	
8	4	3	5	9	1	10	3	5	10	
6	10	9	5	10	7	10	4	6	5	
5	1	7	1	10	7	9	3	8	7	
6	2	4	9	3	9	2	5	1	2	
7	9	7	8	9	7	1	9	6	5	
1	7	4	9	3	2	2	7	2	5	
7	5	2	7	2	1	7	2	6	8	
5	1	8	9	5	10	7	9	10	2	
3	6	1	7	4	4	7	1	6	7	
4	1	4	4	5	4	5	5	6	5	
6	5	8	1	7	10	6	9	1	1	
6	6	4	8	9	10	7	5	5	10	
8	3	7	1	10	8	4	9	2	4	
8	8	1	2	4	6	3	1	8	1	
4	7	9	2	2	10	4	1	8	1	
10	3	1	9	9	7	10	9	4	4	
9	7	5	8	5	6	10	4	1	2	
8	2	10	5	2	1	3	9	10	10	
6	1	9	8	3	8	8	7	5	6	
4	6	10	1	5	2	5	9	5	3	
5	3	1	8	4	2	8	9	7	3	
7	3	10	10	2	1	3	9	2	8	
3	5	1	10	5	10	10	5	9	5	
8	8	10	2	9	4	6	4	1	3	
5	2	4	3	8	8	10	6	6	1	
2	4	9	2	2	3	8	10	6	10	
6	9	10	1	6	10	9	1	9	8	
5	6	6	3	1	2	9	9	7	2	
5	7	9	2	10	1	3	1	5	9	
4	5	5	7	8	3	3	6	1	4	
6	7	5	7	4	7	7	5	3	2	
9	9	4	1	8	3	9	6	4	8	
9	5	10	4	1	5	3	8	6	10	
3	1	4	5	3	1	3	3	5	3	
8	7	3	4	10	9	8	9	10	7	
3	2	10	8	8	9	5	10	9	10	
9	1	3	9	6	6	4	9	1	7	
2	6	2	1	3	3	4	7	2	6	
5	8	10	10	2	5	6	1	6	3	
2	2	5	2	7	3	8	5	9	9	
7	3	9	5	6	4	5	9	7	6	

Stepup times between family, where [f][f] represents initial setup time
On machine	1
2	1	49	19	12	1	17	15	33	29	29	6	43	36	4	40	37	49	2	43	
2	39	33	23	15	38	37	26	22	4	47	28	33	15	12	8	41	33	22	37	
49	32	34	26	33	45	44	22	3	18	50	36	3	45	23	7	28	31	22	28	
9	35	19	50	17	12	13	31	32	41	46	40	42	1	15	21	34	3	22	46	
10	1	32	9	50	13	46	29	3	33	13	33	31	18	12	3	28	16	32	26	
15	40	12	41	22	38	8	40	42	5	46	14	46	26	29	41	40	2	35	8	
48	3	24	20	30	30	28	18	11	7	41	22	1	34	1	2	44	24	28	41	
5	20	34	23	18	29	16	18	42	30	36	15	44	19	8	44	9	8	1	4	
5	1	13	19	28	42	46	34	6	10	1	10	41	46	32	21	5	11	31	10	
16	31	33	8	35	45	44	19	37	18	34	19	40	19	28	49	13	38	13	35	
2	40	1	3	24	18	12	29	44	39	10	20	16	45	47	40	50	29	26	34	
31	41	29	11	32	39	22	32	22	31	30	48	47	8	1	43	43	38	31	27	
27	1	32	17	35	27	19	2	17	42	21	40	20	10	45	30	49	18	43	45	
48	8	46	37	22	22	22	13	24	12	47	21	9	17	39	22	46	31	41	33	
7	11	48	29	13	27	43	10	6	46	39	32	22	16	13	34	44	32	47	41	
41	41	24	3	46	39	16	42	48	40	43	42	21	32	36	37	26	17	26	8	
5	40	32	8	29	17	6	48	10	28	39	34	2	42	49	16	20	10	25	29	
50	3	34	21	41	44	39	29	25	34	46	44	9	25	14	21	34	1	3	21	
7	37	36	42	19	16	3	24	39	16	39	50	1	49	39	8	39	19	7	33	
17	12	39	3	12	29	29	14	28	41	1	49	35	7	2	12	34	43	30	23	
On machine	2
17	36	40	45	40	14	25	10	47	48	17	34	8	16	30	35	37	21	39	39	
8	5	47	7	41	32	33	39	30	32	15	32	30	35	48	48	20	17	1	3	
46	42	30	4	27	42	14	38	41	19	13	26	3	47	45	40	25	42	25	29	
37	28	16	35	35	19	19	39	38	9	42	18	27	12	44	45	22	4	38	26	
12	10	40	13	23	34	48	49	23	17	50	1	2	30	2	11	31	38	26	11	
23	7	39	31	40	8	11	22	41	18	20	16	10	1	49	44	17	12	2	49	
15	36	49	49	45	25	38	49	27	41	48	15	35	30	34	41	45	42	32	20	
11	37	40	14	47	27	34	38	19	20	9	15	7	21	43	30	18	25	32	22	
20	24	27	18	39	17	43	47	39	27	33	7	45	27	41	1	29	30	26	21	
5	46	27	6	16	29	8	48	17	16	17	44	23	16	45	21	19	42	47	33	
41	24	11	3	3	9	5	27	8	4	23	20	35	3	47	27	6	19	36	31	
24	7	7	7	19	38	31	47	2	3	11	44	42	2	39	23	17	1	9	46	
16	9	17	18	26	46	29	19	10	49	32	6	29	27	28	25	13	33	12	37	
42	6	41	17	22	33	13	35	42	30	41	31	7	34	10	14	41	27	30	34	
31	13	10	14	20	20	16	14	30	9	23	34	28	45	8	18	47	26	15	37	
31	32	44	1	20	40	31	29	9	35	34	35	40	40	10	15	38	47	13	35	
40	7	4	43	35	27	6	30	16	27	17	32	37	26	37	2	30	22	7	29	
9	36	48	20	50	46	5	30	48	2	47	43	39	20	47	22	2	49	1	7	
22	21	32	43	23	17	40	45	47	10	8	47	27	44	46	42	3	46	6	10	
11	33	20	9	28	41	31	1	34	2	22	20	5	26	35	43	31	32	12	39	
On machine	3
5	3	48	8	6	22	24	48	21	13	20	19	13	12	12	13	25	18	30	20	
28	19	41	8	36	22	22	37	28	23	34	43	15	39	40	42	34	35	20	16	
50	26	2	7	7	47	23	2	14	46	8	37	24	27	33	39	49	25	12	5	
22	4	22	23	44	14	31	33	12	31	16	33	17	49	38	5	37	45	31	28	
14	22	46	45	48	35	37	16	8	11	18	37	27	48	21	38	11	16	43	1	
28	35	11	5	24	47	47	7	47	20	12	33	32	1	4	48	36	48	5	33	
10	41	5	9	8	22	34	23	14	41	26	19	36	21	1	29	3	12	8	50	
30	25	28	30	19	32	33	31	18	26	32	46	4	13	41	34	38	28	48	31	
42	18	23	23	43	23	33	3	6	41	21	11	46	36	43	38	6	15	21	21	
42	14	44	9	37	14	31	15	46	32	15	28	28	27	46	10	5	48	7	1	
35	23	39	29	36	3	8	11	5	5	19	23	8	37	3	29	10	19	1	2	
19	31	34	26	38	50	10	22	1	27	5	27	44	36	34	31	44	45	39	3	
23	23	50	36	28	27	3	25	36	44	40	23	9	12	19	13	48	15	43	13	
45	28	22	8	44	15	39	35	1	22	9	23	28	42	9	26	15	43	17	36	
38	42	1	24	21	26	26	6	29	15	14	40	18	40	50	31	47	3	13	7	
46	5	6	34	22	7	6	10	41	43	22	24	4	18	42	31	1	41	19	45	
23	18	45	4	17	32	38	30	34	20	34	47	26	31	5	5	31	19	47	7	
14	32	28	23	45	13	48	27	10	47	5	30	49	19	14	35	37	38	17	25	
20	38	11	22	32	31	19	3	31	34	12	12	33	21	12	29	12	19	6	47	
44	27	17	13	40	23	35	41	15	41	19	44	22	32	15	47	31	5	10	26	
On machine	4
27	19	21	16	42	24	40	25	46	49	42	47	47	49	8	5	21	12	10	41	
36	40	49	25	17	11	41	18	33	8	44	16	1	17	48	46	13	27	3	32	
19	22	25	46	26	38	13	43	49	44	6	43	37	28	39	33	11	14	20	26	
30	1	13	46	11	23	39	42	12	11	27	35	18	2	15	4	7	16	48	38	
33	33	7	40	19	1	16	7	44	23	29	50	6	7	23	24	9	36	16	15	
27	7	1	34	46	12	41	11	46	49	12	49	33	37	43	25	44	41	12	47	
30	29	13	7	3	30	49	9	15	9	13	46	40	29	4	11	50	16	8	16	
13	6	29	47	15	45	33	40	12	5	22	36	15	4	27	25	20	33	26	19	
23	25	13	40	9	4	21	7	42	48	42	42	7	25	24	48	2	21	13	38	
6	44	47	42	18	11	9	39	30	22	1	5	41	19	21	24	39	37	35	10	
11	41	4	9	31	23	12	21	31	49	39	11	18	48	50	22	47	12	16	44	
32	31	44	15	39	1	11	22	26	33	49	49	1	47	36	37	18	27	21	17	
49	11	20	17	1	12	31	44	4	21	3	49	30	19	34	37	45	45	22	20	
21	17	26	39	49	49	8	37	25	3	44	22	41	22	35	18	5	20	25	41	
43	25	9	1	25	17	38	35	31	23	8	33	8	31	44	50	18	5	10	7	
10	35	30	3	20	49	17	41	22	30	19	1	24	44	33	25	49	8	49	30	
12	18	8	12	22	39	50	24	37	19	16	20	8	40	28	36	46	1	40	23	
27	28	19	9	16	3	25	38	43	37	9	19	3	38	24	33	1	45	4	42	
48	12	7	9	37	7	33	7	12	9	45	43	17	40	23	31	47	22	14	39	
25	49	14	26	13	23	15	43	26	17	17	18	31	40	22	15	38	32	14	5	
On machine	5
39	33	47	42	7	39	42	36	9	41	5	31	28	43	22	1	4	25	41	35	
44	18	50	39	35	3	9	44	11	40	3	14	1	24	30	49	41	34	17	7	
49	18	25	36	1	19	17	9	10	15	36	4	27	42	18	26	38	27	40	39	
17	16	31	25	38	13	34	9	46	42	27	44	24	36	9	24	1	47	33	6	
48	33	32	23	9	48	28	11	38	12	5	1	22	26	18	44	1	16	31	15	
27	8	33	18	37	22	11	7	40	48	39	41	44	27	36	49	42	1	47	33	
31	18	50	46	35	33	1	21	5	45	4	26	26	15	45	4	26	36	40	24	
44	11	6	25	41	32	2	18	29	5	33	7	46	16	44	24	50	44	15	7	
21	21	28	44	22	31	31	1	17	1	50	10	17	45	15	37	16	26	37	35	
41	42	32	15	43	13	41	32	5	42	13	41	8	21	38	28	19	3	16	7	
48	48	3	49	26	3	38	3	18	13	40	4	25	32	43	31	3	20	26	11	
32	14	19	21	22	20	13	3	27	42	11	29	11	9	37	5	50	12	20	30	
47	48	16	41	37	21	28	39	34	11	33	9	23	18	34	18	27	13	10	1	
9	47	2	18	41	47	40	8	8	19	24	49	15	42	1	33	12	13	14	35	
42	19	7	6	32	7	28	45	35	38	7	49	49	34	24	24	49	4	21	30	
11	21	46	36	27	36	23	22	17	40	10	50	15	20	28	2	8	40	16	8	
33	43	5	36	34	44	37	43	36	12	6	5	8	43	50	7	32	39	29	35	
18	27	23	41	2	46	34	4	49	35	35	43	11	42	36	42	23	16	18	45	
30	18	25	38	42	14	49	28	41	39	42	32	29	13	1	2	26	6	7	23	
20	19	50	14	26	29	49	44	3	13	48	36	27	15	21	50	38	47	31	31	
On machine	6
36	1	34	8	40	10	17	35	38	5	34	10	28	44	48	42	38	50	26	47	
9	42	33	5	44	25	20	47	10	44	46	13	19	49	41	1	30	8	32	7	
22	30	37	9	33	19	25	33	47	49	23	32	29	38	34	19	46	3	38	31	
44	5	48	38	41	38	15	14	36	2	33	48	14	8	42	28	42	6	41	38	
10	30	5	6	50	3	28	27	33	48	33	17	23	43	48	8	46	46	20	1	
8	50	17	38	5	1	10	7	6	32	17	33	41	36	26	22	32	50	43	26	
35	2	38	12	17	48	40	45	40	45	13	47	17	48	26	15	27	28	50	21	
8	5	6	33	29	5	34	42	17	38	19	26	19	15	21	9	34	40	31	33	
38	38	15	46	34	18	34	45	50	19	44	30	43	18	6	30	30	33	28	50	
20	4	9	47	17	32	8	38	30	25	3	30	32	1	33	13	20	28	19	3	
13	18	9	37	45	14	34	34	29	38	33	1	16	23	50	12	44	10	8	28	
28	41	49	12	47	20	30	20	49	32	40	23	43	35	36	27	41	38	21	48	
40	37	34	43	28	5	10	40	3	25	38	38	38	44	31	36	21	5	20	24	
50	12	24	7	12	18	8	4	45	21	17	28	14	19	23	26	29	21	10	18	
33	30	46	23	11	11	28	7	4	32	24	19	25	36	36	40	12	40	26	1	
36	29	12	41	4	41	41	48	42	18	12	27	31	40	26	42	45	6	24	40	
14	11	5	27	26	21	19	21	45	47	10	43	31	13	2	6	29	10	48	37	
27	15	20	20	19	42	32	30	1	32	23	5	21	29	13	11	24	15	19	43	
40	8	3	49	44	24	6	7	3	44	41	46	45	3	32	41	50	18	6	28	
32	48	4	7	27	19	31	5	28	7	35	49	24	17	5	40	39	20	17	2	
On machine	7
6	15	25	1	25	47	39	16	5	32	46	4	46	33	22	17	3	18	31	48	
21	41	1	43	15	23	14	48	36	2	33	43	18	43	39	22	47	34	43	14	
27	30	15	48	4	49	31	16	47	25	6	42	15	33	10	37	31	9	36	22	
7	16	31	35	18	1	6	7	26	49	10	31	32	36	47	34	5	20	10	48	
39	34	39	18	35	44	37	48	11	2	16	42	28	17	48	50	18	38	49	43	
43	3	42	19	30	10	50	9	16	5	22	13	11	29	23	23	2	6	19	1	
36	25	5	1	13	4	30	23	47	48	40	44	43	44	40	23	9	35	15	5	
33	47	36	42	22	31	13	45	40	13	50	50	42	11	37	33	32	6	49	18	
7	38	44	42	20	4	28	15	6	28	13	35	34	25	17	37	28	36	5	17	
38	36	21	12	40	50	32	42	2	17	9	39	27	23	36	9	19	47	2	29	
24	36	34	22	46	20	22	40	26	20	47	42	7	39	34	19	45	45	29	44	
5	48	49	1	1	10	37	22	39	33	21	37	40	20	15	14	25	44	12	20	
28	24	17	26	47	21	26	12	33	15	18	36	10	22	30	36	13	15	15	22	
8	19	9	18	40	30	18	26	16	46	15	49	46	46	2	34	39	47	31	33	
4	3	18	45	13	4	34	27	28	31	31	37	10	15	24	22	40	25	2	11	
44	20	29	36	49	1	45	45	1	33	11	45	4	16	5	32	50	37	9	46	
43	31	26	28	27	46	29	33	33	3	22	8	13	17	40	7	13	17	32	12	
36	37	21	17	9	48	13	25	45	37	45	47	9	37	32	35	42	23	46	27	
40	25	43	15	39	37	32	32	37	47	43	41	1	29	50	42	1	9	47	34	
22	38	36	5	32	12	18	35	17	34	4	33	29	22	4	9	30	8	37	23	
On machine	8
8	25	50	24	6	27	1	49	7	3	47	46	39	24	21	26	47	11	32	38	
33	47	48	2	24	1	32	9	3	20	13	18	49	42	13	29	24	4	26	6	
2	24	8	2	31	14	31	40	25	35	30	20	32	24	45	40	44	45	23	4	
37	46	7	31	12	40	46	3	8	48	44	1	13	36	10	14	37	24	42	41	
35	49	14	48	19	20	3	37	49	45	7	23	42	47	17	20	13	6	40	46	
38	49	38	48	18	8	37	4	10	27	33	13	49	16	10	1	25	13	48	23	
16	46	47	28	26	47	45	3	14	41	9	19	11	19	12	32	29	28	6	47	
45	4	13	4	29	4	10	35	44	15	6	28	37	28	18	2	40	5	18	50	
18	3	6	26	27	25	5	14	21	29	28	4	43	47	39	3	16	30	20	19	
15	45	15	30	28	7	44	17	26	4	34	16	9	21	32	46	34	33	21	47	
32	48	16	46	6	21	5	24	49	6	8	50	49	27	22	12	32	11	5	5	
40	15	37	33	1	22	33	28	2	14	30	20	41	22	42	8	35	23	22	37	
10	44	23	46	37	26	38	50	29	1	18	22	7	45	13	47	32	12	31	43	
31	27	36	17	42	2	6	15	31	22	29	28	50	30	15	25	32	3	24	50	
14	49	19	36	42	38	33	1	8	30	38	32	44	36	29	15	44	24	47	23	
2	37	6	19	28	48	33	4	18	24	17	5	12	23	28	10	14	4	35	35	
5	49	10	29	21	4	11	11	20	36	14	31	25	30	14	40	30	14	23	25	
20	46	18	44	2	1	32	15	15	7	42	23	21	35	48	40	12	46	40	32	
39	18	27	27	7	28	29	16	34	15	42	18	13	12	37	39	34	47	35	10	
28	36	48	9	42	6	24	31	37	44	31	46	19	49	38	44	28	14	25	41	
On machine	9
5	11	42	4	12	38	7	25	46	35	48	46	44	36	4	16	23	13	11	8	
16	35	27	18	16	28	41	32	45	42	18	21	24	17	16	12	31	7	13	2	
50	23	50	7	20	3	2	19	5	10	2	30	40	13	14	25	1	4	37	50	
20	7	50	20	18	7	31	33	40	9	15	26	6	17	10	15	17	16	37	16	
38	18	48	24	24	18	14	26	10	35	37	3	7	13	41	44	2	27	10	14	
2	37	19	12	44	31	20	27	28	16	29	22	9	20	38	17	30	28	16	15	
9	27	12	22	24	27	37	9	15	46	20	36	18	43	17	17	39	32	16	40	
18	49	34	6	6	18	4	30	40	19	21	30	20	41	38	19	48	43	29	34	
24	3	8	43	45	44	15	6	21	13	23	14	5	21	30	35	3	15	25	10	
9	16	29	31	34	27	19	28	22	37	9	15	38	1	20	39	44	29	21	8	
5	46	19	12	29	27	16	6	34	43	33	43	24	13	47	24	27	5	41	50	
11	25	11	1	18	22	25	34	17	9	14	28	42	14	35	31	46	31	37	36	
35	40	5	45	43	8	47	7	37	21	26	33	22	42	27	13	46	45	15	26	
24	32	30	12	13	37	31	19	13	50	26	38	45	50	1	18	1	25	42	42	
41	8	8	4	24	44	46	4	4	7	25	45	35	21	38	28	38	14	6	48	
7	47	14	34	40	24	3	14	1	49	49	34	18	11	9	32	9	27	36	8	
21	50	8	32	38	30	9	18	8	47	41	6	29	50	18	35	7	27	39	25	
43	34	35	14	26	32	34	44	15	13	13	39	42	33	4	50	43	27	47	31	
10	43	45	5	39	2	42	21	22	17	50	2	21	20	22	43	40	23	48	46	
34	46	34	15	27	7	44	48	33	37	11	8	38	17	28	27	35	7	49	15	
On machine	10
15	41	39	34	17	24	32	37	36	36	6	16	10	36	23	11	29	31	7	29	
50	22	11	26	47	36	31	45	20	4	32	28	47	21	9	1	36	11	38	47	
34	18	46	36	8	31	26	3	3	9	46	10	36	2	14	48	26	43	37	23	
20	28	42	27	43	45	12	36	29	48	10	18	2	30	31	49	41	1	6	23	
47	44	1	27	50	19	44	8	19	35	8	39	38	16	4	31	17	31	18	34	
35	22	10	36	2	11	50	43	44	5	9	47	4	10	24	45	26	1	41	45	
26	9	49	39	47	25	46	37	41	11	50	19	26	12	28	17	47	50	44	18	
8	49	19	30	28	25	21	40	28	12	10	13	9	10	6	1	2	18	18	41	
16	50	22	29	20	3	21	49	12	38	32	38	15	45	14	41	43	35	36	36	
7	18	39	30	23	13	9	45	26	23	48	14	49	46	19	5	6	44	26	37	
30	33	19	1	47	17	11	6	19	14	38	45	24	11	32	6	34	39	32	5	
31	48	32	22	9	47	3	1	31	45	10	45	33	4	6	21	9	15	46	47	
38	40	50	27	49	33	2	11	10	16	1	8	50	2	13	5	14	50	3	35	
20	41	46	48	47	17	35	40	33	49	27	11	12	40	23	12	26	44	23	13	
32	30	24	13	16	6	9	35	43	31	32	34	34	49	16	41	43	30	21	33	
33	46	18	30	38	6	9	41	20	10	23	2	18	42	19	39	38	49	17	21	
48	13	36	23	10	47	4	8	45	19	22	10	6	27	37	14	29	4	21	43	
10	3	32	42	9	6	35	20	6	33	16	39	33	23	39	13	26	3	6	19	
39	18	50	30	19	33	28	21	32	18	43	37	48	48	44	34	3	4	9	6	
22	8	32	11	40	47	25	33	16	18	7	3	17	30	25	35	21	50	46	48	
Reldue
-1	1269	-1	-1
-1	2427	-1	-1
-1	665	-1	-1
-1	1514	-1	-1
-1	935	-1	-1
-1	624	-1	-1
-1	2217	-1	-1
-1	1941	-1	-1
-1	1618	-1	-1
-1	664	-1	-1
-1	527	-1	-1
-1	1336	-1	-1
-1	2211	-1	-1
-1	432	-1	-1
-1	816	-1	-1
-1	2087	-1	-1
-1	1927	-1	-1
-1	949	-1	-1
-1	1594	-1	-1
-1	894	-1	-1
