Families	40
Machines	10
MaxSetupTime	100

Number of Jobs in each Family
4	9	9	3	1	8	9	8	3	3	4	8	4	6	4	10	2	3	5	9	8	1	8	1	7	6	2	6	4	9	1	9	5	1	3	5	3	9	3	7	

Jobs in each Family
0	1	2	3	
4	5	6	7	8	9	10	11	12	
13	14	15	16	17	18	19	20	21	
22	23	24	
25	
26	27	28	29	30	31	32	33	
34	35	36	37	38	39	40	41	42	
43	44	45	46	47	48	49	50	
51	52	53	
54	55	56	
57	58	59	60	
61	62	63	64	65	66	67	68	
69	70	71	72	
73	74	75	76	77	78	
79	80	81	82	
83	84	85	86	87	88	89	90	91	92	
93	94	
95	96	97	
98	99	100	101	102	
103	104	105	106	107	108	109	110	111	
112	113	114	115	116	117	118	119	
120	
121	122	123	124	125	126	127	128	
129	
130	131	132	133	134	135	136	
137	138	139	140	141	142	
143	144	
145	146	147	148	149	150	
151	152	153	154	
155	156	157	158	159	160	161	162	163	
164	
165	166	167	168	169	170	171	172	173	
174	175	176	177	178	
179	
180	181	182	
183	184	185	186	187	
188	189	190	
191	192	193	194	195	196	197	198	199	
200	201	202	
203	204	205	206	207	208	209	

Total number of jobs
210

Processing times of jobs
4	4	7	5	6	6	4	1	1	5	
9	5	5	8	2	7	7	8	10	6	
2	10	4	2	1	9	2	7	6	9	
5	5	7	1	8	10	4	8	3	2	
7	1	7	1	4	4	8	7	3	1	
4	9	4	6	9	6	6	6	4	2	
1	3	10	8	6	3	5	6	9	8	
7	8	10	3	8	2	8	10	2	8	
6	8	9	1	9	9	2	10	3	3	
8	9	7	7	7	4	2	9	4	4	
9	10	5	5	3	10	1	2	9	10	
1	1	8	3	5	5	9	9	3	7	
2	3	8	5	4	5	8	1	3	2	
10	4	9	10	8	2	5	10	10	2	
9	8	8	3	8	1	4	10	4	8	
3	1	7	8	10	9	7	2	7	3	
4	6	6	2	8	5	4	4	10	6	
8	2	4	8	5	9	10	1	7	3	
7	8	3	5	6	8	1	2	7	6	
1	6	1	7	5	3	3	2	10	7	
3	4	3	8	1	6	4	4	7	10	
1	4	5	6	2	10	1	7	4	1	
6	7	7	6	5	3	10	5	8	2	
6	2	1	1	8	4	3	8	10	4	
5	7	7	2	2	4	8	10	7	2	
9	7	1	3	7	6	2	7	6	4	
8	4	6	2	9	4	9	6	1	9	
10	2	3	7	3	9	2	3	9	7	
8	8	9	6	5	7	7	4	2	5	
2	1	1	1	3	5	10	10	4	1	
10	8	8	2	3	3	10	1	3	9	
7	2	1	9	5	1	9	1	4	10	
3	10	4	10	6	3	1	7	9	8	
1	5	3	3	8	3	9	10	2	3	
1	1	9	9	9	9	4	10	2	10	
2	4	8	8	4	9	5	3	4	7	
5	2	6	1	10	8	1	10	5	1	
4	7	6	8	3	5	10	2	3	6	
1	6	9	1	3	7	4	9	1	2	
6	7	10	5	3	2	10	9	7	3	
2	4	8	8	4	8	5	7	6	5	
5	7	9	2	4	8	8	1	4	7	
1	9	7	10	4	3	8	7	3	5	
9	8	8	2	10	7	2	4	8	8	
2	4	7	2	3	6	1	5	1	7	
5	9	6	3	10	9	8	3	2	5	
4	9	3	7	3	4	9	6	2	9	
8	8	1	9	6	1	1	3	2	5	
7	8	5	6	9	10	6	7	1	5	
10	7	9	6	2	5	3	9	7	9	
9	9	8	4	9	10	5	9	10	10	
7	8	6	3	5	6	10	9	6	9	
9	3	8	1	4	10	5	10	6	1	
1	8	3	9	4	4	8	7	2	1	
5	10	6	6	8	8	3	4	9	4	
6	2	8	1	7	5	4	6	4	9	
2	9	4	5	1	3	2	4	6	5	
2	3	8	6	8	10	6	5	8	10	
4	6	8	4	2	2	7	4	5	2	
5	7	3	10	3	2	9	8	8	1	
3	1	7	6	9	4	5	2	9	4	
2	3	3	2	10	9	3	9	6	3	
9	5	7	10	4	7	8	2	3	3	
1	6	1	7	8	9	3	5	3	3	
3	2	3	1	3	5	8	3	3	2	
8	1	7	1	4	7	10	3	10	2	
3	2	6	9	8	4	6	1	5	10	
1	3	4	7	6	6	1	5	6	4	
1	10	7	8	8	7	10	3	5	4	
4	2	9	2	4	1	5	4	8	1	
1	8	1	1	1	7	6	4	7	2	
10	8	4	8	5	2	4	7	6	4	
8	4	7	10	5	5	8	4	2	4	
7	10	6	5	8	4	7	4	6	2	
6	8	3	6	4	7	7	9	5	5	
4	10	4	2	5	9	10	6	4	7	
8	1	4	6	3	10	1	10	2	6	
3	6	1	10	6	7	8	10	3	2	
6	4	5	7	9	1	2	10	10	7	
7	3	8	5	10	10	1	3	4	5	
5	10	8	3	7	8	2	4	9	1	
5	7	4	5	6	10	1	8	9	4	
5	5	10	3	1	2	9	2	1	4	
4	3	1	10	2	10	2	3	6	8	
8	10	5	7	2	7	9	2	9	4	
10	6	10	6	7	10	2	8	6	9	
7	1	10	9	4	7	6	7	3	2	
3	6	9	2	2	3	2	3	3	4	
7	9	6	4	9	10	8	7	8	6	
4	5	5	1	8	2	3	3	5	6	
2	10	2	10	6	6	2	5	1	3	
3	4	1	3	4	8	6	7	2	8	
2	4	9	10	2	10	5	1	10	10	
6	4	7	7	4	6	9	1	7	9	
1	7	7	3	6	3	5	2	3	4	
4	8	1	9	2	8	6	10	8	3	
6	8	7	10	2	3	9	5	4	5	
1	10	4	3	1	10	8	8	6	1	
5	9	10	6	8	10	8	4	5	10	
9	6	4	4	3	7	8	3	5	7	
5	5	10	5	10	7	9	6	10	7	
5	4	1	2	7	7	2	4	4	3	
2	6	10	10	3	10	3	6	4	10	
4	9	9	5	7	5	8	4	10	5	
5	3	6	7	1	1	9	6	9	2	
7	9	10	1	5	7	7	8	4	5	
9	2	9	8	8	9	1	1	10	6	
3	10	6	9	9	3	3	1	8	7	
5	3	3	5	3	8	10	6	5	8	
6	1	6	7	6	9	8	6	7	1	
10	10	10	1	9	7	8	9	3	2	
10	3	3	2	7	5	3	9	6	4	
4	8	1	4	4	3	9	7	9	9	
10	3	9	6	10	8	10	2	6	5	
5	10	6	3	6	10	3	9	3	3	
4	10	1	2	7	8	7	1	8	5	
3	9	6	5	4	9	9	6	5	2	
10	8	4	5	1	10	5	1	9	8	
8	3	6	3	10	8	7	10	5	3	
2	6	7	2	1	6	8	4	8	2	
8	6	4	6	5	3	3	8	9	8	
5	2	2	3	6	2	8	6	10	8	
6	10	3	2	3	5	1	5	4	7	
8	9	8	8	4	4	5	9	1	1	
9	1	6	8	7	5	7	4	9	2	
9	3	9	1	4	8	4	9	6	7	
6	3	3	7	8	4	2	1	10	2	
1	8	5	3	8	8	2	10	3	10	
2	7	3	7	4	7	3	8	3	4	
5	8	9	4	5	2	6	8	9	8	
6	9	10	10	4	2	5	7	5	5	
6	1	6	9	7	9	8	5	3	4	
3	6	10	6	9	3	9	6	7	1	
5	6	5	8	4	7	1	7	9	7	
9	8	9	4	10	10	8	7	5	4	
4	9	5	9	8	8	2	4	3	4	
4	8	2	3	2	2	8	10	2	3	
1	3	8	10	1	7	9	3	2	5	
2	4	8	5	2	3	3	7	10	7	
9	8	2	3	9	3	6	3	8	1	
7	2	9	6	5	4	1	8	1	10	
6	1	6	5	2	9	6	1	1	7	
1	9	2	9	3	8	5	2	3	1	
2	7	6	3	10	6	2	7	10	8	
4	7	8	1	4	10	9	1	4	4	
10	7	4	8	1	6	4	2	10	1	
4	1	1	9	5	1	2	2	2	4	
6	10	8	3	10	4	1	5	8	9	
10	4	7	1	4	10	5	3	4	4	
7	7	6	7	3	10	7	3	6	5	
3	5	9	2	4	9	7	7	9	5	
2	8	2	6	8	5	5	9	5	6	
3	9	3	8	5	6	3	5	9	2	
9	4	5	3	8	1	6	9	3	4	
1	10	5	1	3	9	8	4	4	7	
2	10	7	9	3	7	10	5	8	8	
2	4	10	10	5	4	6	7	6	7	
9	3	5	10	4	8	5	7	1	1	
1	4	1	3	6	2	10	7	4	9	
2	7	1	8	3	6	7	3	1	8	
5	3	6	5	2	3	4	3	6	7	
5	3	1	7	10	4	3	8	1	3	
8	9	9	2	9	6	7	6	4	10	
10	7	1	7	2	9	8	2	4	2	
6	7	1	9	7	6	7	6	4	2	
8	4	10	8	7	7	6	2	4	10	
3	1	2	6	10	3	5	8	3	3	
3	1	5	2	1	3	6	9	6	9	
6	8	9	5	4	2	2	7	3	3	
8	9	2	2	8	8	5	2	7	2	
3	8	10	1	5	8	8	7	9	5	
6	4	10	10	4	7	5	3	3	10	
2	1	2	1	10	5	6	1	8	8	
9	8	8	4	10	5	10	5	1	10	
1	7	4	8	9	10	5	10	7	3	
2	8	9	4	10	6	4	4	7	8	
9	7	2	8	9	4	1	1	7	10	
7	5	5	8	5	10	5	4	7	3	
4	3	9	9	4	5	6	8	7	8	
2	6	3	3	4	5	5	9	2	6	
6	4	5	7	6	1	5	3	2	7	
6	7	1	1	9	2	8	1	10	5	
10	9	5	7	10	5	3	5	3	1	
4	10	10	5	8	5	7	3	10	3	
7	1	8	2	10	6	9	5	5	1	
2	5	3	9	1	10	2	9	10	8	
8	3	10	3	1	6	1	2	4	5	
5	6	8	6	5	8	2	10	2	8	
8	6	6	7	9	7	5	2	4	3	
6	2	2	6	7	10	5	4	3	7	
10	8	2	10	1	5	3	2	5	9	
2	4	2	8	7	3	2	4	5	2	
3	5	6	9	8	8	4	10	5	4	
4	4	7	4	2	4	10	2	1	4	
9	3	4	4	2	8	4	1	6	10	
4	4	3	6	4	9	6	6	7	4	
8	8	6	4	10	4	6	1	8	8	
5	5	5	5	4	4	9	1	3	8	
9	10	9	7	3	5	9	3	2	5	
8	6	8	8	9	4	1	2	4	3	
7	9	2	9	9	4	2	1	7	6	
7	2	8	5	6	1	10	3	8	7	
6	9	7	5	6	2	5	5	9	9	
2	10	1	2	8	2	7	10	1	6	
4	6	7	2	5	10	8	8	9	3	
5	1	8	4	3	9	5	2	6	4	
8	2	9	4	6	2	4	8	6	3	
2	2	5	3	7	8	6	9	2	3	
9	8	6	2	4	10	4	6	9	8	
10	8	1	10	9	8	9	4	1	2	

Stepup times between family, where [f][f] represents initial setup time
On machine	1
9	82	43	7	20	37	37	14	96	38	29	59	47	67	4	31	63	18	43	35	76	32	68	23	57	48	54	33	83	51	88	70	67	10	6	9	64	14	77	60	
92	52	26	69	89	52	49	55	34	91	24	6	43	36	71	75	53	74	25	20	20	79	84	17	20	33	20	9	8	46	86	5	82	85	64	29	92	29	74	28	
73	44	36	1	35	88	2	90	58	32	20	37	11	45	90	14	10	80	44	66	64	56	21	90	91	80	93	65	7	81	38	23	81	90	40	24	41	61	18	54	
16	76	56	41	70	96	39	30	98	98	45	95	85	48	44	25	23	11	69	59	50	62	14	26	54	10	63	19	87	34	41	72	99	28	24	85	15	83	66	25	
37	65	74	88	78	33	53	60	61	25	32	29	48	49	19	94	76	94	22	75	17	71	100	45	10	92	74	85	58	94	56	1	50	74	31	13	34	37	19	46	
59	8	64	39	31	50	89	49	27	81	63	87	38	91	16	28	16	16	78	50	100	77	52	70	78	23	4	36	88	37	7	52	79	71	5	98	71	58	38	43	
100	70	66	20	38	99	24	81	37	74	95	82	52	96	71	7	59	26	20	16	90	11	72	76	60	51	45	99	35	73	13	90	23	71	62	55	74	9	3	38	
14	68	33	54	81	86	88	42	5	45	99	89	43	52	4	64	68	67	62	61	80	99	77	39	9	62	73	77	80	7	70	82	49	84	53	81	73	39	57	81	
89	53	99	38	9	61	94	41	95	56	26	69	34	80	20	13	75	100	7	47	1	46	67	34	38	51	93	35	6	7	11	25	86	57	75	66	43	57	6	25	
63	90	11	6	89	54	66	99	58	8	68	68	29	27	87	33	42	74	96	94	58	72	46	25	96	77	34	88	33	29	1	8	5	16	60	93	64	87	13	7	
74	3	34	54	46	49	35	94	91	93	86	95	85	26	78	44	23	75	84	37	63	62	47	63	83	53	86	8	1	35	5	67	90	5	17	32	62	90	82	73	
76	53	35	75	22	54	80	72	5	87	52	10	57	62	40	13	85	78	23	44	46	79	50	83	14	94	56	63	11	85	68	3	32	42	76	75	4	57	64	54	
8	22	18	49	82	23	92	96	24	35	94	78	55	80	14	61	2	44	3	67	92	27	78	45	8	48	61	51	2	8	48	48	84	81	19	37	7	85	19	96	
74	34	43	42	43	87	62	96	6	95	69	59	10	44	2	65	84	67	12	26	37	1	6	18	68	85	66	57	98	82	54	60	82	69	17	72	23	83	73	13	
60	58	35	31	87	17	71	83	84	80	57	74	22	50	59	41	47	27	95	3	58	37	91	30	64	6	43	77	65	17	87	37	34	61	56	9	76	96	64	7	
1	22	75	7	18	42	65	89	29	38	7	10	35	6	71	27	25	62	5	53	64	60	54	46	10	31	20	75	78	6	78	4	61	66	65	39	92	85	67	1	
54	34	77	55	50	4	19	11	72	38	68	46	63	83	80	70	12	39	86	98	78	2	90	73	83	53	64	50	26	71	41	27	39	55	85	16	41	32	24	98	
83	8	8	81	37	29	28	59	39	7	52	60	80	48	93	19	71	13	17	58	96	30	44	42	50	68	70	83	96	93	10	85	97	25	69	68	10	44	55	22	
61	6	30	69	81	68	60	14	28	77	72	97	39	48	57	48	74	83	78	100	53	98	41	76	77	7	22	99	14	1	97	76	92	54	39	72	90	1	42	5	
25	87	7	99	61	74	66	65	95	99	59	92	7	72	71	37	70	90	17	68	47	33	63	21	51	46	83	1	55	34	68	8	8	6	2	75	38	23	16	26	
20	7	25	18	16	31	56	59	37	100	60	20	49	27	21	50	97	86	89	35	6	94	67	90	86	28	10	91	80	14	81	87	94	99	86	53	95	49	17	28	
76	5	62	66	28	84	57	54	3	48	61	93	37	93	99	46	77	5	60	70	27	97	41	76	81	16	51	50	2	15	5	27	96	78	37	49	20	13	34	82	
1	6	56	61	41	99	99	64	34	63	41	71	93	84	26	85	72	8	71	93	88	41	90	32	67	98	95	70	42	17	1	52	37	100	98	49	87	68	34	29	
46	90	4	60	77	14	57	24	6	61	32	13	22	65	53	27	91	76	59	42	46	77	38	95	53	93	20	60	89	47	88	42	12	71	75	26	71	93	49	79	
78	72	31	10	34	41	46	5	56	2	79	17	13	45	22	39	61	16	15	83	88	94	2	74	12	37	5	82	59	96	17	86	96	49	99	66	93	94	40	39	
12	56	75	98	99	95	41	34	16	64	39	58	6	84	26	89	32	76	65	33	42	88	25	93	69	45	54	78	4	89	86	56	59	39	76	55	39	47	68	16	
92	99	71	69	70	11	13	13	60	43	36	46	28	64	70	52	22	63	13	72	38	20	6	62	73	74	96	24	63	46	8	76	52	54	10	96	29	49	74	3	
72	53	52	18	50	82	3	85	85	96	88	90	16	53	78	59	70	71	39	22	5	100	70	57	19	77	59	93	41	47	82	84	23	92	38	70	15	55	72	16	
51	69	61	33	76	61	83	69	36	73	52	15	40	1	95	63	45	11	47	75	59	92	19	98	66	47	85	34	38	48	96	100	29	58	35	94	40	2	20	54	
1	54	30	51	100	59	93	60	89	39	21	56	67	84	2	42	75	15	17	18	15	90	22	17	66	89	22	59	42	6	76	85	37	81	79	19	14	29	40	45	
4	21	75	39	52	4	66	69	51	34	89	88	38	90	68	74	89	59	91	69	100	20	47	9	35	53	21	52	40	43	48	32	91	53	72	77	29	57	84	88	
23	86	59	40	49	65	92	100	29	25	31	78	33	22	32	38	78	88	94	28	20	36	60	68	84	48	10	65	57	70	76	75	12	64	21	53	92	88	14	25	
88	26	53	32	13	96	27	19	58	61	79	45	66	57	70	37	39	32	22	33	95	53	72	7	20	81	54	27	27	77	18	61	5	7	35	6	46	20	64	52	
68	87	64	98	28	63	23	18	13	88	99	21	90	80	37	38	87	4	33	68	22	99	70	32	27	68	91	71	89	2	87	25	31	86	78	39	42	91	76	92	
40	93	95	86	55	17	27	28	32	65	12	46	40	1	72	70	28	73	36	40	84	55	89	23	49	3	92	80	60	37	29	21	44	28	89	9	68	33	35	37	
67	9	52	85	90	35	32	36	55	7	37	50	9	17	66	63	83	94	52	82	97	88	94	62	98	10	82	35	80	52	82	16	93	93	36	39	56	13	5	15	
85	36	20	39	19	79	66	5	18	71	23	63	44	13	59	90	41	54	79	83	60	71	84	23	6	39	15	52	73	97	42	22	12	15	92	100	42	81	69	89	
52	28	40	18	36	44	27	95	18	18	23	100	87	25	26	28	41	25	33	79	88	61	98	61	83	97	49	43	11	67	93	14	10	42	20	4	52	35	98	29	
6	40	67	70	2	92	42	13	66	72	99	87	46	2	15	6	58	28	86	90	21	79	64	14	14	61	64	68	49	88	2	74	61	39	95	51	58	80	87	79	
40	76	4	44	50	94	20	82	91	83	17	8	73	74	71	79	88	9	94	51	48	55	19	25	56	91	76	21	18	61	82	39	63	28	33	99	31	92	76	38	
On machine	2
48	34	99	33	86	98	69	76	78	62	4	81	56	82	92	57	31	80	64	64	74	4	69	37	91	10	35	90	83	1	13	63	86	100	14	40	59	57	76	92	
86	27	41	72	42	11	11	96	54	100	72	6	8	1	25	71	2	16	72	53	62	11	32	37	57	46	8	97	4	69	96	91	19	18	61	9	72	52	1	59	
62	66	28	9	7	18	3	57	81	65	18	62	70	53	71	23	19	63	48	8	66	12	92	43	21	30	9	17	21	65	99	78	12	21	45	29	13	3	76	36	
25	65	91	25	21	83	33	88	97	54	92	21	34	8	7	5	20	48	31	88	11	66	80	51	86	61	74	61	22	77	50	22	24	34	79	79	26	76	62	69	
34	71	30	39	33	26	25	20	41	14	73	77	24	17	10	94	98	49	89	55	11	19	40	19	98	18	68	42	13	10	92	93	28	93	16	79	22	46	75	72	
96	4	68	28	60	86	56	12	24	42	59	92	50	14	63	18	46	38	32	100	78	94	16	14	48	45	1	78	7	9	85	90	98	22	35	37	88	64	82	38	
66	18	26	88	38	59	62	25	76	65	30	70	33	36	83	49	73	92	31	30	60	13	58	34	90	70	61	33	44	71	27	20	87	57	18	70	85	40	8	21	
83	89	1	60	31	45	73	10	67	52	21	53	66	6	77	62	46	42	84	79	36	73	99	38	96	59	19	46	3	90	2	71	47	58	5	31	11	21	47	86	
91	65	20	65	82	65	11	1	7	68	6	34	75	44	59	67	85	14	56	85	38	10	76	46	2	87	35	4	3	55	42	2	33	86	23	74	16	56	77	100	
42	22	54	55	85	9	91	35	64	25	80	48	12	40	15	77	6	37	34	22	89	86	3	98	91	8	54	98	73	1	72	37	40	84	31	12	44	50	13	40	
84	52	66	35	24	30	1	21	78	10	15	87	27	12	1	99	75	45	44	23	95	29	59	58	44	84	12	50	73	37	73	96	46	21	40	90	37	89	71	2	
62	14	99	66	53	30	21	34	89	25	66	68	65	46	18	74	70	59	55	55	64	29	75	23	22	81	69	19	3	57	83	19	9	40	42	69	31	6	33	50	
98	54	85	30	72	64	60	36	77	56	37	22	47	86	61	41	2	84	95	79	51	34	83	48	34	61	35	58	50	82	18	58	56	31	60	33	50	9	27	39	
20	61	98	97	99	52	56	79	6	58	13	96	2	84	31	12	43	28	82	70	99	8	90	50	93	96	80	72	76	81	38	43	25	96	95	33	35	51	95	66	
93	5	91	66	32	64	71	99	16	12	95	91	97	59	13	35	38	68	53	13	62	55	80	23	14	91	7	32	61	41	61	63	20	83	69	36	77	30	50	76	
78	88	13	90	21	7	58	91	15	83	75	60	27	12	95	87	77	72	31	27	43	65	77	25	84	77	32	28	85	96	25	60	84	27	28	11	49	4	51	68	
90	52	36	57	53	34	57	1	82	60	35	74	71	59	71	89	97	48	83	59	3	41	70	32	89	3	10	24	83	15	67	98	7	67	63	53	4	5	4	28	
48	86	33	73	76	26	46	46	78	48	5	20	57	67	56	12	74	64	43	95	13	87	88	69	49	26	73	97	46	84	48	46	77	88	82	46	71	97	63	77	
3	14	64	51	77	28	73	66	46	12	89	67	85	20	100	16	32	38	91	31	84	31	93	76	64	99	36	69	87	59	99	15	98	14	74	3	45	40	7	21	
69	10	80	21	56	99	98	7	88	83	3	52	77	43	85	25	45	38	88	6	65	79	51	24	18	11	48	45	91	70	3	75	24	37	88	6	95	31	9	78	
45	98	46	28	88	100	85	89	22	5	6	85	45	41	71	80	99	44	47	81	98	76	30	47	1	47	65	2	85	78	59	32	48	61	96	94	95	51	38	12	
84	89	61	50	95	90	21	41	27	33	65	3	70	83	59	7	87	20	2	73	69	37	61	41	70	83	70	22	89	19	56	59	55	32	68	58	22	40	10	35	
49	98	87	37	36	61	19	42	67	51	46	2	75	93	21	51	24	58	76	88	87	72	22	17	53	31	87	61	80	89	3	27	81	84	23	94	17	62	6	8	
61	53	16	1	62	27	75	41	66	50	87	25	64	5	68	31	54	38	50	15	37	66	74	61	21	54	51	49	93	76	24	32	50	10	27	94	71	91	100	75	
80	70	34	69	97	99	55	91	70	38	51	29	20	16	72	50	76	46	49	3	63	56	49	88	77	72	2	35	61	33	96	71	61	74	17	75	85	64	95	20	
64	36	29	44	45	100	22	30	56	48	10	27	85	83	44	73	14	66	99	51	94	73	86	99	90	87	13	47	52	26	7	74	24	84	26	41	68	12	69	100	
67	90	12	83	41	28	96	49	29	27	46	94	5	98	6	94	57	72	21	57	81	41	70	41	84	85	35	73	39	88	28	35	77	89	88	16	55	39	42	87	
15	84	10	93	99	59	20	56	17	77	75	15	22	93	16	3	63	54	70	78	83	49	1	21	6	88	85	45	45	80	76	7	21	88	82	3	57	50	87	38	
71	51	98	38	78	51	56	73	66	81	38	98	73	92	8	40	61	87	13	46	79	52	75	24	57	85	50	52	55	91	13	84	49	93	94	27	31	32	56	78	
92	49	71	75	32	90	76	96	83	32	36	33	54	6	18	13	20	91	6	43	100	59	95	80	55	87	62	77	6	59	69	45	28	69	7	20	98	53	12	50	
92	30	11	65	77	88	59	47	11	21	32	4	40	35	36	93	67	69	46	6	8	69	50	43	90	3	12	32	75	75	1	93	87	1	40	58	9	61	55	2	
55	29	44	69	91	90	74	53	98	52	23	1	82	12	42	22	67	78	38	28	83	89	32	93	83	7	38	85	64	43	50	49	16	65	96	35	23	66	62	6	
88	67	13	78	71	75	45	87	31	26	74	42	14	27	24	78	29	71	62	58	35	65	71	24	1	48	65	2	66	9	25	72	7	91	15	93	57	95	8	61	
84	52	5	55	30	27	85	48	98	100	91	24	35	100	47	53	30	13	78	69	54	54	48	16	40	41	24	18	6	26	14	85	27	96	27	13	6	43	83	37	
36	69	13	43	66	12	1	89	88	25	92	93	69	51	81	10	20	95	76	22	20	75	15	83	81	98	65	46	24	76	35	3	81	84	51	67	17	52	24	26	
53	55	84	81	6	5	41	58	42	34	91	65	38	50	44	31	31	34	7	86	90	78	91	22	90	100	66	65	26	37	36	83	55	60	9	4	45	88	71	13	
95	52	72	86	89	86	70	22	48	43	71	99	43	93	93	69	52	18	45	5	91	77	76	43	23	8	1	91	95	48	52	69	46	42	61	91	91	46	63	68	
70	52	66	43	52	8	2	16	96	49	31	12	88	61	21	89	97	32	34	29	83	55	52	43	59	46	23	6	40	23	72	13	50	15	95	40	85	74	100	29	
96	94	38	86	23	69	9	84	89	59	34	78	14	49	97	95	51	33	63	65	90	43	63	31	88	76	30	48	99	31	25	12	84	75	33	86	81	60	24	43	
16	40	57	82	94	35	72	50	76	55	75	65	82	2	99	13	32	66	2	54	71	2	78	60	61	24	9	61	83	19	80	34	60	70	26	63	11	46	98	39	
On machine	3
69	34	92	10	26	40	33	52	31	37	22	66	69	97	5	22	54	100	52	30	20	98	94	44	69	10	67	24	4	77	37	60	70	19	2	99	41	7	23	72	
88	88	9	39	77	72	86	51	83	35	77	12	95	58	41	10	3	74	43	63	71	22	30	11	96	34	81	17	47	58	63	54	79	36	89	49	12	92	69	55	
53	16	2	91	55	20	44	82	66	92	59	91	89	71	23	3	22	49	65	85	31	39	74	62	4	66	31	35	41	88	98	20	53	38	15	70	65	9	93	84	
22	64	80	54	30	49	11	76	57	46	14	74	11	93	11	10	30	16	53	12	44	38	6	82	89	94	97	28	76	56	32	53	71	74	37	85	63	70	76	48	
73	39	73	57	58	31	9	10	53	93	28	40	33	65	80	48	38	64	29	99	22	94	9	98	52	42	69	56	18	20	61	11	54	87	87	21	6	13	30	31	
61	14	84	80	41	75	5	59	100	96	41	51	31	92	58	46	50	31	71	20	28	49	52	91	1	30	89	26	25	78	76	25	57	38	9	34	78	50	69	32	
24	7	70	77	57	39	26	21	89	77	73	20	67	80	49	18	15	12	14	62	83	81	16	73	37	13	20	28	17	69	31	25	58	73	72	32	30	54	14	60	
77	29	42	20	53	76	83	84	72	9	38	9	91	14	7	14	91	32	50	29	94	66	43	4	61	67	29	88	80	6	41	92	11	9	58	25	20	78	31	7	
13	67	79	77	15	34	48	48	49	35	95	83	66	88	88	32	9	74	52	27	27	13	61	89	79	100	74	77	48	93	17	95	19	37	46	50	98	98	39	48	
89	31	7	89	35	55	78	25	56	56	30	20	54	37	54	31	41	25	25	60	86	11	46	40	45	75	21	57	2	81	28	40	95	54	69	6	13	36	83	9	
16	85	5	70	97	49	51	48	47	75	86	69	74	27	50	10	68	49	19	93	2	27	68	44	9	45	54	80	64	24	32	77	68	60	87	16	25	55	11	54	
58	9	67	100	75	41	74	25	81	52	61	83	12	46	28	91	65	30	51	94	72	49	81	91	80	89	43	73	76	14	46	58	90	29	44	75	52	24	4	18	
72	8	19	15	40	46	82	43	68	83	94	40	89	88	60	11	50	82	80	35	100	78	66	83	65	97	92	28	26	64	23	11	47	62	16	89	2	24	54	67	
44	58	94	63	30	93	89	13	5	84	98	33	91	44	83	98	100	70	13	57	61	21	30	11	16	34	68	3	98	60	77	35	1	91	92	41	4	86	54	72	
53	100	46	76	91	60	57	63	48	40	53	11	63	14	61	42	84	74	35	16	92	80	42	5	35	40	40	98	28	41	54	73	65	71	39	4	43	97	83	90	
40	90	21	17	56	9	92	82	28	9	63	20	56	85	2	97	94	31	73	81	74	87	80	44	3	43	30	31	13	42	9	34	73	23	15	19	77	42	30	42	
30	42	41	70	41	79	9	16	56	34	20	51	30	68	85	90	99	9	35	53	2	3	30	65	13	23	68	14	68	81	83	22	85	12	26	47	67	48	34	96	
29	29	60	9	15	36	29	13	89	85	55	63	12	14	64	100	3	4	25	21	3	34	55	11	96	21	33	21	61	20	91	27	50	45	59	59	74	73	26	65	
62	34	68	24	58	18	100	93	4	41	26	60	57	20	33	49	2	5	19	90	18	63	36	3	74	100	1	6	16	23	69	8	38	24	79	52	78	62	13	17	
99	7	46	71	96	92	49	57	41	24	6	27	92	23	9	1	50	20	18	45	3	70	84	60	65	6	29	68	70	72	89	93	33	79	15	53	1	32	28	96	
47	100	48	23	66	37	85	91	12	21	5	99	4	57	34	8	91	67	83	8	10	34	48	15	60	77	69	94	78	73	25	79	53	66	1	5	34	22	27	24	
82	84	16	42	49	51	92	28	21	10	35	52	25	19	88	41	5	26	29	37	56	7	11	1	59	96	67	86	37	95	78	70	66	15	84	61	89	62	95	5	
70	74	60	10	77	35	10	90	54	100	62	64	96	20	17	37	18	61	61	99	97	88	49	20	43	36	20	37	22	19	35	4	13	93	52	81	78	62	56	18	
47	10	28	9	42	6	70	8	16	84	13	83	73	16	51	89	35	60	49	57	40	14	69	96	92	18	60	75	4	90	6	35	89	33	100	67	45	71	53	98	
6	76	75	65	40	64	33	34	67	53	19	57	12	37	45	96	19	69	68	76	1	36	89	48	33	100	8	100	71	29	49	98	33	30	94	98	90	100	78	24	
42	20	57	44	29	11	44	10	15	4	61	82	58	87	28	58	94	43	30	1	36	22	31	33	44	16	81	58	14	86	39	61	1	31	61	79	30	1	82	47	
52	27	32	22	97	5	40	78	77	2	92	23	22	79	88	2	19	86	32	74	15	2	14	16	50	56	11	51	82	18	43	31	41	72	15	51	67	38	64	84	
54	91	27	66	24	1	20	32	54	6	39	22	63	76	75	26	61	80	53	14	83	89	28	89	70	20	46	55	15	60	48	57	80	25	57	38	57	55	48	70	
18	86	33	46	29	13	7	3	82	18	6	79	24	38	81	4	67	13	88	11	16	6	62	2	49	65	75	18	16	28	79	3	29	35	45	38	42	78	45	91	
88	29	21	29	10	94	61	43	70	9	94	63	38	5	24	10	88	64	78	100	48	56	27	80	69	95	10	43	68	53	39	81	66	64	21	74	58	57	44	67	
68	99	61	13	66	96	94	3	99	17	18	55	27	82	10	97	92	69	73	54	43	6	90	11	34	51	90	68	50	25	22	52	74	6	89	96	94	34	14	7	
86	88	76	1	63	45	27	61	68	64	61	8	80	42	85	86	18	28	69	68	36	79	97	2	21	14	29	57	25	29	53	4	13	58	2	26	32	51	34	58	
84	24	78	64	14	36	58	83	17	70	81	80	31	100	37	56	52	81	61	86	48	22	90	43	94	24	88	48	65	82	23	82	86	37	21	98	54	23	28	12	
92	96	85	100	20	84	98	48	22	6	22	96	89	60	48	21	11	81	69	16	99	97	38	91	79	37	20	96	64	3	60	39	93	43	57	82	42	40	81	57	
7	58	100	66	6	12	20	3	39	53	21	8	78	95	1	96	18	53	16	87	94	50	10	64	5	63	35	46	41	27	5	90	37	24	45	71	31	80	9	52	
95	33	27	27	96	45	28	85	43	42	41	91	70	83	96	61	92	15	83	51	62	38	75	86	5	67	70	58	36	63	12	96	36	95	7	43	16	14	32	92	
28	51	8	65	42	34	58	42	18	64	20	87	64	20	4	16	21	32	85	11	52	31	22	41	77	8	43	50	67	95	42	71	28	21	72	50	20	75	41	90	
79	20	69	48	23	73	44	48	72	59	49	93	100	47	29	77	77	15	61	52	7	90	82	25	26	95	5	44	67	63	34	19	84	12	63	81	64	34	96	72	
37	25	13	58	62	63	31	33	95	7	98	38	65	22	32	20	94	67	7	50	17	15	40	43	61	40	46	65	2	5	80	59	37	42	77	79	87	85	24	84	
5	35	82	23	26	64	30	23	93	81	76	100	99	88	72	77	71	63	6	24	19	100	4	31	8	16	83	65	28	17	61	67	54	87	85	49	23	87	100	12	
On machine	4
66	53	14	66	30	65	48	23	42	39	55	66	61	99	86	59	95	62	27	70	78	17	58	68	53	37	3	56	37	78	90	55	90	71	86	21	62	62	8	20	
90	3	97	100	68	58	36	65	63	98	40	96	67	29	27	16	67	46	12	51	4	60	80	18	7	10	52	86	7	44	44	99	27	9	50	60	84	50	40	44	
3	5	34	41	64	10	37	19	55	41	90	8	71	17	20	60	46	100	92	72	63	5	25	60	80	12	97	49	34	92	25	73	44	83	37	86	8	10	35	84	
92	5	73	86	55	90	65	12	50	9	86	58	86	28	66	55	10	21	46	64	37	7	46	53	79	31	48	69	90	96	66	54	46	17	35	81	13	72	24	53	
50	58	36	99	9	24	33	65	94	96	91	45	79	35	89	93	46	86	82	66	50	20	24	42	95	41	65	7	25	1	45	12	92	87	27	18	98	29	68	52	
9	30	18	83	73	55	84	8	53	85	22	96	75	11	59	76	95	47	14	14	77	59	89	57	16	24	28	16	9	71	72	61	81	97	56	100	1	84	65	71	
3	49	33	71	90	5	31	79	78	15	53	18	32	81	20	44	76	36	80	35	22	55	87	61	88	71	36	5	38	45	8	96	77	73	18	88	75	35	18	66	
81	48	58	4	27	31	53	19	98	58	13	91	45	63	19	53	30	70	1	9	60	65	82	82	8	88	60	95	24	49	36	87	67	94	34	56	45	7	75	32	
90	75	97	89	81	36	94	100	8	66	15	68	95	56	84	49	53	61	32	97	93	36	9	6	20	2	66	4	90	14	32	55	99	10	22	91	96	92	63	19	
46	74	73	42	58	46	33	68	82	11	96	18	24	17	69	54	47	59	10	55	6	13	87	2	90	20	89	57	49	70	38	64	2	86	90	88	8	70	34	1	
34	59	73	89	78	79	48	63	45	3	71	13	3	86	51	34	21	25	37	44	33	40	97	76	30	20	2	53	20	13	34	10	56	72	8	67	90	13	58	38	
99	72	53	34	90	46	89	80	93	13	4	12	50	17	8	57	66	57	90	13	57	85	41	64	91	42	79	97	56	53	93	36	25	23	96	59	100	39	93	71	
62	91	64	35	76	86	85	71	23	98	84	62	11	58	93	27	55	19	75	20	49	34	3	19	39	16	18	63	1	97	57	98	77	84	72	72	32	12	31	2	
55	82	83	5	88	17	32	9	76	69	35	86	38	67	64	54	10	87	34	80	79	92	14	3	94	48	23	46	87	2	1	78	58	20	50	3	19	43	88	44	
64	98	33	97	47	84	98	66	85	1	43	23	81	75	3	56	24	85	21	56	24	52	88	67	57	57	81	57	79	89	58	55	38	50	82	68	40	55	12	54	
90	32	9	25	38	53	6	12	47	4	69	31	98	97	32	52	68	80	85	7	66	77	27	26	84	2	1	72	24	62	61	62	67	50	2	52	53	96	48	30	
60	70	72	71	97	93	55	90	34	22	71	56	62	10	87	47	43	14	31	21	19	55	12	18	59	77	53	83	7	5	58	84	99	96	75	48	11	86	35	5	
40	48	30	87	60	49	20	6	38	64	94	90	63	72	78	59	23	42	41	42	31	4	37	18	89	29	57	3	98	54	61	73	86	17	43	52	81	42	65	51	
77	56	9	14	97	69	81	72	95	19	20	66	32	66	78	65	83	44	40	57	15	82	98	62	42	83	46	50	22	14	63	3	50	77	70	54	86	27	41	40	
63	29	67	97	69	1	6	26	33	10	22	87	26	12	37	40	38	4	2	77	40	87	88	11	99	39	39	59	64	7	97	48	70	59	66	58	36	17	72	67	
48	67	4	65	18	66	17	96	50	88	53	100	95	75	63	98	62	89	42	77	74	15	10	81	16	7	92	73	51	62	86	82	46	61	68	73	40	31	37	95	
43	24	8	95	27	99	26	16	35	39	52	47	30	59	85	22	10	19	84	52	87	74	17	47	96	38	14	66	57	46	59	75	96	6	91	11	34	56	21	91	
98	92	35	12	61	70	26	25	13	75	64	83	19	19	76	68	17	89	21	26	8	60	32	79	88	46	5	5	50	77	23	32	85	15	64	91	85	73	45	43	
29	70	47	40	52	94	5	79	25	87	46	78	16	18	94	64	30	7	28	73	15	83	74	59	16	32	57	16	32	81	23	9	27	57	39	51	69	76	8	82	
15	32	64	61	98	30	14	91	79	96	20	63	49	25	51	96	98	71	19	27	99	10	95	32	1	6	20	54	74	39	92	63	53	24	64	78	38	13	81	52	
21	25	23	5	95	93	28	2	85	11	95	92	6	55	44	62	94	74	67	81	29	89	65	33	76	79	64	77	9	81	9	71	13	76	2	84	7	36	21	13	
68	45	13	18	92	92	85	53	94	73	32	67	36	18	99	10	11	22	14	95	39	81	44	69	42	50	68	56	63	32	94	58	60	29	11	93	71	99	53	78	
79	36	99	78	63	71	14	14	9	2	38	72	15	31	68	28	52	81	82	1	86	95	98	96	75	24	91	68	51	90	22	12	78	56	77	27	87	38	85	74	
58	49	82	72	59	13	50	34	34	11	85	76	38	55	92	26	54	94	76	79	79	24	22	34	9	77	96	13	2	80	71	1	60	97	8	60	78	7	37	83	
36	81	91	85	8	20	10	2	16	7	47	41	63	77	43	98	54	89	64	37	60	35	8	79	46	53	3	25	27	100	94	43	78	74	67	100	8	5	77	52	
27	80	55	38	37	34	59	31	7	100	50	64	33	34	62	49	18	82	26	70	62	45	50	4	32	55	63	76	53	48	84	100	63	37	67	36	71	79	18	83	
96	16	1	63	42	6	20	30	1	69	78	64	69	12	59	91	32	57	3	47	82	92	25	47	81	6	29	32	19	87	30	20	16	78	93	33	59	83	77	97	
93	35	9	20	57	62	91	23	27	80	78	97	1	9	67	62	18	98	99	3	73	83	94	70	62	1	7	77	59	11	69	4	46	17	63	59	88	35	30	31	
18	8	74	54	89	97	97	32	86	14	70	75	97	13	74	44	57	8	4	17	5	58	18	42	79	30	13	26	52	61	50	2	56	14	16	81	16	31	78	26	
8	62	72	86	97	56	34	50	58	8	79	87	90	8	44	96	46	64	84	72	96	72	15	52	68	50	84	86	55	44	14	69	39	16	97	13	45	43	15	66	
70	8	90	69	14	62	64	89	54	24	30	59	93	60	29	22	14	65	31	22	71	1	40	19	32	52	90	16	87	61	98	51	73	76	73	5	92	17	87	39	
85	15	60	69	3	90	44	21	73	31	59	70	1	80	53	88	27	39	100	13	65	57	53	18	57	3	20	39	73	44	31	5	33	23	74	78	80	56	80	78	
16	88	83	96	63	62	76	41	1	63	75	52	60	38	86	53	19	86	72	86	42	90	40	83	97	15	51	2	82	53	92	71	59	67	35	79	80	30	100	21	
35	27	28	40	76	68	70	1	60	14	9	55	1	9	14	72	23	39	27	62	86	88	17	100	7	47	79	91	22	63	49	33	25	40	31	33	8	1	93	74	
16	51	9	83	32	23	38	90	83	8	64	95	40	36	73	13	92	11	75	71	58	13	18	74	74	88	47	58	78	84	63	9	21	61	57	21	83	18	6	63	
On machine	5
43	80	16	64	26	91	5	52	7	6	59	62	42	72	34	14	30	34	18	10	25	99	34	87	16	87	33	48	46	27	97	36	67	7	97	3	25	26	25	66	
88	40	99	96	45	86	78	42	2	95	30	68	60	77	41	50	51	90	21	76	89	45	35	88	36	5	33	30	81	14	75	21	36	56	77	97	100	76	66	7	
86	2	48	21	81	92	87	10	17	16	25	10	77	45	66	5	59	30	65	75	33	69	48	73	100	54	67	18	19	76	88	59	33	28	11	63	44	84	37	92	
57	54	96	17	6	45	21	66	20	96	26	84	66	46	36	48	75	30	81	87	28	67	86	54	32	32	88	16	19	64	67	71	98	42	37	80	3	75	61	68	
66	30	93	40	57	67	30	58	45	87	60	40	29	70	38	57	63	43	97	77	78	84	72	1	5	50	51	78	61	75	75	47	35	23	78	89	46	90	52	60	
30	98	88	23	17	56	37	67	41	54	52	100	99	74	57	56	8	99	52	52	99	83	69	81	75	90	74	80	99	89	64	92	50	48	75	19	9	56	81	18	
7	69	24	98	64	82	2	42	55	33	9	47	15	99	45	6	81	65	10	64	15	24	27	7	32	7	82	12	85	53	33	89	27	42	21	97	25	67	83	22	
42	64	61	61	83	10	41	94	74	64	34	4	90	91	93	54	43	89	45	10	18	44	83	6	9	18	4	63	68	57	99	54	42	55	63	22	56	55	100	79	
78	82	80	81	16	71	97	95	87	42	63	38	96	9	50	75	2	74	93	65	14	90	34	50	95	93	48	74	35	67	42	19	6	55	22	36	57	36	67	33	
74	81	32	35	42	89	84	32	86	52	82	57	4	90	45	47	36	34	16	65	80	93	38	22	64	32	78	75	7	49	80	73	67	50	44	60	84	61	31	94	
79	65	62	78	29	78	18	44	53	52	58	96	74	42	27	8	80	20	62	46	42	85	63	82	37	52	37	100	84	1	69	49	72	40	31	9	56	19	45	34	
23	71	74	38	55	17	3	1	7	37	78	43	89	38	22	62	33	7	54	51	52	46	42	34	70	19	39	14	1	24	14	99	79	58	69	80	94	21	56	38	
8	6	39	79	16	18	24	26	3	54	74	7	74	26	84	34	70	80	6	13	43	27	25	93	86	65	81	61	17	89	71	41	34	99	73	23	1	1	82	58	
94	74	19	82	23	97	36	12	72	90	93	39	20	54	60	28	33	56	94	29	67	66	55	68	73	51	97	48	52	80	70	32	58	44	72	80	48	20	52	43	
85	2	83	54	40	32	55	88	98	53	2	83	50	36	75	75	87	35	88	23	54	2	32	91	23	71	25	16	98	94	90	31	29	59	16	92	24	22	43	4	
91	99	38	12	95	96	74	12	89	53	86	87	75	66	28	86	88	4	10	25	95	87	25	8	94	77	17	46	15	82	24	69	90	98	90	60	61	1	56	44	
4	7	66	43	83	12	29	7	48	65	93	80	91	13	99	88	62	67	51	4	12	48	40	11	64	93	67	4	8	23	91	64	100	8	79	70	51	45	84	15	
34	23	63	71	83	33	86	79	87	51	60	20	38	15	51	79	83	89	93	38	81	89	53	16	55	72	68	97	69	97	84	4	38	76	2	8	27	38	5	35	
94	20	41	74	34	84	74	92	81	76	95	99	64	41	82	96	95	60	72	9	11	66	70	33	91	84	19	85	44	62	78	43	82	50	86	28	75	59	70	12	
12	14	80	60	41	59	78	95	78	33	20	84	35	67	74	40	77	49	77	37	95	32	57	9	15	98	64	20	73	67	82	89	84	1	76	52	44	100	1	27	
89	11	44	57	94	83	32	37	1	31	27	77	39	77	45	87	17	24	89	50	94	4	84	44	55	45	16	66	25	19	8	33	32	30	61	49	77	27	69	74	
59	77	83	21	41	16	18	7	17	71	80	77	91	71	70	16	83	30	91	97	62	42	12	28	46	8	94	32	93	29	25	68	47	54	9	22	47	3	3	82	
14	92	53	91	61	60	100	3	5	53	7	43	53	40	21	9	68	4	97	58	64	86	20	47	68	22	6	85	35	6	19	51	53	88	30	27	69	79	55	39	
32	88	64	41	47	96	60	70	23	40	60	68	68	79	45	19	68	100	49	46	35	28	60	95	93	62	43	63	82	20	16	85	75	95	93	91	9	73	5	35	
100	27	96	99	96	75	56	25	91	31	28	39	51	49	57	66	46	28	9	56	67	42	63	50	11	87	29	32	82	25	14	35	88	38	92	13	19	59	34	31	
19	66	98	11	60	9	76	61	30	30	93	20	92	100	88	1	37	66	82	61	73	54	32	52	23	32	35	28	49	51	59	85	55	54	43	76	57	45	71	91	
85	66	71	28	51	18	35	66	52	59	69	33	34	71	7	68	82	13	20	1	25	13	50	51	58	5	17	23	59	40	85	40	79	17	81	4	82	91	48	33	
23	92	54	12	70	12	22	4	51	13	9	45	8	92	87	65	65	76	97	38	64	73	67	14	96	77	48	9	39	78	35	51	99	16	79	43	1	60	48	19	
23	62	33	81	47	93	81	66	43	78	26	66	74	52	25	81	78	98	55	25	67	35	28	10	71	30	75	35	66	77	71	31	74	18	75	22	49	86	39	75	
84	14	75	59	67	99	98	56	62	40	83	15	39	38	51	2	62	59	87	6	68	16	69	89	34	41	39	82	40	14	73	54	4	2	83	90	64	12	42	62	
92	21	33	9	3	79	37	98	70	50	6	92	68	69	96	35	32	5	83	55	20	54	79	4	25	67	24	10	8	89	19	18	59	57	12	21	96	46	12	92	
30	14	77	4	90	30	94	67	71	24	31	87	94	1	45	96	2	96	42	6	74	41	30	27	74	96	51	73	92	68	12	80	45	86	98	65	20	8	97	84	
36	76	10	69	26	54	32	46	19	21	89	52	66	75	25	45	20	34	81	62	86	57	52	76	11	42	23	40	63	65	78	23	87	57	6	93	95	38	63	82	
66	47	24	91	4	5	1	90	36	45	19	58	87	62	38	84	23	81	56	67	42	20	51	28	53	54	64	67	11	63	83	7	97	72	89	54	45	15	26	48	
53	39	96	83	14	77	82	80	33	50	9	8	99	58	85	94	98	44	64	85	33	49	22	66	88	88	47	38	18	98	68	80	1	54	3	51	46	21	78	79	
53	50	93	32	58	7	26	84	10	16	95	70	60	5	21	77	22	86	46	68	48	1	68	40	66	94	1	46	77	54	59	1	15	23	26	23	79	19	36	15	
34	73	14	72	12	11	55	27	49	87	13	81	1	5	94	34	79	80	86	26	14	42	22	54	1	26	9	37	71	29	70	21	94	73	71	69	16	3	29	78	
99	45	91	41	91	23	24	95	11	50	56	67	48	56	72	24	5	21	7	60	7	51	32	31	20	70	85	60	21	40	76	71	43	97	98	37	30	95	7	71	
55	54	4	16	16	72	70	38	71	4	63	85	73	77	35	18	65	16	97	68	43	24	17	61	70	15	60	58	4	62	20	37	17	11	30	16	77	66	25	93	
91	13	20	9	53	30	82	39	45	12	49	24	79	12	94	55	57	89	91	87	9	66	52	63	96	89	20	76	85	23	60	86	8	19	83	70	32	27	33	24	
On machine	6
23	64	56	27	76	10	97	60	71	52	42	76	1	19	69	32	33	40	52	55	54	44	97	17	18	51	60	76	6	32	50	28	2	30	3	91	87	60	90	63	
24	13	98	50	32	25	16	20	7	80	56	17	27	78	93	29	88	28	67	23	85	87	83	93	79	98	25	18	7	68	29	2	31	62	65	1	77	14	100	22	
99	93	35	98	93	87	45	45	64	34	5	11	82	14	16	59	24	76	24	62	93	8	73	36	73	21	2	78	72	98	34	39	38	40	40	12	73	93	92	33	
88	43	39	24	39	12	78	83	32	65	11	96	47	61	61	1	11	97	16	54	71	54	58	55	54	23	67	43	18	22	76	11	91	40	34	19	52	63	63	9	
50	45	92	47	54	30	4	54	89	38	26	75	75	2	56	2	46	97	99	21	47	85	32	100	85	90	60	30	88	46	52	92	78	3	66	89	61	58	67	13	
43	42	28	88	55	4	81	77	20	22	43	89	57	2	27	11	37	68	96	23	92	44	14	36	49	46	32	2	6	30	78	49	6	49	9	16	64	75	72	19	
28	54	97	33	73	34	82	71	9	48	94	33	7	42	30	61	97	82	82	43	2	80	80	64	84	67	33	46	50	76	91	79	9	39	85	71	56	44	16	8	
60	77	47	33	96	84	4	62	87	30	51	42	36	13	33	70	41	80	82	55	99	31	42	85	90	28	70	21	15	5	7	40	38	18	17	87	73	36	13	12	
74	75	49	85	96	81	98	100	45	91	63	88	95	4	9	85	50	33	43	52	52	95	60	10	22	63	62	7	32	80	27	52	67	98	31	53	66	51	60	28	
7	6	22	38	74	98	94	51	21	46	16	61	6	85	73	54	40	5	36	66	9	41	17	72	33	27	59	25	21	19	32	49	72	77	29	9	8	56	22	41	
96	45	49	45	48	21	100	57	60	73	73	60	91	59	94	22	68	88	76	9	63	80	54	55	64	10	53	17	26	32	15	66	95	10	42	8	69	80	90	7	
17	10	75	27	16	83	91	43	78	23	96	69	85	67	98	18	24	57	85	17	28	3	75	84	26	48	2	37	28	9	95	62	21	65	63	50	52	88	82	52	
46	13	27	43	65	58	16	73	20	69	52	68	43	9	79	16	46	68	25	44	76	66	98	53	63	76	66	31	13	43	71	83	50	23	71	57	31	63	85	42	
13	80	14	35	39	91	54	55	14	5	89	55	41	37	68	3	79	66	27	70	67	49	61	38	19	76	39	20	69	21	58	10	95	50	12	9	44	90	33	90	
20	89	18	14	18	5	92	84	74	20	95	98	50	29	83	74	41	13	38	28	71	55	77	27	64	13	57	9	33	90	4	98	48	64	78	32	33	37	4	58	
4	10	12	16	80	84	11	51	96	67	16	44	1	13	94	73	87	13	12	9	4	65	36	22	97	98	44	24	25	81	6	4	32	46	63	55	19	26	24	53	
98	40	40	73	77	73	29	42	85	52	27	83	30	43	95	7	5	43	67	35	3	37	56	40	18	26	66	88	23	78	76	61	40	99	86	83	60	74	77	49	
96	4	30	34	54	52	2	15	37	73	90	80	33	37	71	62	51	9	85	72	89	67	23	74	8	2	91	65	69	40	75	8	18	84	81	82	43	3	19	92	
73	70	40	16	34	77	78	45	99	61	97	84	78	23	72	28	45	78	42	77	13	83	75	38	53	50	76	25	24	74	39	49	69	69	44	87	33	35	30	81	
39	30	5	87	50	41	57	69	24	53	61	63	90	20	54	35	92	83	89	2	96	54	77	9	58	92	15	64	48	85	54	62	9	66	88	16	90	79	30	21	
95	80	9	62	18	72	72	94	52	40	55	37	57	57	65	45	46	21	59	41	14	31	21	30	87	51	87	37	19	89	86	51	50	33	86	99	63	17	60	81	
15	71	94	9	12	45	12	17	16	71	78	8	95	23	10	23	25	31	93	10	7	47	25	84	23	21	71	5	19	52	33	52	24	7	58	85	72	45	73	92	
29	37	55	78	81	16	8	57	53	78	7	39	85	8	95	71	27	27	47	83	37	61	29	51	42	24	35	86	11	66	82	85	14	79	64	69	48	78	34	33	
39	36	30	88	95	49	48	38	43	69	15	44	2	26	32	64	43	4	100	49	70	98	28	84	48	83	4	89	81	62	42	15	84	30	81	41	96	70	29	85	
6	71	37	36	24	8	21	33	48	69	52	71	33	71	30	75	46	86	63	42	44	60	84	15	8	79	35	8	23	70	78	34	5	56	78	50	51	69	100	62	
89	62	77	56	99	73	34	96	29	31	34	56	18	90	55	71	23	22	64	39	99	86	12	13	18	46	98	45	85	23	10	11	76	66	71	93	24	55	14	54	
72	84	8	26	83	20	39	23	82	3	13	84	40	94	38	71	94	59	29	57	68	21	99	76	21	46	39	4	5	95	31	51	7	38	70	15	99	2	42	17	
62	38	34	17	84	20	32	10	35	76	9	30	50	54	33	58	65	100	57	35	83	12	67	65	45	70	37	53	71	93	80	89	47	49	71	12	68	42	73	6	
7	47	6	41	82	13	30	83	38	52	47	52	61	22	86	59	16	21	78	93	54	89	62	25	15	11	40	25	61	17	40	63	65	2	79	53	22	23	59	14	
61	62	39	5	67	28	41	97	83	51	59	8	80	74	23	71	30	27	39	83	62	64	27	77	23	8	58	63	49	23	6	49	53	85	93	41	23	42	27	58	
69	69	72	75	71	43	36	59	40	86	89	34	21	31	31	1	82	64	91	79	68	90	50	37	51	58	99	79	70	53	5	61	38	27	26	81	18	36	33	49	
80	51	37	100	24	25	65	7	82	42	19	5	70	12	71	81	4	48	98	19	8	48	14	43	57	6	45	45	1	25	66	68	33	27	78	14	64	24	30	60	
93	42	70	1	91	18	86	36	43	89	50	69	64	100	76	70	44	32	17	8	23	43	41	77	84	88	29	44	47	48	41	65	14	21	39	3	99	61	26	8	
47	8	16	56	24	61	98	80	92	52	46	55	47	86	61	13	100	81	66	33	65	19	14	58	80	58	31	8	23	11	50	85	59	14	69	92	1	38	61	6	
1	94	12	86	17	70	47	11	22	32	73	29	57	10	5	88	45	60	35	17	14	60	32	20	53	59	22	72	43	13	18	5	58	70	78	38	42	51	45	34	
46	81	11	90	7	90	77	85	41	51	23	33	63	78	6	100	24	69	18	45	15	86	98	64	12	10	81	66	60	38	21	63	52	91	99	6	6	38	10	90	
65	55	6	42	35	41	24	98	29	87	87	34	24	4	75	64	44	61	62	30	73	37	45	30	54	5	6	94	47	23	85	31	82	90	60	29	95	24	31	66	
100	96	47	6	30	9	70	81	91	36	20	24	63	53	4	95	24	22	67	82	9	45	87	36	45	50	100	94	14	76	91	32	85	98	31	89	81	14	69	63	
31	24	46	18	100	47	58	90	85	9	81	52	87	42	62	16	11	14	64	55	41	4	99	45	82	2	41	8	91	34	73	30	90	69	30	20	15	77	86	88	
60	87	61	33	22	42	63	33	88	6	74	31	42	97	9	86	58	9	38	99	22	44	27	83	85	64	58	82	77	59	52	90	66	33	10	92	8	23	42	18	
On machine	7
60	96	98	88	2	9	4	26	52	29	68	13	60	67	93	70	58	25	54	73	73	40	73	30	52	37	7	27	96	35	95	22	33	47	16	39	100	15	84	38	
12	8	87	78	28	98	100	31	24	85	44	48	99	86	78	6	65	38	15	7	8	31	71	12	37	64	16	69	37	88	84	58	99	60	28	15	79	30	38	74	
58	87	13	97	2	24	86	1	99	84	16	7	19	17	45	1	24	88	80	22	59	26	89	67	52	27	89	96	45	48	8	2	56	30	58	57	16	72	80	88	
19	44	61	80	61	51	23	21	51	31	2	18	19	91	15	55	85	72	41	14	3	64	64	88	40	69	44	45	40	18	8	9	98	38	28	82	39	65	44	30	
44	45	93	92	78	38	14	93	54	67	4	39	95	63	53	52	99	68	15	25	66	40	36	62	52	44	8	1	26	13	73	25	80	76	61	14	83	82	71	85	
14	18	38	100	97	96	75	26	18	69	97	2	40	80	54	11	49	2	22	57	19	6	90	42	12	4	89	27	80	30	24	69	65	15	74	64	79	50	23	41	
18	88	28	90	9	12	35	38	41	80	98	91	71	78	12	72	94	69	43	7	99	6	88	54	75	5	69	63	97	40	88	14	86	57	65	31	47	82	38	13	
73	33	95	57	72	36	14	98	20	13	36	20	34	75	56	49	71	74	81	95	24	84	9	65	100	41	68	58	58	75	34	6	22	85	91	79	96	91	15	13	
89	48	93	35	69	25	95	69	84	51	89	34	68	51	83	52	84	99	30	16	1	83	7	40	95	28	45	49	32	43	75	17	12	43	33	35	68	24	10	29	
68	72	11	87	75	64	1	98	47	48	19	58	68	1	8	90	39	8	48	62	29	13	97	86	99	50	53	45	37	36	35	76	47	33	83	53	1	66	88	84	
95	55	61	74	39	40	93	26	83	12	28	53	3	75	2	50	56	9	85	16	36	42	21	98	45	97	93	19	91	65	13	91	57	72	40	12	18	18	82	6	
19	39	58	100	56	43	77	54	6	70	93	77	24	10	19	3	68	7	42	30	96	33	58	40	8	20	23	70	28	51	89	24	42	57	80	81	96	32	94	62	
76	80	29	65	68	40	97	50	98	1	20	15	52	49	27	31	36	14	40	94	15	84	20	85	29	51	23	60	68	95	60	66	81	56	37	13	64	2	51	26	
80	76	38	65	88	5	12	43	97	48	52	50	31	53	37	49	88	6	96	9	38	51	67	35	28	83	4	59	93	36	77	30	57	9	82	30	88	42	59	87	
39	32	16	32	23	66	29	84	51	38	35	92	78	34	78	70	68	39	84	92	9	31	18	81	53	15	71	57	92	73	98	15	57	56	94	37	79	35	38	49	
98	65	62	62	74	73	76	86	87	50	50	97	7	42	15	76	71	37	63	58	2	5	4	18	60	19	76	7	34	98	88	84	70	6	36	31	60	71	16	8	
48	91	2	5	4	78	92	87	26	56	19	50	59	100	41	15	14	77	24	56	43	100	77	81	79	99	92	96	28	70	70	73	94	84	78	70	74	79	6	47	
35	41	83	18	93	5	72	46	21	23	6	4	17	24	17	3	4	74	30	89	41	84	22	40	30	91	21	17	86	46	80	98	25	96	3	34	35	45	27	57	
29	47	91	12	82	72	89	73	23	73	54	84	61	96	7	43	61	9	60	2	99	90	40	23	47	53	15	40	34	10	30	20	75	61	84	88	20	40	37	10	
3	26	45	75	73	84	92	89	83	41	77	78	37	77	12	79	60	79	94	56	26	13	66	97	3	78	39	63	36	26	71	46	31	50	4	69	50	16	69	36	
50	61	75	44	46	67	81	27	35	76	7	74	69	57	20	75	17	6	55	90	95	76	56	59	67	72	77	35	46	59	66	86	4	89	20	45	82	78	64	10	
15	92	71	18	72	8	34	17	44	10	5	77	15	87	29	32	13	19	93	63	52	95	72	28	23	99	39	70	3	95	52	60	44	4	66	28	55	91	20	37	
18	59	33	2	34	17	34	15	94	37	78	47	72	4	89	76	33	35	50	7	67	99	78	33	83	5	80	3	89	16	29	39	30	56	22	97	81	69	19	48	
77	51	34	40	8	67	78	85	82	49	37	7	70	45	80	14	47	89	46	3	23	48	60	58	36	71	19	41	68	29	7	30	71	23	54	79	23	20	7	16	
25	65	53	30	89	15	46	67	66	97	89	64	1	25	59	52	18	54	1	6	42	52	40	93	54	94	86	59	74	74	82	81	81	89	48	69	35	4	12	12	
11	99	20	15	6	35	89	63	72	43	17	59	61	19	87	77	16	24	10	1	29	11	66	2	21	33	49	2	50	62	30	16	44	15	85	34	56	1	17	72	
42	79	8	99	50	82	67	13	86	5	83	49	36	83	67	64	94	82	7	89	30	14	48	49	20	15	34	96	67	59	27	96	60	94	5	53	65	81	13	12	
68	66	87	13	96	68	21	25	76	2	93	31	75	44	87	58	32	2	36	29	6	35	51	43	100	63	45	70	1	53	43	68	30	92	54	34	68	35	51	84	
87	18	79	2	64	65	98	29	94	73	75	78	69	7	61	23	92	12	24	2	72	8	93	14	6	46	24	37	37	68	80	37	88	64	7	75	64	2	16	34	
87	4	25	67	59	71	15	50	79	25	30	58	46	38	18	9	26	16	54	57	54	51	91	63	11	87	97	23	94	48	84	58	91	43	18	10	91	83	89	6	
63	29	69	18	65	61	66	77	58	98	52	5	1	14	10	78	89	70	91	76	36	56	60	83	30	69	24	70	99	12	70	98	4	16	80	84	61	27	45	67	
34	31	44	92	47	85	90	33	28	2	48	30	96	19	47	20	5	95	57	17	75	96	100	10	41	15	74	70	5	59	36	61	90	54	39	39	82	19	16	17	
30	67	46	25	13	10	70	91	54	78	47	34	42	51	61	99	15	29	77	54	1	23	80	83	49	49	14	71	60	36	62	20	58	39	48	79	89	7	76	14	
47	94	21	38	34	86	82	2	11	15	34	91	98	79	11	85	15	24	47	70	78	37	92	73	64	52	25	8	38	28	72	53	33	30	76	1	36	78	84	37	
27	34	21	17	55	85	49	69	96	98	32	47	5	81	91	61	15	9	9	61	15	98	74	33	30	72	36	97	92	29	72	84	99	38	60	55	62	1	70	16	
74	71	88	97	34	95	92	100	80	34	100	69	80	3	21	71	57	72	27	53	5	74	65	84	63	6	91	92	53	46	25	67	89	90	86	36	91	46	50	63	
69	75	27	62	13	55	9	60	7	3	9	70	32	13	47	76	6	95	33	77	27	12	72	50	39	81	3	53	83	76	85	43	45	74	53	22	48	48	75	84	
58	54	61	6	76	36	5	8	27	47	32	59	24	5	83	45	50	75	77	65	40	73	58	28	49	49	82	62	21	94	28	83	26	17	76	76	87	95	41	43	
36	44	79	4	29	52	79	61	14	7	73	37	6	49	78	80	57	4	69	20	2	26	90	81	19	81	44	14	62	93	65	43	25	58	91	54	42	77	87	53	
64	47	9	33	13	97	37	69	67	9	16	25	66	14	46	33	49	40	32	76	37	87	19	45	80	86	74	3	9	64	69	97	9	67	66	42	82	24	96	50	
On machine	8
31	92	22	19	72	39	78	13	49	33	30	99	90	30	61	71	10	84	24	95	57	90	16	12	3	55	90	9	13	79	13	80	64	52	8	72	83	31	2	71	
46	49	78	42	53	17	60	33	49	9	80	26	53	13	35	62	46	41	96	43	32	95	41	41	31	5	91	96	77	4	64	93	34	22	36	84	43	28	5	86	
73	75	31	58	75	92	66	25	63	53	66	69	10	16	95	24	97	46	50	11	73	29	90	5	40	80	81	73	11	3	60	83	58	38	60	90	45	84	16	55	
100	51	63	19	68	68	81	55	50	50	59	43	65	12	11	52	31	57	10	79	93	83	95	3	11	60	90	45	89	83	48	13	37	47	93	2	43	56	66	95	
71	14	86	16	55	57	95	91	94	82	43	26	98	3	42	55	78	59	95	61	34	3	59	32	45	64	36	2	92	45	28	46	27	45	33	89	9	3	41	81	
71	37	47	38	54	73	2	81	35	56	7	77	23	86	11	87	67	28	63	71	45	89	6	74	30	36	10	28	94	84	66	65	54	17	86	81	31	7	18	61	
42	13	97	83	5	15	65	68	70	96	31	82	43	61	37	9	63	89	35	68	81	70	90	66	23	41	22	75	3	16	95	90	16	39	81	34	99	44	6	54	
59	66	51	81	4	62	45	89	74	75	34	18	76	76	44	44	79	62	91	39	88	58	17	58	49	4	78	57	67	40	92	34	93	57	18	58	68	99	48	45	
58	80	43	48	66	15	52	63	24	38	19	8	66	18	32	62	9	17	60	12	47	39	40	34	46	28	75	2	24	22	23	11	21	55	14	72	83	62	37	59	
92	66	97	16	91	21	77	37	29	3	100	94	48	46	66	58	54	31	13	100	56	73	58	4	19	13	98	99	49	76	16	87	28	19	44	80	58	59	79	46	
45	54	73	82	80	30	68	22	80	43	23	59	93	60	44	46	28	71	96	84	81	73	76	76	89	22	42	73	34	28	34	53	59	49	11	18	98	47	48	55	
55	40	9	24	68	13	40	64	42	74	69	79	48	83	16	99	30	73	68	94	39	34	53	43	6	100	14	12	3	57	11	29	99	11	55	44	20	67	67	45	
5	55	36	33	98	29	51	46	72	60	94	53	80	64	80	45	100	1	76	83	22	24	99	15	76	80	25	62	28	60	95	12	29	78	48	90	84	97	33	10	
85	42	40	85	3	71	85	41	96	21	1	72	87	21	88	29	50	32	95	87	47	16	1	60	7	89	38	59	56	71	91	78	5	23	26	26	64	19	67	14	
22	22	69	51	21	17	2	2	16	61	46	46	50	54	25	77	21	83	26	71	6	60	80	99	60	62	94	80	15	78	62	61	43	1	67	72	52	95	16	43	
22	81	91	54	12	7	86	4	34	43	12	60	84	97	10	60	96	24	33	79	45	15	11	96	15	70	67	87	4	72	15	11	84	43	11	46	41	53	45	85	
32	18	90	61	28	99	47	34	76	100	82	3	6	81	25	14	47	27	6	70	95	4	92	87	11	15	11	7	70	24	32	3	30	96	65	3	40	57	82	42	
85	44	15	73	54	27	21	6	78	86	51	7	14	35	36	74	5	50	85	89	75	14	84	63	24	70	83	13	94	73	59	82	60	95	51	86	96	45	38	62	
4	12	42	7	39	99	76	64	99	4	64	87	75	26	30	13	79	26	6	34	92	91	96	78	25	68	80	94	4	23	6	25	94	88	91	79	79	85	6	29	
24	88	58	84	83	80	47	7	45	58	78	95	97	35	87	20	46	27	81	28	36	1	51	22	29	30	50	74	53	73	60	91	71	53	60	25	83	54	32	63	
83	71	35	49	2	46	95	46	20	20	41	61	39	95	80	65	32	4	18	50	85	75	40	79	91	56	25	1	38	25	71	78	97	36	52	6	7	89	13	6	
37	54	92	46	81	100	40	69	41	10	34	60	16	90	20	55	8	13	87	41	88	44	17	46	31	5	2	5	37	87	53	28	9	57	18	1	44	34	28	38	
14	20	62	39	62	60	73	78	15	52	11	93	43	85	78	34	29	94	1	90	90	70	83	24	84	14	27	31	25	96	83	49	20	88	80	81	21	74	78	57	
94	99	1	96	78	68	84	8	13	45	52	82	74	56	78	38	28	32	43	24	43	13	12	92	97	46	79	92	81	100	98	91	60	37	68	94	33	27	93	97	
33	53	75	64	24	100	11	85	1	80	90	10	98	23	99	12	54	45	88	15	46	31	93	67	91	93	44	60	13	46	38	73	42	82	21	87	50	42	11	79	
97	18	67	93	14	48	8	38	52	81	42	64	74	36	67	62	82	58	94	16	4	42	26	16	70	98	52	25	25	4	75	38	48	19	91	50	52	99	54	88	
1	78	7	41	29	35	93	62	17	87	54	22	26	53	89	77	47	13	29	84	27	34	33	27	27	66	98	70	9	62	4	79	39	25	9	25	71	37	98	97	
22	57	31	57	16	37	75	23	18	39	85	16	85	97	10	42	25	22	73	29	76	28	84	47	34	96	47	99	55	32	100	39	48	48	14	18	67	21	45	9	
43	87	81	93	17	21	53	82	23	46	73	8	63	40	32	13	80	34	79	39	77	49	90	78	89	62	67	85	14	54	50	64	92	99	55	13	37	2	8	49	
97	73	3	51	31	91	41	3	87	73	89	3	14	86	37	90	51	23	65	59	27	17	46	11	78	3	2	73	71	79	91	94	94	5	57	43	24	89	69	100	
25	38	23	39	74	37	27	67	51	1	71	17	17	87	61	96	40	84	77	47	27	18	62	95	9	88	91	6	80	25	27	47	66	47	69	97	71	56	15	93	
65	37	33	77	8	95	68	3	32	24	65	30	62	63	45	28	36	24	27	94	29	52	16	61	32	71	1	80	30	64	92	39	97	54	55	33	51	2	88	7	
93	67	69	4	3	20	26	38	17	59	31	30	29	100	47	96	5	29	68	38	85	2	89	19	78	5	59	14	30	87	43	73	49	29	24	31	45	4	36	34	
96	82	59	28	72	74	80	35	76	43	76	75	69	76	35	72	90	55	74	7	78	66	2	56	19	14	68	42	96	97	9	92	9	44	42	99	51	30	33	71	
44	36	84	12	34	46	22	18	69	92	68	24	59	10	65	9	50	8	94	18	70	95	18	46	13	26	80	37	87	31	57	15	34	14	98	76	23	3	17	41	
53	18	87	28	96	9	43	35	67	89	47	31	87	44	43	54	74	52	87	55	45	68	18	8	5	28	88	46	60	83	70	77	19	87	65	66	76	89	57	25	
32	22	97	36	71	79	92	100	57	79	18	49	87	92	26	42	8	6	5	29	87	89	70	71	72	18	15	18	41	3	11	72	30	87	26	47	72	3	32	69	
47	65	72	7	99	68	77	93	80	49	55	44	34	66	87	2	7	19	49	83	24	23	53	21	23	1	78	66	97	3	43	85	15	21	31	93	53	25	3	31	
16	19	2	97	1	90	87	24	89	72	51	47	79	15	41	70	67	43	96	35	18	80	91	1	86	38	6	79	13	52	33	4	22	69	79	69	91	43	23	34	
32	54	89	37	72	9	46	55	14	97	57	20	76	80	42	99	96	17	89	89	56	1	39	96	68	3	16	20	94	67	52	38	41	33	28	57	76	81	74	91	
On machine	9
23	100	45	50	71	22	4	40	15	33	69	24	1	48	28	31	96	60	5	78	86	78	58	25	67	99	46	35	80	60	80	78	65	34	54	34	31	41	55	77	
55	82	21	7	79	95	88	76	29	8	13	31	57	53	15	93	55	28	89	43	33	99	11	52	51	52	12	27	41	70	10	14	71	62	66	16	16	20	4	51	
18	93	65	28	82	69	87	8	14	12	27	3	54	7	18	97	10	25	2	37	33	22	85	69	100	51	18	50	5	78	6	59	42	22	26	40	12	48	85	69	
87	25	38	74	27	46	43	8	45	92	12	72	81	1	77	37	69	50	78	87	98	7	100	17	86	74	66	46	95	38	83	18	79	47	7	32	59	26	63	100	
59	26	78	95	76	73	83	30	41	15	54	90	69	34	41	17	40	47	38	91	4	36	40	8	67	96	82	21	94	43	96	49	28	40	12	44	31	55	79	51	
71	65	76	59	51	30	28	19	1	70	24	86	92	56	33	98	86	70	11	68	50	71	43	51	52	70	1	98	71	94	81	52	26	88	21	22	97	90	86	83	
58	31	92	45	76	78	26	78	49	58	20	46	99	53	20	83	21	75	74	80	44	33	91	46	21	41	31	7	66	78	70	77	17	1	38	20	42	31	71	75	
45	64	69	31	91	35	50	84	83	96	47	35	49	88	52	95	89	15	62	78	71	50	98	17	91	88	9	68	25	92	9	77	11	15	31	86	53	56	51	67	
63	92	30	31	55	47	18	46	41	96	92	32	7	30	45	95	69	76	35	93	96	34	51	80	22	81	51	16	92	76	34	83	32	19	24	58	97	84	93	51	
29	48	16	33	94	24	65	28	9	100	21	17	63	12	100	99	93	54	42	22	30	33	96	89	16	32	60	55	49	85	4	89	14	68	1	28	81	77	10	80	
83	48	60	96	36	5	60	19	23	87	57	33	47	26	59	52	13	96	73	71	47	57	93	35	4	86	11	98	54	31	24	18	32	89	37	17	81	69	80	8	
30	97	10	71	15	37	81	26	90	46	72	61	15	31	47	89	27	24	29	65	38	34	88	41	10	80	80	21	71	34	73	73	2	32	45	51	68	6	17	45	
71	58	91	34	71	96	76	92	94	27	5	5	50	4	36	69	65	57	58	79	36	57	81	86	82	50	95	100	69	81	52	64	79	30	16	70	87	54	25	39	
44	88	3	13	45	63	20	27	84	81	37	39	72	5	9	74	94	42	76	55	77	35	47	60	52	20	79	95	53	14	100	61	26	95	71	89	5	52	24	68	
91	70	76	64	11	55	65	85	13	19	66	58	65	36	42	36	81	74	58	56	15	59	84	35	97	21	100	25	79	62	97	81	16	70	93	44	36	68	3	86	
50	49	95	87	98	95	37	24	20	76	77	4	64	90	54	20	8	12	50	4	49	87	9	19	68	19	49	19	99	59	63	56	41	57	32	88	84	28	12	5	
14	70	95	64	7	81	52	97	71	20	27	88	76	53	62	24	34	9	64	70	26	14	91	89	83	42	27	9	4	26	12	91	8	99	74	57	77	16	23	32	
7	58	68	72	18	52	3	92	46	69	29	51	12	41	89	75	14	100	25	34	67	30	51	94	82	1	47	8	49	53	79	56	31	88	29	42	2	23	1	32	
30	3	92	58	84	57	85	18	91	90	15	75	30	6	75	20	93	4	85	68	44	85	83	91	31	18	30	9	54	18	64	71	93	60	31	30	57	26	70	57	
43	50	62	41	88	80	97	62	51	56	4	23	25	64	5	31	40	39	40	80	41	70	73	98	74	92	73	4	69	69	3	15	33	59	23	100	8	37	40	86	
70	82	75	22	65	63	41	11	28	19	12	69	13	37	78	98	34	41	91	94	6	55	34	32	85	75	44	98	7	95	77	50	93	57	23	56	75	4	89	44	
10	91	26	84	70	74	15	45	41	18	11	74	43	65	72	28	77	68	36	67	65	1	100	9	42	47	85	58	50	16	69	80	22	64	85	56	43	47	14	65	
6	88	76	51	33	70	28	25	55	57	40	34	6	47	77	55	91	78	64	16	41	92	34	51	47	92	8	95	18	84	21	73	9	85	34	10	26	66	20	34	
87	20	78	63	53	67	64	95	12	88	25	49	2	93	19	52	56	13	97	91	37	73	11	81	41	13	72	11	20	99	32	100	44	35	26	45	49	97	32	99	
100	25	5	49	78	54	89	49	39	91	26	64	4	58	23	82	6	46	3	25	37	28	34	82	44	69	43	52	88	67	3	53	99	23	100	90	57	95	74	3	
85	91	17	37	68	67	94	92	89	49	82	35	85	25	54	4	53	39	58	2	97	74	36	65	65	65	47	18	28	17	31	68	20	80	100	91	32	72	21	40	
17	20	40	59	17	54	79	43	40	16	68	33	80	15	10	13	78	81	58	33	45	14	5	49	54	91	98	73	39	38	52	69	69	73	43	2	56	15	53	4	
70	49	30	86	96	12	77	74	50	85	73	13	39	67	42	38	54	9	11	4	98	90	2	57	78	68	19	76	30	53	84	1	28	46	37	26	41	98	2	20	
63	35	73	6	36	11	55	93	74	62	84	27	90	23	55	29	7	70	91	71	95	82	32	75	35	16	26	7	5	95	6	5	6	19	14	88	29	25	61	1	
4	17	51	18	22	25	29	73	53	12	19	35	87	5	96	29	23	36	13	90	57	91	30	77	42	54	53	12	12	26	66	52	30	85	91	59	20	67	42	71	
58	11	17	97	97	87	6	64	49	99	83	1	66	90	75	3	22	90	41	84	1	5	25	87	60	95	49	26	42	55	56	16	76	57	75	64	48	94	97	32	
25	77	66	57	49	21	88	41	27	83	61	96	31	47	2	31	86	56	16	34	16	7	1	32	28	59	81	7	85	16	43	55	47	60	95	66	98	44	99	93	
57	29	77	56	96	80	100	43	27	64	91	60	85	42	19	16	81	12	14	52	9	32	88	57	88	91	3	41	50	15	50	23	53	27	74	7	8	45	60	72	
39	64	18	21	28	4	83	74	35	28	29	25	59	32	68	42	13	37	71	3	1	98	16	93	9	75	60	1	16	88	43	63	76	82	92	46	33	33	15	93	
27	81	9	28	81	83	35	60	2	82	52	80	67	13	48	94	81	49	65	61	47	27	20	58	75	43	71	82	76	100	1	53	75	17	99	83	38	86	71	31	
81	98	75	41	71	3	20	5	55	43	14	21	1	41	68	25	79	69	61	33	69	26	37	38	79	97	12	73	99	24	37	2	63	80	72	25	66	66	48	67	
69	88	29	30	49	22	4	18	37	73	3	33	71	41	97	58	19	69	72	42	74	78	73	95	4	49	53	71	77	67	21	20	91	91	48	6	78	66	75	65	
78	77	32	50	13	64	39	32	29	48	51	13	59	34	65	10	45	83	78	21	70	50	24	18	80	54	60	30	85	67	15	24	11	95	95	41	86	89	26	26	
28	67	22	55	94	57	71	89	65	98	68	38	71	96	43	23	91	43	29	38	89	26	79	59	27	30	25	13	28	80	37	80	86	16	85	60	99	73	13	63	
9	39	80	54	44	64	97	28	70	38	100	81	93	7	41	7	9	73	21	34	9	53	66	96	1	20	8	47	84	19	58	19	75	57	28	81	8	8	37	33	
On machine	10
80	6	92	40	22	16	59	86	88	95	61	45	83	93	82	73	33	96	55	73	17	38	79	11	23	32	93	88	70	67	61	100	99	7	36	86	92	83	51	91	
18	80	100	44	30	11	18	28	50	86	27	56	64	19	83	60	17	66	58	67	26	32	48	95	63	72	3	38	75	95	7	6	67	24	75	67	39	33	97	42	
75	61	40	36	73	61	60	30	14	93	1	24	52	56	5	49	13	43	39	4	51	85	99	24	1	88	69	75	34	50	43	47	94	90	47	60	12	1	43	71	
12	71	29	1	37	75	51	6	13	9	84	43	8	67	38	90	37	39	56	8	12	79	97	38	30	56	39	28	85	80	42	56	36	48	36	83	45	84	9	32	
36	75	46	30	54	24	69	89	11	94	40	87	96	54	74	42	20	19	45	43	56	75	93	82	31	46	48	68	52	55	51	36	62	18	79	50	28	3	82	25	
62	5	32	1	84	2	4	59	98	3	28	64	20	96	99	77	69	95	5	57	95	28	5	6	91	11	59	82	12	46	26	72	13	20	72	9	29	47	25	53	
2	67	11	84	94	18	51	49	78	95	88	98	96	35	17	69	11	40	25	26	76	70	38	75	21	89	82	72	11	49	86	2	65	32	71	10	62	22	54	16	
64	29	42	61	6	100	42	4	56	26	90	85	35	91	57	54	98	72	51	59	58	95	2	26	47	38	93	62	8	68	81	13	37	88	87	75	40	3	88	83	
38	14	65	76	90	4	21	50	6	92	82	17	75	75	47	42	88	16	3	28	23	92	38	7	13	46	4	62	86	96	86	70	63	3	27	8	71	88	16	46	
32	28	99	74	31	80	71	96	7	84	45	33	58	77	78	69	33	59	19	3	14	4	47	21	28	15	44	65	29	4	25	68	42	14	30	71	5	57	3	66	
46	18	46	74	7	65	68	51	42	35	57	91	39	88	98	77	80	15	96	62	97	40	77	81	54	47	26	37	39	25	33	73	62	63	33	12	24	24	11	35	
48	24	82	50	56	35	10	92	59	51	35	9	39	46	65	21	10	79	29	45	5	29	34	8	19	17	12	39	39	52	34	42	40	82	73	30	57	10	2	57	
64	70	27	32	29	92	76	41	38	31	58	69	47	61	45	91	72	72	13	96	60	45	88	38	32	67	76	72	1	15	89	71	72	5	83	56	30	49	14	75	
39	23	19	27	17	68	68	95	57	85	77	53	97	30	88	16	28	69	21	32	42	41	26	52	78	25	22	54	13	70	73	56	85	93	44	58	66	92	93	77	
45	2	94	86	72	58	94	90	97	47	83	8	88	37	34	10	93	9	59	71	28	94	18	43	40	27	84	57	81	9	76	7	11	92	94	78	15	59	44	82	
28	18	80	60	17	70	55	21	9	81	55	26	24	13	81	98	85	4	11	31	90	2	81	72	86	24	9	33	97	18	42	42	14	28	100	94	42	74	8	92	
85	42	59	24	98	96	75	80	33	1	12	36	9	28	57	17	22	84	60	34	94	57	37	1	20	62	73	12	66	7	12	44	68	50	6	84	53	14	63	8	
34	92	32	57	56	58	92	47	46	96	52	62	18	36	25	31	16	50	14	33	46	77	12	23	83	42	7	49	48	28	33	85	44	80	29	74	15	47	71	29	
2	12	41	29	12	26	96	12	98	20	23	62	66	83	98	93	18	68	77	34	65	65	19	86	45	36	95	20	30	8	29	77	63	80	34	72	51	74	19	5	
22	55	96	54	3	62	47	68	80	2	58	100	11	39	24	90	30	57	13	14	98	30	19	33	84	17	96	54	73	88	99	22	22	30	99	84	61	26	1	57	
24	90	95	24	51	16	52	86	65	4	40	77	99	52	85	43	63	61	60	11	3	27	70	25	54	2	55	51	77	82	14	59	8	46	6	64	99	7	20	36	
54	29	78	85	42	25	63	26	18	14	53	18	77	91	83	33	95	41	79	62	39	38	81	1	8	13	62	55	47	97	94	46	42	81	77	83	12	23	54	56	
47	23	30	25	81	51	30	75	90	34	49	91	33	30	23	89	54	2	12	97	62	56	86	56	51	15	51	57	49	56	50	2	85	83	65	25	27	49	60	58	
17	68	59	84	80	9	52	90	51	21	53	80	9	29	29	65	41	62	80	86	93	30	54	68	89	11	82	41	16	38	54	42	26	42	74	54	90	82	4	34	
1	42	57	81	31	84	38	74	11	7	21	63	10	6	28	69	46	52	85	71	11	83	57	47	69	65	100	70	34	37	44	83	70	30	51	87	26	51	11	73	
16	40	5	65	64	43	98	70	77	97	70	47	22	55	94	100	62	87	41	43	20	56	86	8	53	94	95	21	71	65	93	65	72	74	66	62	79	23	90	64	
89	22	6	20	89	88	78	47	98	99	72	29	50	6	31	93	15	27	42	36	79	86	100	27	57	12	21	95	97	74	59	16	77	98	79	70	85	87	61	95	
31	61	29	8	42	69	37	97	1	77	49	82	68	90	55	22	75	45	8	39	7	93	19	76	4	88	12	6	32	52	70	18	37	46	97	97	23	58	24	84	
76	29	10	26	22	21	48	66	42	33	29	69	91	71	37	53	26	12	10	19	37	97	3	86	51	28	83	43	78	45	84	21	98	89	76	19	71	52	53	6	
81	88	48	5	99	12	15	37	70	73	22	6	23	25	79	24	91	15	98	74	54	100	31	86	54	83	75	38	85	20	48	79	28	62	88	91	57	51	80	29	
70	68	62	34	24	91	91	99	12	60	94	25	35	46	23	64	69	29	35	36	44	98	30	72	55	57	36	25	52	1	41	49	25	8	25	74	8	89	59	98	
46	87	69	67	28	5	70	33	4	87	74	92	31	7	14	82	1	69	73	69	67	68	42	12	31	70	25	73	94	5	15	3	70	36	23	62	31	39	72	12	
73	43	59	10	84	21	25	27	59	21	78	72	48	37	14	52	95	43	67	95	64	77	36	43	4	52	99	45	2	66	50	83	10	23	2	36	64	7	95	4	
6	72	41	98	59	61	95	21	52	67	92	18	31	23	42	72	11	19	13	36	27	22	86	4	45	50	95	71	39	92	5	12	97	11	98	45	64	34	23	65	
77	2	30	8	53	81	32	45	26	9	39	88	36	77	15	72	77	99	19	85	70	40	27	71	23	7	42	50	43	64	79	45	19	35	30	12	36	64	56	61	
35	86	76	22	31	74	88	80	43	33	55	45	75	94	57	27	93	35	78	2	77	93	43	7	91	79	98	75	85	91	48	61	9	70	50	27	24	96	39	89	
19	97	6	38	58	63	70	65	36	63	26	30	49	23	79	37	85	60	34	93	23	83	9	97	73	94	78	97	74	49	57	30	95	75	59	76	82	40	14	69	
1	92	81	9	56	16	68	44	38	62	28	70	80	4	17	85	11	56	89	58	71	83	12	73	44	94	78	6	9	67	34	20	15	63	79	70	4	57	86	21	
25	54	59	86	61	33	20	20	74	31	57	36	66	13	71	7	98	45	77	20	25	92	5	22	19	42	53	5	8	42	52	31	98	60	46	35	89	62	99	52	
65	60	87	94	85	18	33	31	92	59	10	43	16	70	34	17	24	72	73	23	57	98	68	96	58	28	80	11	72	66	51	14	39	71	27	3	63	77	7	9	
Reldue
-1	3713	-1	-1
-1	4507	-1	-1
-1	3215	-1	-1
-1	2638	-1	-1
-1	3863	-1	-1
-1	3654	-1	-1
-1	4496	-1	-1
-1	4625	-1	-1
-1	3202	-1	-1
-1	2855	-1	-1
-1	4785	-1	-1
-1	2790	-1	-1
-1	3078	-1	-1
-1	4282	-1	-1
-1	2510	-1	-1
-1	2827	-1	-1
-1	2947	-1	-1
-1	2544	-1	-1
-1	3824	-1	-1
-1	4265	-1	-1
-1	2555	-1	-1
-1	2590	-1	-1
-1	2579	-1	-1
-1	4720	-1	-1
-1	4141	-1	-1
-1	4079	-1	-1
-1	3437	-1	-1
-1	3786	-1	-1
-1	4330	-1	-1
-1	3406	-1	-1
-1	4578	-1	-1
-1	3011	-1	-1
-1	4587	-1	-1
-1	4631	-1	-1
-1	4681	-1	-1
-1	3067	-1	-1
-1	4181	-1	-1
-1	4773	-1	-1
-1	4665	-1	-1
-1	4183	-1	-1
