Families	20
Machines	10
MaxSetupTime	100

Number of Jobs in each Family
10	1	2	4	8	10	2	7	3	9	9	6	5	8	8	3	2	2	10	2	

Jobs in each Family
0	1	2	3	4	5	6	7	8	9	
10	
11	12	
13	14	15	16	
17	18	19	20	21	22	23	24	
25	26	27	28	29	30	31	32	33	34	
35	36	
37	38	39	40	41	42	43	
44	45	46	
47	48	49	50	51	52	53	54	55	
56	57	58	59	60	61	62	63	64	
65	66	67	68	69	70	
71	72	73	74	75	
76	77	78	79	80	81	82	83	
84	85	86	87	88	89	90	91	
92	93	94	
95	96	
97	98	
99	100	101	102	103	104	105	106	107	108	
109	110	

Total number of jobs
111

Processing times of jobs
3	7	7	7	6	3	3	9	7	7	
9	4	1	7	2	10	6	6	4	4	
9	8	4	4	9	9	8	5	2	10	
10	3	4	2	1	3	7	2	8	7	
8	9	5	8	3	10	2	3	9	9	
2	6	5	3	3	10	3	7	5	6	
10	5	4	6	10	4	1	2	7	1	
1	7	8	5	10	5	8	3	1	5	
7	8	1	6	6	2	4	9	6	2	
6	1	10	1	7	5	8	1	1	1	
3	5	1	5	4	8	10	10	10	9	
3	1	10	10	7	7	8	1	8	1	
10	3	2	7	3	3	2	1	10	6	
7	5	1	5	6	10	3	2	10	4	
5	5	8	4	10	2	1	7	9	1	
6	6	8	1	9	8	6	6	7	4	
8	2	6	4	3	9	1	6	6	1	
6	4	9	9	10	6	10	1	6	2	
1	4	8	3	5	1	2	1	1	5	
7	6	6	10	9	5	10	10	5	9	
9	7	3	4	8	8	9	6	5	3	
3	6	4	10	7	1	3	7	8	5	
5	6	4	3	2	8	9	7	7	3	
1	5	6	1	5	4	2	1	3	3	
9	8	6	7	1	10	3	9	7	7	
5	10	10	6	5	7	4	4	8	10	
9	1	9	5	7	8	5	3	3	10	
7	1	10	4	9	4	3	9	1	9	
7	2	4	5	4	6	5	1	1	9	
7	5	2	1	9	2	8	3	2	1	
7	3	4	5	1	9	2	10	3	5	
5	9	9	2	2	4	5	1	7	1	
4	7	9	9	5	3	5	6	3	8	
5	1	8	9	7	7	6	2	6	6	
7	2	7	5	7	9	6	3	5	1	
8	2	1	5	5	5	9	6	9	10	
1	4	8	5	6	6	8	4	10	3	
2	8	1	3	1	1	5	8	9	4	
2	10	8	7	7	3	7	9	10	2	
4	7	10	4	10	9	6	2	3	1	
4	7	10	1	10	1	9	8	3	5	
4	8	10	10	3	9	6	6	1	5	
2	9	10	9	4	4	10	5	8	10	
4	10	3	8	3	5	1	4	7	4	
4	10	1	9	10	10	9	10	1	4	
5	6	6	5	2	1	3	5	2	1	
7	7	3	5	5	1	10	8	1	4	
9	9	5	3	9	2	4	9	9	2	
1	8	9	3	7	4	9	7	3	7	
7	8	3	8	8	6	3	9	6	3	
5	2	6	7	3	2	4	9	9	8	
8	7	9	3	6	2	4	4	2	9	
7	2	5	8	3	7	7	5	3	9	
8	6	4	7	7	8	8	3	6	9	
3	10	10	8	2	10	1	6	2	3	
8	9	4	2	8	4	6	10	2	5	
5	6	9	3	5	3	7	8	9	4	
1	6	10	10	10	1	7	4	5	8	
1	4	7	3	9	7	10	2	1	6	
10	8	2	3	8	1	5	2	3	4	
1	10	6	9	1	9	6	6	1	2	
9	5	9	1	2	3	8	1	2	1	
9	2	9	5	4	8	5	10	6	3	
3	10	2	2	1	1	7	3	6	7	
8	5	10	7	6	5	5	7	9	6	
6	1	9	6	7	10	5	2	7	5	
10	4	10	5	3	4	3	6	4	7	
9	5	1	6	7	5	1	5	7	9	
1	7	10	5	4	7	7	5	5	5	
1	5	7	2	10	10	8	4	2	5	
8	10	8	2	3	7	1	6	3	9	
8	10	2	7	6	9	10	7	3	10	
10	9	9	5	10	3	2	4	4	5	
8	3	2	9	10	9	7	6	7	9	
10	1	3	9	7	2	2	7	3	5	
7	2	2	1	6	7	1	4	8	1	
5	1	6	3	5	6	5	5	3	3	
10	3	8	8	7	7	7	8	7	10	
5	1	5	6	3	4	7	5	7	4	
7	5	6	8	2	5	7	9	5	5	
10	1	2	3	3	5	6	6	7	3	
10	10	8	6	8	8	1	1	4	3	
2	4	2	6	3	4	6	1	10	3	
4	2	6	2	1	10	4	6	8	7	
10	5	7	10	3	6	9	1	4	3	
4	10	6	2	5	5	6	1	4	2	
2	5	8	6	9	1	2	6	8	5	
10	6	5	5	1	8	1	3	2	7	
5	6	10	8	10	3	8	8	2	1	
2	2	9	6	10	5	7	8	9	9	
10	6	5	10	1	4	4	6	3	7	
1	4	10	3	1	4	8	7	2	1	
1	6	9	8	8	1	10	8	5	9	
4	2	4	3	6	2	8	2	6	7	
10	7	9	6	3	1	2	2	3	6	
5	10	8	8	5	8	2	9	4	8	
8	8	7	9	1	8	4	2	3	10	
6	10	5	1	8	3	9	9	3	6	
10	2	4	7	4	3	6	7	1	7	
3	4	2	7	3	2	2	2	6	8	
9	10	10	8	7	2	4	6	4	1	
6	7	1	5	5	8	4	4	1	5	
9	8	9	8	6	2	10	1	5	7	
5	9	5	6	9	6	3	10	2	1	
8	9	10	10	3	5	3	3	4	6	
8	1	4	7	4	2	9	10	1	1	
9	2	1	2	10	3	7	4	5	6	
2	7	7	1	3	4	4	9	10	3	
6	4	9	1	1	9	1	2	4	3	
4	2	1	8	10	7	3	3	1	7	
3	5	5	2	5	1	7	9	4	6	

Stepup times between family, where [f][f] represents initial setup time
On machine	1
30	25	3	45	87	66	8	6	99	31	16	68	74	96	34	21	29	96	28	98	
62	21	7	47	56	74	97	48	5	56	67	47	90	31	49	29	86	15	18	71	
66	78	48	75	97	78	39	58	98	62	43	41	56	68	32	100	23	49	25	98	
25	76	15	84	40	37	3	13	57	53	69	15	69	19	76	20	38	26	90	90	
72	82	41	98	43	56	64	71	100	85	72	41	51	30	46	72	80	24	11	65	
25	2	94	100	58	61	10	69	92	31	55	55	82	21	61	70	73	53	68	16	
74	40	34	37	88	76	50	24	46	91	24	51	1	19	12	37	21	13	99	71	
91	70	85	28	46	30	97	35	64	70	6	73	49	52	26	80	59	78	10	40	
84	49	94	22	96	8	7	9	58	56	47	94	83	71	48	33	8	61	24	74	
21	88	66	65	11	13	94	16	73	56	10	80	33	80	10	76	62	17	92	86	
53	81	90	79	88	45	43	86	65	84	8	90	7	58	21	83	53	20	69	56	
73	45	51	10	14	33	9	63	34	29	21	45	52	38	10	30	15	8	18	21	
1	20	23	36	14	6	72	22	63	82	24	75	11	67	62	82	14	97	71	21	
33	97	52	65	90	31	13	28	26	79	52	82	52	51	31	99	49	80	58	58	
28	72	62	86	44	84	42	56	55	59	38	29	75	3	98	55	67	38	68	6	
6	63	1	59	8	98	77	62	81	86	92	58	19	78	36	6	46	96	94	2	
91	83	5	90	100	22	9	29	52	59	56	19	13	37	80	100	42	89	88	13	
76	7	99	78	18	15	98	81	33	74	18	53	18	3	64	23	77	44	80	26	
2	5	38	46	69	32	30	26	44	26	92	76	30	12	98	87	11	13	92	14	
17	56	27	20	24	78	26	66	14	80	49	50	24	36	23	7	7	60	6	46	
On machine	2
45	49	26	75	21	36	100	14	72	9	5	51	59	36	71	52	71	44	62	95	
55	60	54	87	68	10	65	17	96	36	99	76	25	32	44	50	67	70	48	65	
18	81	7	46	64	50	18	39	35	45	66	74	64	90	37	76	95	56	53	85	
51	66	19	66	12	50	13	2	27	88	20	70	89	33	38	82	67	45	7	96	
27	27	76	4	64	20	96	28	70	92	97	47	59	62	91	16	37	81	33	96	
29	45	5	15	39	95	31	67	45	27	16	86	17	34	72	82	73	92	20	29	
2	12	42	84	62	93	83	40	10	88	39	96	33	53	51	32	62	67	66	42	
3	38	14	71	47	3	73	98	52	28	64	31	97	83	33	61	51	84	74	64	
11	96	97	39	10	73	48	19	53	50	63	22	3	46	83	74	68	43	41	47	
4	45	90	34	67	98	57	13	100	84	15	28	97	81	53	15	83	89	13	1	
63	59	25	63	43	27	8	42	85	79	26	56	2	1	100	15	15	44	6	4	
86	90	20	37	70	90	78	80	47	7	100	9	33	85	11	46	49	32	10	55	
89	20	11	81	80	71	42	7	94	47	68	44	23	100	66	13	100	99	34	51	
93	22	48	31	42	8	99	16	75	89	24	78	1	99	95	53	40	69	11	98	
90	45	91	43	30	51	16	96	21	36	60	60	97	63	94	57	74	27	18	23	
55	98	5	72	60	37	66	29	9	70	41	93	87	71	89	56	37	17	22	26	
65	41	18	97	60	36	47	63	81	20	20	93	23	30	14	33	97	13	25	39	
77	96	88	87	61	58	18	99	27	99	11	70	15	40	9	6	81	7	91	44	
51	57	96	16	9	60	61	38	16	91	6	49	3	36	81	53	36	50	74	96	
58	16	50	29	98	41	63	33	19	58	77	4	30	58	82	1	71	87	12	52	
On machine	3
23	77	97	62	27	38	94	68	81	18	31	63	81	69	89	37	94	92	63	55	
83	98	30	39	42	1	82	85	75	95	55	37	58	81	10	51	59	28	7	44	
23	78	27	20	21	2	75	14	97	71	39	100	68	43	29	25	98	71	65	100	
32	9	85	64	8	34	68	98	72	73	16	92	33	31	13	65	98	27	93	53	
1	93	38	92	81	37	13	32	50	34	20	30	5	76	37	38	52	65	18	81	
29	27	84	62	87	41	50	93	45	27	77	71	46	31	12	72	18	35	61	18	
31	86	71	24	60	32	38	83	93	37	31	78	100	86	54	16	91	32	35	4	
55	13	44	31	19	23	73	4	59	89	54	80	57	3	17	80	52	24	68	65	
40	91	31	79	95	44	53	70	26	81	27	71	84	23	20	19	95	34	78	2	
5	56	78	23	1	14	34	89	31	94	90	86	19	44	19	100	93	86	92	33	
10	83	25	44	98	28	98	54	10	62	2	90	92	6	48	54	15	42	60	31	
100	88	82	22	30	54	8	39	67	84	40	29	87	64	42	46	25	36	49	23	
42	56	92	30	58	43	29	8	17	49	73	31	92	7	60	82	28	7	62	48	
47	6	96	66	33	39	59	14	33	59	76	17	56	72	46	40	59	90	57	25	
10	47	71	62	84	58	91	1	8	81	23	4	68	81	25	92	50	78	53	52	
85	9	77	51	10	91	15	29	71	42	55	64	56	45	86	35	100	38	20	89	
95	6	63	67	47	42	15	58	54	90	60	56	3	62	91	27	43	47	37	95	
97	53	12	58	1	3	39	45	2	16	22	99	27	16	15	7	61	15	86	44	
55	80	47	73	32	3	55	59	42	31	84	66	58	89	41	35	82	97	89	30	
93	36	52	34	51	14	34	92	95	91	75	21	90	89	47	74	16	88	86	84	
On machine	4
9	47	84	83	68	8	89	95	42	61	24	100	43	34	34	3	97	14	44	1	
56	69	68	8	36	73	71	88	16	2	93	57	98	52	8	100	70	47	72	58	
65	7	41	36	50	38	76	6	25	59	73	81	15	56	96	47	66	55	7	5	
92	98	56	45	71	24	67	61	1	7	99	19	81	77	48	7	15	51	25	89	
17	54	94	79	25	94	86	86	14	11	79	86	19	75	8	45	39	73	23	69	
25	50	97	61	16	89	45	87	35	9	45	20	63	60	6	18	48	13	31	83	
33	8	57	50	55	63	66	48	100	76	87	49	37	9	38	95	96	51	33	15	
35	19	18	9	37	29	37	29	82	27	19	59	48	30	47	37	67	6	41	32	
81	68	99	69	44	13	40	9	43	20	79	44	80	99	16	71	6	99	39	26	
97	66	81	8	71	40	19	85	36	59	62	18	45	82	95	75	3	64	76	88	
61	52	4	17	44	56	42	62	92	44	19	36	31	74	78	44	42	50	30	58	
63	82	13	91	52	69	4	97	18	77	44	53	37	65	6	1	17	52	33	7	
64	25	47	83	57	32	12	85	8	70	74	63	22	8	70	14	22	9	79	59	
63	66	30	92	36	30	49	2	9	63	31	69	95	78	49	34	64	70	42	13	
30	1	48	85	2	87	19	82	59	96	82	74	36	83	28	3	60	37	32	49	
33	8	62	41	54	19	13	17	83	93	72	1	59	51	57	68	64	46	14	93	
93	2	47	58	76	13	18	42	12	59	88	4	10	76	46	11	52	74	4	78	
4	54	32	56	46	68	12	45	61	51	54	22	93	10	92	55	6	32	35	62	
11	49	26	51	38	67	61	75	1	40	70	67	30	13	46	7	53	55	67	85	
100	31	32	88	68	96	28	9	66	12	56	82	76	98	12	33	17	63	70	9	
On machine	5
42	75	54	55	50	17	23	100	34	97	14	88	97	10	71	43	75	37	6	16	
76	64	93	92	97	38	2	86	84	7	86	12	51	65	62	75	48	47	77	82	
24	10	85	11	1	70	93	58	7	85	99	9	4	20	34	9	13	29	18	89	
28	70	95	88	83	47	62	73	81	42	20	48	65	78	82	29	47	37	73	88	
14	93	79	99	12	82	56	3	94	78	16	87	82	92	90	57	69	99	1	37	
67	9	4	82	61	45	79	52	88	80	85	83	63	47	46	26	17	81	92	1	
6	8	50	44	43	54	60	42	100	23	31	95	97	33	17	33	82	75	76	47	
7	23	1	21	95	10	45	21	48	41	50	53	2	6	1	36	58	11	41	90	
51	22	76	31	5	73	35	72	65	35	78	10	15	43	44	81	63	49	96	70	
58	34	5	88	98	17	21	17	46	86	98	94	39	65	24	12	47	24	88	93	
51	51	66	20	85	16	65	31	26	45	60	18	34	87	16	14	91	57	35	87	
64	48	98	6	72	86	54	59	39	35	38	20	54	93	49	42	94	43	84	96	
26	62	80	56	50	22	53	54	92	9	66	74	78	89	92	58	56	19	22	24	
62	62	64	78	38	3	26	52	6	34	31	55	62	61	56	13	94	51	62	29	
39	65	78	55	92	60	76	38	91	39	23	64	77	15	43	31	40	9	22	39	
64	94	53	54	41	31	70	81	2	5	10	42	77	58	36	6	86	84	37	55	
29	5	27	42	40	63	13	43	82	38	41	54	71	68	17	81	8	15	56	39	
96	6	69	14	44	10	55	92	20	20	23	11	1	15	62	64	6	3	98	24	
29	38	43	57	88	27	46	100	73	83	19	87	12	27	28	37	37	86	2	55	
97	99	59	32	20	59	59	72	28	61	38	98	27	44	55	72	56	11	59	91	
On machine	6
100	26	41	20	12	27	69	65	5	61	37	60	92	96	32	15	63	19	68	25	
44	79	6	32	56	44	40	88	63	51	57	96	77	55	36	87	85	97	5	38	
40	19	51	66	31	61	60	53	71	25	93	96	35	19	65	87	49	81	2	82	
53	60	30	68	100	24	52	53	86	14	36	13	59	42	59	11	48	81	81	85	
92	8	97	13	39	74	66	77	12	9	13	44	76	33	93	73	34	30	19	68	
27	74	26	99	59	57	49	43	15	45	84	65	57	40	25	61	76	80	31	50	
46	94	90	71	32	69	36	42	74	42	44	17	5	16	79	25	14	92	50	52	
13	13	9	1	100	42	77	25	21	31	11	23	38	66	72	63	91	27	91	23	
76	100	72	93	63	23	51	70	1	82	22	74	87	90	58	29	14	49	70	100	
98	72	76	62	26	30	70	12	100	86	83	70	21	23	49	63	23	1	87	5	
62	23	64	68	9	58	14	29	45	64	39	74	66	22	68	86	40	41	70	20	
54	97	45	48	76	12	82	87	69	58	2	88	43	5	45	61	87	84	74	18	
86	56	61	69	77	64	62	48	19	29	69	17	68	80	55	19	20	70	17	66	
39	86	89	76	82	53	49	2	52	74	85	31	7	57	60	73	33	70	86	94	
54	95	48	93	97	84	54	32	64	68	95	44	78	43	71	25	57	32	1	28	
1	95	9	52	63	42	25	71	84	32	68	65	60	63	92	31	84	85	62	28	
86	49	98	63	9	14	98	12	9	45	80	47	34	95	83	27	91	59	36	90	
91	74	95	10	62	36	100	39	90	3	33	52	6	46	85	39	9	81	50	100	
84	34	37	43	74	49	1	52	17	80	50	81	85	75	67	46	48	73	53	70	
68	6	59	31	18	5	7	92	26	66	51	57	53	40	34	15	14	8	57	75	
On machine	7
7	37	67	18	38	99	20	35	88	25	88	39	47	90	20	100	93	99	56	20	
32	29	48	58	73	62	20	74	61	20	92	64	43	45	85	51	51	91	33	92	
39	25	48	16	70	59	9	88	96	37	75	75	52	33	80	89	61	71	8	51	
89	38	64	83	96	63	21	39	68	5	60	87	13	96	91	68	39	19	70	81	
97	25	9	40	39	49	43	57	71	49	87	54	21	44	68	92	51	27	86	59	
85	2	65	7	25	15	66	11	62	72	55	76	83	50	50	43	61	33	29	65	
77	14	3	8	17	87	44	29	21	4	68	93	2	5	88	45	100	15	52	65	
62	74	29	1	14	46	100	15	79	100	73	94	32	81	71	53	8	40	11	89	
46	58	9	48	14	82	84	39	13	61	66	8	65	79	67	44	99	91	97	92	
36	73	79	24	5	75	63	30	85	20	13	86	64	26	92	16	19	100	64	79	
33	69	71	11	61	92	85	83	97	24	96	11	98	79	75	53	35	39	2	16	
93	22	67	35	90	100	37	91	85	18	49	58	83	77	71	29	55	21	16	11	
45	74	71	1	43	19	57	92	88	36	64	81	16	45	99	21	90	41	9	90	
75	27	54	70	91	76	10	97	98	17	64	8	29	28	70	98	66	49	37	79	
95	97	65	36	56	37	63	93	6	28	86	65	36	20	13	100	42	5	6	10	
72	54	9	15	64	81	52	73	18	38	57	46	2	61	46	91	4	80	68	75	
75	86	37	80	2	66	12	29	92	30	33	34	89	7	37	23	16	65	11	18	
7	18	49	82	34	9	5	40	55	28	87	99	20	81	99	35	43	75	8	77	
90	82	84	70	23	67	32	70	91	65	24	79	75	49	53	44	90	79	35	79	
35	61	55	30	52	84	42	11	27	22	47	20	45	78	49	34	31	70	19	90	
On machine	8
59	79	85	11	26	23	13	32	16	95	47	33	26	62	3	79	19	27	93	47	
34	20	87	4	84	83	60	61	58	63	21	22	36	57	1	83	15	26	24	94	
10	87	53	61	35	39	87	98	73	23	43	1	46	6	31	84	45	85	90	90	
11	85	86	98	77	44	38	69	60	21	41	74	33	40	27	37	40	57	72	49	
58	63	65	69	82	49	49	31	96	36	43	5	41	7	29	76	11	70	59	43	
70	45	13	79	58	11	40	31	20	62	24	66	61	32	99	62	47	96	79	36	
34	46	60	73	88	8	74	73	82	56	95	35	18	44	45	52	81	67	20	76	
84	64	37	69	98	74	7	20	93	11	17	77	100	3	68	33	74	53	96	73	
36	92	49	82	94	58	44	26	94	10	15	94	25	23	17	40	22	99	26	27	
94	19	39	86	64	93	6	37	84	98	3	36	79	24	88	52	38	41	64	28	
18	1	22	16	24	16	2	60	30	49	65	85	49	26	8	34	85	16	60	91	
61	69	43	52	15	91	47	88	36	96	23	39	44	13	74	45	3	80	93	91	
26	80	85	8	26	71	76	59	88	78	79	72	39	85	59	76	37	64	40	7	
25	97	38	31	1	99	85	54	64	80	4	31	51	26	93	98	9	73	22	93	
50	6	28	13	41	19	55	63	63	83	26	1	82	71	31	40	43	66	85	89	
23	28	15	55	12	40	61	35	56	25	73	98	71	35	88	5	7	18	6	34	
52	73	40	35	60	20	54	6	78	2	84	94	22	6	73	67	50	7	1	19	
17	53	98	2	10	54	19	19	57	44	39	28	9	27	25	46	55	33	59	7	
92	8	89	1	87	60	19	16	27	31	18	85	38	17	89	55	34	48	87	41	
24	46	43	29	40	85	97	43	21	96	73	56	87	50	21	38	28	13	69	41	
On machine	9
100	29	22	36	83	43	82	51	13	73	64	73	80	95	45	26	7	77	6	86	
66	44	22	15	75	91	17	39	24	25	52	73	24	68	56	6	38	50	25	39	
14	75	36	49	45	61	29	90	35	39	84	77	43	75	99	54	80	42	100	66	
11	30	43	90	91	76	17	89	56	12	11	47	64	64	45	3	44	35	43	77	
76	78	28	19	11	94	9	57	51	22	34	54	89	61	51	78	70	38	25	22	
85	36	18	19	64	3	73	85	27	97	9	47	69	49	63	87	1	81	84	76	
68	29	24	67	8	73	2	74	31	14	43	31	30	19	77	75	44	83	48	46	
42	45	80	8	34	69	70	59	40	16	38	64	15	38	60	89	39	31	35	28	
100	77	30	55	23	93	12	52	45	53	10	89	56	89	26	39	88	15	83	5	
40	27	45	8	17	1	6	83	14	38	38	24	19	51	4	31	41	9	4	88	
63	72	37	71	72	74	36	13	21	55	99	87	44	73	20	83	14	35	23	13	
100	37	17	17	83	29	33	38	35	8	1	91	1	57	16	16	1	17	32	95	
9	42	77	82	62	83	52	55	58	79	87	72	37	39	90	74	94	77	28	55	
59	36	46	1	95	50	75	75	73	25	28	72	59	43	34	17	55	96	90	12	
54	25	52	94	55	28	39	14	55	20	63	74	93	19	38	41	56	11	68	10	
23	70	62	85	33	64	15	52	19	31	52	64	98	44	74	1	91	91	22	34	
20	15	66	80	99	83	37	72	15	4	61	61	27	63	36	2	58	37	24	5	
97	8	94	91	3	21	98	78	11	93	33	82	7	26	31	76	42	15	41	13	
7	56	73	24	17	59	67	2	8	73	39	38	77	51	41	64	69	71	40	26	
48	14	35	9	67	21	14	13	45	10	7	52	85	69	76	20	41	23	25	30	
On machine	10
72	36	9	37	71	74	79	37	65	53	9	66	57	52	62	31	37	38	56	29	
42	3	27	4	97	96	20	46	98	11	3	86	23	57	78	64	45	33	80	17	
17	8	61	34	89	22	25	83	84	53	84	27	83	61	26	42	70	80	56	97	
95	85	91	51	72	87	92	56	34	45	49	59	60	29	83	71	60	60	100	93	
25	94	74	80	31	59	35	79	33	5	18	92	6	3	55	77	66	9	20	29	
2	8	20	21	39	99	13	48	60	80	83	14	76	78	93	8	66	100	22	7	
51	50	73	6	59	98	39	7	58	65	54	49	99	18	77	100	50	44	48	1	
55	64	20	12	73	81	55	6	69	74	43	37	73	60	16	88	86	42	82	73	
98	85	55	35	69	97	37	89	61	56	71	23	23	76	18	6	4	20	14	60	
76	67	21	58	90	67	81	49	80	58	37	1	4	88	54	24	71	87	87	60	
63	66	8	51	95	11	29	4	10	83	30	23	16	65	3	39	34	12	62	62	
80	60	94	78	72	49	11	21	20	91	97	68	94	47	83	83	51	22	85	5	
96	51	34	2	14	95	87	58	29	78	70	17	95	36	59	54	89	77	44	8	
78	97	77	32	13	9	38	97	58	34	22	35	97	49	36	45	26	85	35	19	
48	58	74	65	4	1	93	39	90	77	34	41	64	8	72	26	75	83	92	51	
83	24	15	16	89	26	5	90	73	67	52	34	31	22	32	12	22	13	83	95	
74	59	12	62	5	98	46	84	25	54	6	29	56	45	82	70	22	24	87	13	
33	80	46	24	99	30	44	21	60	93	99	35	93	39	57	40	73	58	60	100	
56	27	53	69	84	61	53	40	9	72	62	16	19	77	85	88	51	77	91	33	
1	28	60	70	26	5	84	71	53	51	64	85	12	87	68	20	35	32	90	92	
Reldue
-1	961	-1	-1
-1	836	-1	-1
-1	1594	-1	-1
-1	1211	-1	-1
-1	1515	-1	-1
-1	1349	-1	-1
-1	1254	-1	-1
-1	1535	-1	-1
-1	1666	-1	-1
-1	1442	-1	-1
-1	1643	-1	-1
-1	1814	-1	-1
-1	2037	-1	-1
-1	746	-1	-1
-1	1369	-1	-1
-1	1255	-1	-1
-1	1772	-1	-1
-1	735	-1	-1
-1	1018	-1	-1
-1	932	-1	-1
