Families	20
Machines	20
MaxSetupTime	50

Number of Jobs in each Family
9	10	2	3	3	2	8	4	3	5	6	9	3	7	7	1	2	9	3	5	

Jobs in each Family
0	1	2	3	4	5	6	7	8	
9	10	11	12	13	14	15	16	17	18	
19	20	
21	22	23	
24	25	26	
27	28	
29	30	31	32	33	34	35	36	
37	38	39	40	
41	42	43	
44	45	46	47	48	
49	50	51	52	53	54	
55	56	57	58	59	60	61	62	63	
64	65	66	
67	68	69	70	71	72	73	
74	75	76	77	78	79	80	
81	
82	83	
84	85	86	87	88	89	90	91	92	
93	94	95	
96	97	98	99	100	

Total number of jobs
101

Processing times of jobs
8	4	8	10	9	2	8	5	2	7	6	8	5	7	5	7	8	3	1	6	
5	8	5	8	7	9	10	4	6	6	1	8	6	8	8	10	4	8	10	3	
4	3	7	10	5	6	1	9	8	4	7	9	8	10	1	5	7	5	7	1	
6	9	5	10	10	10	1	3	3	3	6	3	4	8	3	6	6	3	1	7	
10	1	4	3	2	8	6	7	6	5	10	3	4	6	1	8	6	6	1	1	
6	6	4	1	5	6	7	2	5	7	6	7	7	1	9	8	1	6	10	4	
6	1	7	6	4	10	1	5	1	8	10	9	8	9	8	10	1	5	5	3	
9	9	10	9	7	1	9	6	6	4	10	1	5	8	6	6	8	3	2	10	
5	9	1	6	3	1	9	7	8	3	7	9	8	8	6	6	7	4	1	3	
8	9	6	5	2	7	5	7	3	1	9	7	6	10	8	3	4	5	1	2	
2	9	4	2	3	1	6	10	5	7	1	1	3	4	4	6	10	4	1	9	
5	9	4	7	1	8	6	3	2	2	3	4	7	1	3	6	7	9	1	3	
8	1	10	7	7	6	2	7	9	7	5	1	8	2	9	6	10	9	6	10	
7	1	6	3	5	3	7	7	5	3	3	10	9	2	9	6	6	4	10	7	
3	7	6	9	9	4	5	8	7	7	6	9	10	6	2	6	6	8	3	8	
2	1	8	5	6	10	9	4	4	4	4	7	9	1	10	1	2	10	10	8	
1	1	5	2	2	4	9	1	1	8	6	8	7	3	1	1	5	2	8	4	
3	3	9	6	3	1	5	7	8	3	1	9	7	4	7	7	9	4	3	5	
8	9	3	7	7	2	2	3	8	5	9	5	4	2	5	10	10	3	3	6	
9	10	6	7	7	9	7	10	2	2	7	5	2	6	1	2	5	1	1	10	
9	5	1	1	9	6	6	1	9	9	10	6	4	6	8	5	2	6	7	5	
8	7	8	8	4	7	4	2	7	4	8	4	5	9	7	4	4	7	7	4	
9	4	8	7	5	6	10	8	3	9	1	3	8	7	6	9	4	2	7	1	
7	3	1	2	3	7	3	7	5	1	4	7	5	8	5	6	8	1	1	6	
4	3	1	6	2	6	2	4	8	2	5	8	7	5	6	6	9	1	10	4	
3	3	3	1	4	10	3	8	2	8	7	10	3	10	4	7	1	8	1	6	
7	1	3	4	6	6	3	2	7	9	8	6	4	9	6	9	8	10	3	2	
7	10	10	10	3	3	5	2	2	10	7	5	9	10	6	3	9	1	10	4	
1	2	4	2	6	6	8	9	9	7	5	7	10	5	2	7	9	5	5	9	
8	9	10	5	7	10	2	9	3	6	1	9	10	8	8	5	2	3	6	8	
8	3	4	6	7	9	10	10	4	8	10	6	9	5	3	4	2	7	4	10	
6	1	5	1	3	1	1	9	10	8	9	5	2	4	1	1	1	9	1	7	
7	8	10	2	6	4	1	4	3	5	8	9	3	4	5	4	5	1	4	4	
4	7	1	4	9	7	6	5	5	3	8	9	4	10	10	8	8	2	7	10	
9	8	9	2	2	9	3	8	6	8	5	9	1	6	5	5	2	1	3	7	
2	2	9	4	4	7	6	3	4	6	6	3	3	7	10	10	3	7	2	8	
6	1	9	4	8	1	8	9	10	1	4	1	9	10	7	2	1	8	6	8	
3	4	9	6	7	2	8	6	1	4	7	5	4	3	10	3	7	9	4	7	
5	3	5	7	4	5	2	9	6	6	7	7	9	8	9	1	4	6	2	10	
2	4	6	5	4	1	7	9	4	8	8	10	2	6	3	4	5	9	9	7	
3	1	9	7	5	5	10	9	10	2	9	5	8	5	5	8	6	9	8	1	
1	6	1	6	6	6	5	4	5	3	5	5	9	1	9	5	5	9	9	8	
2	2	6	10	1	3	8	10	7	7	5	10	1	7	7	8	5	2	1	2	
10	5	5	9	3	5	4	1	10	6	10	4	6	1	1	5	5	8	7	2	
2	8	5	5	6	7	1	4	4	1	3	7	1	10	6	1	1	4	4	6	
6	9	2	7	2	9	5	6	6	3	2	1	3	2	2	8	7	6	6	6	
5	4	9	3	8	1	7	5	4	9	2	6	4	3	3	6	4	2	9	7	
5	3	8	1	10	7	1	6	9	3	5	5	8	5	10	8	10	1	9	4	
10	6	7	2	1	1	10	10	8	6	2	1	6	5	9	9	1	5	10	9	
8	4	1	7	3	8	7	10	6	5	4	6	4	8	6	10	2	5	8	10	
10	10	6	9	7	5	2	5	1	5	6	10	5	8	3	5	3	7	2	4	
8	4	7	3	7	6	2	7	10	6	5	2	1	8	7	7	8	4	2	7	
6	1	9	2	1	1	1	1	5	2	7	5	6	10	8	9	8	10	3	6	
10	7	1	10	4	1	6	4	9	3	4	9	6	9	10	5	10	1	1	7	
8	3	2	9	7	5	5	4	9	4	6	6	4	4	5	4	9	10	7	3	
7	4	6	2	2	7	1	1	4	10	4	1	8	4	9	2	6	4	1	2	
9	4	4	9	6	10	1	3	8	2	1	1	5	6	3	7	10	8	2	10	
4	8	10	1	5	10	6	7	10	5	2	7	4	7	1	1	5	2	10	7	
6	5	1	2	4	9	4	10	9	9	6	4	5	8	7	5	10	6	10	10	
4	5	5	3	2	1	9	9	7	1	5	4	5	1	10	2	7	8	7	3	
8	8	9	2	8	1	9	3	9	4	5	4	1	10	10	6	8	1	5	8	
7	2	5	1	5	8	5	8	8	7	10	4	10	4	5	4	9	7	6	4	
1	7	3	7	8	5	6	5	3	9	10	10	2	6	2	6	10	3	9	3	
2	9	4	10	9	10	2	1	2	10	7	8	7	4	8	5	7	2	4	9	
8	7	1	10	10	2	3	7	4	10	1	6	4	9	7	5	3	9	3	9	
6	8	10	3	4	7	7	2	9	6	9	8	6	9	4	4	9	9	7	6	
3	10	5	4	10	4	9	9	9	6	9	9	8	8	1	9	5	10	6	8	
7	6	3	3	9	7	2	2	5	3	10	6	10	4	9	2	10	7	8	2	
5	7	4	8	4	1	8	5	6	10	9	6	8	6	3	10	2	10	5	3	
9	1	10	8	10	6	3	6	1	7	2	10	7	6	2	7	5	7	1	4	
5	3	2	5	1	10	7	5	3	5	8	3	9	1	2	1	7	6	10	5	
3	2	1	6	6	6	9	2	8	5	2	4	8	5	6	9	8	4	8	1	
4	7	1	10	6	10	7	3	2	3	10	7	10	4	7	9	5	5	3	3	
10	2	1	7	3	10	6	4	9	6	9	7	2	5	4	5	9	7	2	3	
6	8	5	4	10	9	2	7	7	7	3	4	4	2	6	1	4	4	2	4	
3	4	7	2	1	1	7	7	7	9	6	7	4	4	4	7	4	8	1	9	
6	7	8	4	5	10	5	7	3	10	1	2	6	8	4	3	8	3	8	5	
2	6	7	9	10	6	7	7	3	10	8	5	3	10	4	7	4	9	6	4	
1	7	1	10	8	6	2	8	3	7	10	1	7	4	6	2	3	9	4	7	
5	2	2	8	6	2	7	5	6	1	3	2	7	3	2	10	3	1	7	9	
5	8	4	6	1	4	6	7	6	6	10	7	4	4	9	5	2	4	9	6	
5	3	3	6	4	1	8	10	6	7	2	8	6	9	6	10	8	6	3	9	
2	6	8	10	3	5	7	9	9	2	6	5	5	3	2	6	2	9	9	7	
6	4	8	9	9	2	8	7	9	7	1	1	3	6	3	5	6	1	4	7	
9	10	6	1	8	8	10	7	3	3	7	6	7	8	7	4	1	2	4	8	
3	4	10	9	9	4	4	8	5	8	10	8	5	5	10	2	5	5	4	6	
7	5	9	1	3	5	8	2	9	2	9	10	9	8	9	1	7	5	9	4	
4	7	2	8	7	6	3	2	6	9	9	7	3	4	7	3	2	1	6	8	
8	1	10	10	9	9	2	8	1	1	5	1	5	2	7	8	6	2	6	5	
9	1	4	8	6	3	7	6	6	6	6	2	6	5	6	2	7	4	6	8	
8	1	10	6	9	6	7	1	4	3	6	10	5	4	6	9	2	5	1	6	
1	10	3	3	6	10	5	8	4	2	3	10	4	1	2	2	7	4	10	7	
8	9	6	7	10	5	2	1	2	8	5	4	2	7	3	10	9	2	5	8	
1	2	4	3	10	9	9	4	7	7	2	2	9	3	1	10	7	10	10	7	
6	2	6	1	10	8	8	2	1	1	3	7	6	1	1	6	6	7	7	2	
1	4	2	4	4	9	4	2	9	6	5	2	4	9	7	6	6	10	10	3	
1	9	1	9	7	1	9	8	6	6	3	7	8	6	5	10	4	10	5	2	
6	8	4	10	10	3	3	6	3	7	9	3	3	9	2	6	7	6	1	5	
10	5	4	9	6	9	7	9	9	10	8	7	1	3	3	3	3	7	2	7	
2	3	4	3	8	2	1	3	10	6	5	9	6	7	8	2	8	9	7	7	
8	4	7	8	4	1	6	8	2	2	3	9	1	8	4	1	2	10	6	6	

Stepup times between family, where [f][f] represents initial setup time
On machine	1
18	47	10	7	15	1	26	38	4	38	48	42	43	32	19	49	46	31	22	31	
11	1	36	3	21	45	7	5	36	31	18	47	6	8	3	20	47	45	22	12	
1	44	20	19	46	22	29	15	44	48	3	12	40	40	31	44	21	20	46	4	
41	26	40	12	33	13	19	41	39	19	4	22	1	11	31	36	24	14	1	11	
17	18	11	34	3	38	8	44	20	37	25	23	46	7	48	1	43	34	37	41	
6	45	16	24	23	36	27	23	29	48	35	2	49	7	7	16	26	8	36	1	
32	10	38	10	1	12	25	34	23	19	28	44	8	18	47	22	15	44	48	29	
24	6	41	49	36	11	18	16	45	22	41	20	5	11	3	49	39	7	38	3	
25	12	22	2	29	8	39	41	26	6	31	37	41	4	27	38	22	23	33	1	
32	16	32	44	38	34	22	16	29	40	14	22	16	15	25	4	19	38	6	30	
17	8	16	11	28	21	20	32	32	29	46	1	6	41	18	25	20	4	1	32	
28	16	36	16	46	31	45	39	2	17	11	47	3	24	2	42	47	39	45	47	
36	9	39	3	4	10	12	15	15	25	41	31	19	50	45	32	38	36	12	21	
14	22	15	38	9	13	44	7	28	34	33	47	27	29	50	35	43	28	44	36	
8	31	26	40	33	44	3	21	37	28	17	33	43	26	31	31	6	37	11	3	
48	25	4	15	23	22	15	35	1	32	25	25	35	26	3	1	20	47	32	27	
27	25	46	23	1	44	36	6	32	49	31	29	43	1	26	16	26	37	12	21	
26	21	39	29	23	34	7	36	6	9	33	18	44	23	44	39	17	28	41	10	
31	46	16	43	47	3	39	28	30	39	42	48	29	20	5	35	42	46	8	6	
8	45	23	38	19	35	38	1	48	42	27	32	24	34	29	11	23	6	37	43	
On machine	2
39	47	1	4	32	30	25	14	27	30	9	38	27	22	27	20	37	37	16	6	
33	19	49	1	43	6	22	46	10	27	2	36	39	38	40	24	32	21	24	16	
33	14	50	20	14	30	45	12	18	10	14	17	32	7	39	9	22	15	16	28	
27	44	10	13	50	22	34	29	49	36	43	41	21	7	6	29	7	15	44	12	
15	3	48	48	47	8	10	49	10	36	1	28	12	22	7	18	4	44	12	46	
8	2	47	11	2	1	46	37	20	18	41	46	11	28	17	40	29	38	34	20	
7	38	28	41	17	27	47	50	35	37	31	7	41	32	7	34	34	36	20	37	
39	32	24	20	20	4	22	9	44	24	38	33	11	45	22	46	15	23	4	18	
40	28	12	42	50	29	7	2	46	43	30	37	23	35	1	50	43	6	7	4	
25	10	8	19	48	16	2	5	42	10	48	8	27	8	47	34	7	42	27	26	
31	14	15	26	5	1	42	33	17	10	25	6	4	4	32	5	35	42	25	38	
49	7	23	7	13	45	49	10	20	5	25	28	8	29	8	29	10	30	13	12	
27	15	33	16	34	4	37	1	44	38	24	49	21	13	20	34	25	32	25	5	
11	30	10	19	38	48	50	18	19	22	39	10	40	50	25	1	25	35	24	26	
18	9	39	9	14	48	36	29	22	18	29	36	21	2	17	27	1	12	46	6	
40	21	41	45	37	19	50	10	13	31	21	19	8	29	20	37	3	8	7	3	
33	1	30	14	23	11	32	44	21	8	17	23	29	4	14	48	28	15	33	20	
45	15	42	7	36	39	18	38	5	10	20	37	47	11	34	17	9	6	1	22	
21	6	50	2	37	44	40	40	16	15	29	4	44	49	29	43	13	20	2	20	
29	32	10	15	11	12	2	27	18	40	1	31	10	19	18	7	46	9	16	4	
On machine	3
50	47	45	41	23	1	40	5	28	18	32	7	49	19	29	47	16	20	25	3	
34	38	46	18	37	17	41	42	45	27	29	33	30	47	12	8	39	45	30	10	
47	16	49	38	42	17	2	22	5	22	14	1	13	21	42	5	2	50	29	36	
4	35	30	8	17	19	29	6	46	40	16	33	19	15	10	11	33	8	18	30	
33	30	48	34	44	45	50	6	32	27	41	31	27	34	7	26	34	4	6	21	
50	48	1	50	46	24	14	6	10	12	36	17	46	41	12	7	8	5	44	18	
17	21	14	13	6	13	23	28	17	10	11	43	27	40	22	3	17	26	48	2	
45	19	32	25	24	49	32	28	42	26	34	36	28	39	3	35	21	26	11	50	
33	32	28	41	45	4	47	47	31	4	19	34	10	13	22	48	23	46	1	30	
47	44	23	37	28	10	24	26	4	46	44	46	26	33	18	1	16	50	23	35	
25	47	35	15	35	9	4	49	40	1	4	33	44	1	33	5	50	37	2	47	
24	27	39	40	43	6	2	29	18	1	13	11	31	43	46	13	11	2	47	6	
13	27	6	40	41	21	42	37	28	42	48	14	28	20	43	47	20	9	5	50	
36	15	37	16	45	50	39	15	9	47	38	23	34	11	28	15	7	16	43	8	
13	16	28	38	32	18	21	1	7	16	39	37	27	2	3	1	9	31	48	27	
12	36	27	34	33	9	27	38	3	6	25	5	12	36	24	31	23	19	26	10	
10	46	41	28	20	44	27	33	10	5	10	24	38	46	1	19	37	16	31	35	
1	38	33	12	26	24	50	20	23	34	26	8	20	38	12	31	46	7	41	40	
16	5	14	38	8	3	39	22	1	34	18	22	16	49	49	9	29	15	30	25	
35	2	47	19	9	50	46	4	32	9	8	35	26	34	5	29	22	34	43	47	
On machine	4
46	19	33	33	4	31	21	40	18	8	32	1	11	4	3	11	8	3	47	47	
42	24	41	13	27	10	6	41	27	19	44	6	2	11	3	28	6	5	9	23	
8	47	3	13	43	15	43	19	23	24	39	42	31	5	44	49	30	22	25	35	
9	8	5	9	22	5	49	4	27	11	22	44	48	33	46	15	31	47	43	34	
7	30	3	41	9	44	26	34	37	9	12	31	46	43	30	10	11	21	31	37	
16	36	29	31	21	2	22	35	35	37	34	26	32	15	39	39	14	19	28	14	
26	31	45	16	50	24	43	43	20	39	41	44	24	3	47	36	5	8	34	33	
15	43	34	30	4	21	21	6	9	14	36	21	34	27	47	4	24	47	17	49	
44	18	19	47	45	17	18	6	11	49	48	32	14	50	20	31	43	36	10	33	
39	16	2	6	43	20	7	16	13	8	25	3	32	13	14	24	1	45	22	40	
3	8	46	36	31	34	23	34	14	20	20	16	32	6	42	20	41	44	47	6	
9	4	26	30	12	50	24	39	39	19	36	25	44	34	37	19	30	40	22	23	
47	45	3	49	1	17	46	1	5	21	15	10	4	8	1	15	49	24	45	50	
5	20	47	21	8	48	21	26	30	19	49	10	21	46	29	14	5	48	24	43	
16	35	1	46	49	26	20	49	21	3	27	4	27	33	38	4	14	33	23	15	
49	45	33	30	35	47	4	7	43	26	9	24	16	27	35	36	16	33	4	35	
10	13	7	8	3	5	30	31	40	3	20	29	20	38	8	14	10	42	26	14	
20	11	30	10	47	49	20	12	28	19	18	8	9	27	49	24	24	8	4	38	
45	28	32	14	1	41	3	14	33	19	34	50	49	17	48	7	49	21	23	49	
34	37	41	36	34	45	26	13	46	19	10	4	26	7	4	42	49	40	10	45	
On machine	5
41	18	24	34	30	20	47	3	39	36	8	30	4	19	6	14	35	43	17	45	
2	33	1	14	17	26	2	17	37	16	48	40	8	10	6	50	37	15	45	9	
39	36	32	7	32	38	48	10	18	21	39	35	33	33	9	9	23	7	39	8	
7	34	15	11	4	47	43	30	27	28	43	12	15	37	8	43	50	22	45	21	
19	24	50	5	45	45	14	17	45	30	11	13	39	17	2	12	28	33	19	16	
45	47	28	14	8	2	14	7	27	25	29	37	39	29	37	11	22	18	35	47	
42	50	15	22	14	8	44	39	49	31	7	19	22	18	23	28	33	38	47	39	
31	39	36	30	49	6	22	24	2	25	29	6	28	31	36	6	44	29	37	21	
35	30	13	12	10	20	44	49	13	12	26	12	23	17	22	40	50	9	37	36	
8	8	4	44	45	21	2	35	39	34	10	36	27	46	50	35	32	22	24	20	
35	14	20	26	16	21	18	15	2	35	19	15	16	30	15	30	27	30	41	31	
39	34	41	16	14	28	6	38	5	27	8	27	34	38	45	21	4	27	3	18	
3	47	2	45	15	7	26	8	41	37	15	33	3	18	50	49	47	37	22	17	
7	8	25	35	25	45	3	26	6	48	9	24	9	37	14	44	27	30	10	4	
21	9	39	42	35	45	47	44	6	1	29	7	8	5	13	26	33	36	23	15	
28	21	24	28	13	7	23	10	40	34	36	9	30	13	34	39	39	35	41	44	
40	1	12	40	22	33	11	37	18	3	39	26	1	15	39	38	24	9	34	19	
30	34	41	26	24	48	31	42	23	14	1	24	45	13	23	16	48	1	44	24	
12	22	34	8	16	15	24	28	20	25	35	16	22	9	26	19	12	21	21	40	
46	45	16	28	18	11	27	17	36	6	5	17	8	49	31	27	37	25	49	4	
On machine	6
38	33	1	46	46	26	34	4	46	15	10	36	22	11	11	31	4	32	24	9	
19	49	15	37	40	48	21	22	45	6	49	32	8	25	6	7	20	32	30	9	
26	42	3	12	15	40	24	43	3	17	33	11	6	27	6	4	18	13	32	43	
18	7	1	50	14	5	32	20	7	33	30	13	41	27	2	18	9	10	40	46	
7	39	19	2	41	32	11	27	25	29	36	39	35	30	27	29	21	26	41	20	
9	39	50	6	30	8	7	38	15	36	15	33	8	27	19	50	7	31	19	19	
2	13	44	17	17	25	43	11	11	3	19	40	6	21	7	24	6	48	42	33	
45	50	20	24	47	16	47	14	29	16	14	40	12	33	23	31	1	2	27	15	
14	27	44	33	6	11	46	24	20	24	40	17	20	31	12	45	28	43	40	36	
20	32	24	15	4	23	15	23	17	2	14	44	27	31	1	13	12	8	45	35	
43	34	44	43	49	22	49	38	23	50	25	31	30	32	33	14	11	34	28	34	
24	14	31	30	15	14	44	32	33	26	20	23	15	20	38	33	11	6	33	3	
50	33	33	15	5	38	3	48	33	47	29	45	43	17	26	33	35	13	15	47	
14	3	40	4	3	42	4	39	8	33	21	13	20	35	23	39	17	35	40	33	
11	36	39	31	15	25	9	40	14	37	3	40	35	47	6	47	2	32	24	24	
50	13	12	10	25	23	27	46	4	40	17	47	39	50	40	49	26	4	8	13	
44	18	10	17	41	44	33	43	27	44	43	32	11	48	4	27	45	36	7	5	
32	1	2	45	24	8	22	20	48	21	3	48	39	11	1	9	25	41	26	43	
24	42	37	45	35	6	12	31	43	49	13	19	20	6	13	16	48	43	45	21	
25	27	37	39	8	26	17	45	2	12	44	31	8	20	41	18	48	18	21	50	
On machine	7
15	45	3	19	44	46	40	12	31	30	30	1	34	31	10	41	43	21	24	15	
48	31	37	11	25	46	12	4	4	2	15	35	9	13	3	48	15	35	15	31	
40	10	49	31	37	22	29	25	18	7	1	29	4	7	32	28	34	19	27	38	
49	35	10	35	9	23	46	35	47	24	48	17	13	18	50	15	33	31	7	2	
31	4	9	15	49	47	3	15	6	37	38	35	36	27	13	23	16	46	37	8	
8	17	40	50	24	9	22	48	3	40	49	7	34	46	27	1	12	11	9	4	
35	14	30	19	19	46	17	13	15	49	31	20	22	25	34	29	33	13	12	39	
20	28	43	42	49	16	12	11	7	50	21	14	5	43	17	34	15	3	38	26	
22	32	22	1	2	5	22	16	12	28	45	11	13	47	32	31	38	25	19	10	
2	11	3	29	47	39	40	42	21	8	8	40	17	41	28	32	15	34	2	42	
44	1	23	26	2	10	46	24	6	32	34	32	22	6	42	4	48	30	42	10	
4	35	14	9	45	33	33	12	22	3	1	29	14	22	22	41	19	20	20	13	
32	17	40	27	41	34	7	20	34	26	33	3	24	30	12	27	1	1	10	27	
4	49	21	13	40	6	44	18	23	16	5	3	10	3	42	15	22	32	50	14	
14	29	10	20	24	45	8	19	42	30	34	13	47	19	25	10	41	19	43	29	
35	3	4	21	42	14	22	18	49	22	18	12	32	29	21	27	9	44	18	50	
34	13	29	22	27	11	38	43	6	49	28	47	36	3	25	37	14	13	28	31	
38	46	47	40	50	47	3	10	38	25	9	43	15	32	32	13	43	6	44	10	
10	1	14	35	13	46	46	36	36	24	3	13	41	16	18	1	37	25	42	49	
17	1	5	20	5	9	4	24	21	30	37	6	11	46	1	22	17	2	28	29	
On machine	8
35	29	14	6	45	9	17	10	25	38	6	7	46	13	28	36	32	43	20	16	
15	45	47	22	48	2	45	47	7	14	45	7	40	13	23	3	33	5	16	45	
15	43	18	18	1	46	40	10	1	29	36	32	28	38	4	31	40	7	26	21	
5	48	18	10	41	49	35	5	22	42	45	24	4	20	47	4	1	33	16	9	
6	11	12	24	9	47	43	23	1	14	40	6	49	42	38	32	6	8	49	6	
44	21	44	34	48	34	9	30	3	23	1	48	45	10	38	30	13	29	4	34	
4	3	49	13	4	27	44	48	32	11	7	29	25	25	13	21	14	44	31	40	
19	41	8	22	3	13	23	33	39	16	32	40	19	14	4	27	13	31	8	43	
48	21	25	12	7	35	32	16	26	1	31	33	19	11	21	41	9	45	33	16	
2	21	39	29	28	10	15	11	18	4	28	1	27	2	39	32	39	34	12	44	
4	23	5	5	26	24	34	45	36	18	6	3	30	18	33	44	47	12	44	12	
23	3	30	9	42	11	50	31	18	41	9	5	15	45	24	38	47	7	34	44	
42	10	16	42	24	7	22	2	41	50	29	13	3	16	31	9	1	20	38	30	
10	50	1	1	19	35	41	34	2	32	28	31	2	29	29	32	35	31	21	45	
50	36	32	28	16	21	14	33	18	26	50	20	45	33	25	19	19	23	2	42	
49	50	35	14	33	2	33	39	25	45	38	23	44	40	32	44	19	27	21	6	
28	18	3	2	22	36	6	42	28	43	35	9	3	38	39	29	43	46	36	3	
43	26	2	21	50	32	38	13	14	33	43	2	20	44	41	7	47	12	14	46	
18	10	23	5	42	50	14	41	14	3	8	31	38	37	37	33	14	10	49	19	
50	23	22	45	18	28	40	17	14	18	11	50	6	49	16	28	19	13	27	47	
On machine	9
8	44	37	4	24	33	42	23	45	31	13	20	15	20	44	18	3	24	2	32	
24	19	35	46	25	39	34	11	15	46	16	19	12	30	47	31	48	18	37	16	
37	29	44	47	44	44	48	3	24	10	46	43	31	28	40	20	13	27	42	6	
39	43	22	5	35	27	23	6	14	23	28	45	22	21	34	35	23	45	28	6	
21	24	12	8	32	2	24	41	16	16	34	5	13	8	19	6	8	29	26	29	
28	38	42	8	31	32	16	33	32	16	24	5	25	8	17	22	34	38	38	21	
37	16	12	22	8	5	38	12	39	29	9	2	15	41	41	4	15	32	33	29	
18	39	34	25	7	8	18	50	5	24	31	33	45	11	24	4	7	24	19	12	
48	50	19	40	47	3	28	46	41	15	28	32	22	40	8	50	38	3	32	26	
23	12	31	15	23	34	26	21	21	39	29	42	24	2	33	20	24	41	26	1	
42	23	16	37	13	30	29	45	43	16	48	8	48	17	1	13	49	39	49	34	
2	39	25	31	25	5	47	19	6	16	50	23	27	26	46	21	45	43	27	30	
44	33	41	14	41	30	38	9	30	43	16	50	9	29	1	44	36	30	18	50	
21	29	42	24	7	22	46	20	21	42	11	35	39	22	45	11	42	48	13	48	
33	10	16	28	38	12	20	30	5	29	9	28	23	30	47	27	6	39	17	6	
11	20	44	10	29	47	15	4	42	50	40	31	3	30	3	6	15	16	5	24	
29	34	43	24	39	8	2	35	9	7	19	19	6	46	35	47	40	45	38	48	
37	42	35	42	40	8	22	6	49	45	41	27	19	13	22	48	29	35	26	25	
21	34	21	8	26	22	45	42	50	22	23	34	27	6	41	36	19	4	34	4	
27	21	25	25	34	26	25	11	21	14	28	42	3	21	45	27	22	50	44	22	
On machine	10
6	19	27	40	38	5	24	10	44	26	36	39	5	36	39	14	27	14	45	37	
35	39	25	3	16	21	21	22	30	3	29	45	41	38	14	35	46	25	38	3	
18	11	5	43	37	35	50	30	1	31	5	9	21	45	22	27	19	43	6	17	
44	47	19	20	2	49	28	11	30	5	38	4	21	23	45	40	16	9	1	15	
3	26	9	15	20	9	39	22	46	16	4	46	2	10	18	1	35	50	13	48	
3	41	19	33	23	43	41	19	28	33	18	6	4	39	29	17	25	30	6	29	
29	13	50	14	13	40	5	33	29	2	22	49	10	27	31	33	44	38	4	3	
40	14	5	28	40	20	13	29	34	40	19	23	42	30	43	40	39	15	45	15	
38	23	9	26	47	50	5	50	47	49	48	30	10	27	7	49	16	18	22	42	
6	13	6	8	4	12	15	8	24	11	32	26	39	25	35	32	12	14	6	37	
47	6	13	6	12	32	20	19	39	39	30	19	3	43	10	14	29	21	32	31	
47	15	5	14	35	28	5	15	36	17	26	26	20	15	11	36	10	4	33	44	
12	32	41	50	28	18	40	18	47	41	9	48	20	8	43	9	5	25	8	40	
2	42	35	23	4	45	1	15	34	22	11	33	19	38	17	5	16	4	8	16	
5	18	6	48	1	45	17	37	47	28	21	19	9	8	9	46	35	42	47	18	
29	49	20	33	22	11	33	14	18	35	36	14	39	5	41	27	47	7	47	5	
1	5	10	36	10	43	46	8	13	38	38	20	9	21	50	22	16	47	20	37	
9	32	35	31	14	15	39	11	23	27	3	10	6	33	38	1	31	8	1	2	
29	33	29	37	33	45	25	1	45	13	50	40	10	3	39	34	20	13	9	42	
1	34	29	16	48	14	7	25	31	35	23	19	46	7	7	24	20	39	31	21	
On machine	11
20	38	16	40	32	45	6	2	25	50	49	39	12	44	9	24	38	24	45	39	
16	30	25	15	29	28	42	39	17	29	19	33	14	2	20	32	17	13	16	10	
49	5	6	21	19	24	2	43	50	6	8	36	2	1	22	43	3	16	12	47	
8	47	24	7	47	19	27	44	41	33	18	2	48	16	6	24	16	45	44	48	
22	5	19	50	12	24	7	2	6	14	5	18	35	15	47	39	32	39	17	44	
5	50	31	7	34	12	1	24	37	33	27	4	36	12	28	28	2	22	27	23	
22	34	33	11	47	1	22	28	46	7	2	1	45	49	1	6	2	6	7	31	
50	30	16	10	31	34	14	27	41	16	38	12	32	4	16	12	44	42	38	13	
24	32	29	49	17	47	29	20	4	20	25	19	39	8	1	35	41	3	11	8	
49	5	29	20	7	39	29	41	3	15	32	46	21	47	5	9	40	21	19	9	
14	42	15	9	39	17	37	24	1	11	9	41	32	32	1	15	34	49	30	45	
1	8	7	38	45	43	20	12	45	49	28	40	37	34	21	39	16	2	39	33	
18	16	34	18	25	30	21	9	42	33	35	9	17	21	16	49	37	26	23	29	
17	44	28	47	47	38	12	13	9	11	27	19	49	2	29	24	1	46	13	21	
8	13	36	38	42	6	33	44	38	25	47	11	9	25	3	19	18	36	38	19	
23	25	8	14	25	37	10	30	3	18	7	40	37	2	10	27	47	19	9	32	
42	35	42	36	29	30	26	20	23	46	10	49	16	45	17	7	23	25	32	25	
2	22	17	34	11	38	6	35	50	30	5	38	31	33	47	6	50	50	41	22	
11	10	37	30	39	24	5	18	18	3	4	25	28	19	41	32	37	20	7	22	
3	15	38	3	20	26	34	12	35	25	45	10	49	19	3	29	31	30	22	43	
On machine	12
20	49	6	6	14	11	35	31	34	26	25	44	38	12	7	49	19	42	23	34	
45	16	28	48	37	17	26	31	42	45	22	5	9	1	17	15	39	47	18	21	
49	7	40	43	47	16	5	33	25	29	33	35	16	37	22	46	38	20	14	47	
22	33	38	22	14	20	18	26	3	28	49	39	24	41	46	18	30	12	21	50	
18	18	44	44	37	20	1	6	23	3	9	41	9	19	33	35	27	35	3	40	
45	15	40	24	8	14	8	44	12	37	22	28	40	8	21	27	6	47	29	41	
43	32	15	13	35	44	7	45	2	18	31	21	34	1	32	32	16	38	36	48	
37	23	5	36	4	2	26	13	12	44	44	4	34	13	16	18	45	5	8	34	
47	37	27	13	23	42	28	47	28	46	9	27	31	40	30	38	3	48	24	21	
10	17	41	4	17	50	21	12	41	32	42	18	36	43	7	39	47	47	30	8	
41	25	9	3	12	23	36	44	7	41	7	37	2	28	33	40	21	21	23	3	
13	6	19	44	27	49	11	11	14	50	22	32	29	25	11	44	6	20	17	32	
47	16	50	33	45	18	1	37	18	35	14	4	6	14	11	34	21	29	43	39	
42	15	48	30	38	46	19	40	8	42	12	46	44	34	17	16	11	22	7	18	
36	28	22	19	15	14	16	24	6	28	2	13	43	27	38	1	50	48	5	3	
27	14	14	42	16	28	5	16	11	35	18	40	19	11	35	6	2	32	10	20	
38	47	3	41	6	10	2	23	7	46	9	2	35	42	24	19	29	17	34	13	
43	21	25	45	45	3	48	23	28	14	8	27	49	18	7	14	25	49	6	50	
45	26	14	8	40	6	23	5	8	32	23	15	45	31	47	29	28	2	13	32	
47	30	43	46	50	35	28	1	11	31	20	24	33	35	6	12	8	23	27	32	
On machine	13
1	5	27	18	8	14	32	27	20	43	49	5	1	49	3	40	22	8	26	50	
28	15	37	38	24	10	13	13	3	10	41	10	19	50	24	46	32	16	27	26	
37	43	42	38	47	8	42	11	26	16	28	38	24	20	45	22	13	25	29	48	
30	2	33	38	30	7	12	13	18	23	47	13	31	5	20	6	36	16	25	6	
19	45	23	31	27	26	35	37	17	11	14	45	32	13	9	38	17	23	40	42	
17	17	22	8	42	28	40	31	17	15	33	33	25	29	14	9	31	14	6	8	
31	10	46	23	15	24	28	39	35	41	43	12	34	50	30	8	45	32	49	24	
30	39	14	46	32	43	40	12	6	12	5	44	28	8	10	4	39	23	50	16	
41	41	42	42	4	30	15	14	41	23	7	4	17	19	34	3	39	43	10	1	
50	8	10	8	38	10	18	13	42	28	34	16	37	4	32	49	32	38	15	16	
19	3	11	10	46	37	22	26	48	24	6	48	50	44	29	37	4	27	34	21	
10	1	36	3	33	7	3	1	13	18	2	35	20	50	2	8	42	10	40	34	
1	46	49	10	35	28	1	34	50	15	41	32	30	4	10	10	21	45	42	35	
2	13	19	50	24	23	28	1	18	45	49	15	12	22	11	21	11	34	30	7	
28	13	48	50	20	38	7	8	23	19	8	6	30	15	11	42	40	38	18	4	
30	21	13	30	49	6	48	43	28	22	42	40	5	47	17	16	21	27	31	19	
8	50	24	19	45	39	12	30	5	11	39	27	34	20	5	16	16	31	16	9	
17	10	3	36	44	35	41	33	42	7	27	45	19	22	45	20	6	17	38	45	
14	34	11	48	49	24	7	29	24	22	37	27	15	24	41	31	16	15	20	6	
6	12	13	13	37	17	26	31	7	36	33	8	41	42	9	47	5	28	38	16	
On machine	14
32	28	1	6	29	32	4	23	9	45	21	6	19	25	41	39	33	19	40	19	
40	32	46	7	33	31	43	3	5	7	9	19	40	26	26	32	11	50	30	44	
3	6	49	32	32	22	27	45	50	45	1	9	14	11	17	2	17	22	32	5	
32	8	39	1	47	29	5	43	27	3	46	28	45	26	11	40	42	5	43	41	
14	42	33	32	3	12	44	13	20	47	33	20	32	25	37	36	35	13	24	3	
4	30	23	8	33	1	28	24	40	8	11	34	13	26	30	33	38	9	13	2	
16	2	39	50	22	35	14	16	42	19	27	46	41	26	36	36	45	26	4	2	
14	9	15	41	11	3	20	7	39	12	8	1	1	48	27	38	10	32	48	26	
23	24	45	28	26	28	38	20	26	15	48	45	9	50	17	13	34	23	6	24	
29	8	29	6	34	36	28	20	9	34	17	45	32	14	28	7	2	37	22	19	
37	1	32	42	38	34	25	17	50	45	3	30	41	44	30	44	20	45	14	29	
22	8	2	41	23	20	42	36	36	4	23	27	11	6	15	20	12	50	31	10	
45	37	16	36	43	35	36	41	12	13	47	10	19	15	22	24	17	30	46	19	
14	3	33	38	46	32	31	17	16	11	18	41	3	9	4	12	5	36	35	33	
49	28	38	27	40	16	2	8	1	47	48	15	10	44	11	30	16	6	43	44	
19	6	34	38	12	12	16	18	1	26	11	14	22	36	1	19	20	37	23	7	
33	43	37	13	34	26	33	37	43	11	34	48	6	35	37	45	20	4	46	2	
22	18	4	25	12	23	33	5	42	36	4	36	31	21	44	6	28	47	3	14	
16	42	27	24	3	8	42	33	1	13	46	44	27	28	11	7	36	12	43	49	
13	15	18	19	12	35	43	5	25	10	26	14	34	14	2	34	2	34	26	3	
On machine	15
6	38	12	13	7	49	34	22	15	39	24	39	49	22	13	49	22	36	9	36	
47	8	3	7	26	5	10	38	44	44	3	17	17	37	31	36	24	27	13	44	
6	12	42	38	11	36	40	27	2	12	33	24	8	10	43	48	16	16	25	21	
40	3	45	26	32	39	20	31	17	25	31	38	17	31	2	42	17	50	20	4	
18	17	29	39	35	47	21	30	35	20	43	18	49	16	36	26	2	13	35	9	
32	23	5	40	4	38	40	18	4	24	39	2	7	49	16	40	26	11	23	2	
7	27	50	47	21	33	27	46	2	1	38	46	45	17	40	30	33	24	45	2	
48	34	9	36	5	43	20	23	42	25	28	12	37	2	4	35	19	44	45	28	
27	50	13	8	17	19	48	33	10	30	41	50	42	2	38	40	41	21	29	26	
16	44	22	5	50	2	29	36	13	47	26	21	7	19	37	33	23	36	45	11	
24	21	38	11	7	44	48	10	38	23	31	33	46	43	18	17	5	21	38	18	
22	45	49	37	37	33	32	15	36	2	18	17	13	15	22	42	34	48	45	44	
16	21	37	17	4	9	35	28	2	49	14	36	28	23	47	39	4	48	17	19	
7	35	24	21	25	6	36	37	46	18	19	36	7	38	29	28	40	48	6	2	
16	9	29	5	45	19	25	22	34	20	5	20	40	19	38	16	32	8	15	28	
28	23	17	32	24	10	4	25	8	5	39	18	12	33	45	33	17	32	17	40	
29	22	49	20	7	49	42	12	13	41	30	29	20	27	18	49	11	24	2	28	
19	3	26	27	28	8	4	29	16	47	4	34	7	46	39	24	3	35	19	24	
3	3	11	16	27	24	30	31	43	3	49	14	7	25	39	14	5	41	15	27	
9	25	30	36	31	49	30	42	41	45	49	17	20	29	14	46	8	25	19	38	
On machine	16
38	42	21	17	30	3	13	43	12	12	2	30	33	20	45	35	22	6	18	48	
38	9	25	4	38	2	10	6	37	7	22	23	31	48	13	27	8	41	3	36	
12	35	10	13	14	28	17	27	29	12	18	34	9	37	30	5	45	6	31	12	
15	26	39	32	8	10	4	31	50	35	39	24	39	9	19	23	29	25	17	36	
25	12	25	23	45	39	8	34	19	43	2	45	3	18	6	13	35	20	28	18	
34	42	3	27	27	39	16	45	32	34	44	6	50	17	22	45	36	6	48	31	
21	17	42	17	2	9	46	25	30	32	49	27	37	42	28	32	42	18	26	10	
24	22	5	47	10	38	1	46	50	46	45	10	5	10	16	25	16	46	15	28	
35	29	13	23	32	41	11	5	29	36	10	10	11	19	49	50	15	34	12	41	
9	14	1	17	31	1	31	45	1	46	3	8	37	36	13	42	26	14	46	6	
5	2	6	43	5	7	49	5	33	13	3	8	16	8	26	42	31	24	20	13	
6	11	10	44	49	37	30	34	20	20	14	36	43	16	19	26	34	13	24	36	
1	32	6	42	2	18	28	30	7	29	10	45	10	25	37	11	8	41	33	49	
27	44	15	3	27	35	17	24	35	2	44	12	47	39	7	29	45	22	24	49	
19	49	12	14	4	31	20	36	21	19	8	36	39	40	2	21	32	21	4	26	
25	19	43	11	19	44	30	24	37	46	1	25	12	46	49	39	48	43	3	22	
23	32	44	3	35	50	7	7	26	20	36	30	38	17	32	30	9	34	8	30	
38	5	43	18	6	31	12	15	1	4	2	39	15	21	48	43	4	7	40	50	
4	34	3	50	25	13	32	29	13	8	39	1	37	23	10	38	6	36	1	41	
46	7	22	19	14	21	2	3	34	6	48	9	32	38	31	21	15	29	1	28	
On machine	17
46	32	18	3	39	41	30	10	46	24	50	6	7	39	15	20	44	24	7	2	
25	36	46	41	14	30	45	28	15	17	45	3	8	2	20	47	21	34	37	46	
12	29	44	27	47	2	18	46	10	32	1	44	50	12	36	34	36	21	2	18	
8	2	13	50	49	1	34	24	13	44	37	17	19	3	10	8	23	2	46	37	
30	25	5	24	2	36	18	42	12	20	21	41	34	43	35	38	5	35	32	46	
7	21	39	11	24	47	23	18	39	9	46	47	21	49	26	42	1	39	14	50	
7	4	48	27	4	9	8	45	16	19	3	30	10	10	9	49	37	30	6	14	
16	48	19	4	27	46	23	21	25	34	3	34	11	21	13	15	31	15	20	28	
25	45	9	13	29	34	37	42	42	50	8	42	24	41	34	31	42	5	49	21	
15	17	12	6	38	35	48	49	26	47	17	12	4	35	30	48	45	28	21	17	
39	12	21	3	31	47	12	9	9	27	1	48	33	26	8	21	3	26	20	10	
47	13	43	36	43	24	13	7	41	20	35	30	15	2	46	29	49	25	49	40	
8	25	1	45	39	36	6	17	8	24	12	25	23	3	20	13	41	12	22	45	
15	22	15	40	43	33	1	27	21	33	24	40	33	43	35	12	20	38	21	26	
35	33	9	2	3	26	4	30	17	7	43	17	44	44	1	20	16	42	8	43	
7	41	33	12	31	7	7	24	27	37	25	8	13	15	22	47	16	5	8	25	
36	12	27	15	16	23	39	43	31	39	4	30	15	10	36	11	6	18	5	10	
32	46	30	26	50	23	12	42	46	21	1	21	20	39	47	33	21	22	20	35	
44	2	35	50	36	43	26	28	22	42	29	34	24	42	39	45	28	19	44	18	
39	32	3	26	20	26	41	46	14	31	39	41	42	15	2	41	22	8	3	42	
On machine	18
46	3	14	49	32	38	35	9	28	19	11	12	26	50	6	2	37	48	10	48	
25	20	1	44	14	12	14	18	1	27	2	42	31	1	33	49	18	39	12	25	
24	21	43	10	31	24	4	46	20	2	24	17	30	14	5	41	14	11	34	33	
15	48	7	28	10	26	48	32	19	43	47	44	16	43	43	1	17	36	21	29	
18	2	34	4	19	17	8	36	41	49	47	33	17	18	11	17	6	10	32	21	
26	42	22	14	30	35	13	30	49	6	32	10	16	33	49	38	27	38	7	28	
11	22	23	40	48	10	17	50	1	13	15	20	38	16	2	35	31	47	30	9	
34	13	42	36	37	18	5	6	1	28	17	18	39	34	19	43	16	32	21	1	
26	39	28	30	42	5	42	3	39	19	36	7	47	33	27	16	38	37	22	34	
2	29	35	31	31	28	36	38	35	33	20	45	13	29	42	50	47	43	26	50	
37	24	36	11	22	27	10	5	42	28	25	18	47	32	11	9	2	48	38	22	
4	41	11	46	5	28	15	12	34	38	33	50	42	39	4	36	18	17	15	11	
3	40	46	38	48	45	2	35	22	13	37	28	16	3	15	46	6	25	30	43	
47	12	20	45	18	5	21	34	4	12	14	4	14	30	21	6	30	34	10	3	
1	11	5	4	14	36	18	42	11	44	9	44	47	34	26	9	18	29	41	3	
11	44	19	15	25	48	27	32	42	29	8	31	44	7	16	44	7	28	48	32	
4	15	35	50	40	46	1	41	21	32	4	7	3	37	10	50	32	34	46	12	
30	29	39	28	29	1	13	45	38	28	46	30	43	18	41	23	10	19	19	34	
16	6	38	32	45	9	19	33	17	32	5	26	16	32	34	33	14	43	42	10	
39	1	16	50	38	16	19	17	48	50	11	49	22	50	19	5	32	30	46	24	
On machine	19
42	16	22	9	46	33	16	30	38	20	47	5	50	31	7	18	40	22	47	29	
39	9	47	28	1	25	40	16	15	4	32	23	44	35	32	33	22	42	17	37	
40	17	48	1	2	14	29	18	45	27	29	29	49	12	36	23	27	39	42	35	
16	38	34	37	40	39	48	44	47	34	4	25	41	39	45	14	10	8	49	16	
33	44	30	36	9	39	16	13	18	4	2	37	21	18	48	1	12	27	31	46	
36	23	15	6	1	16	45	3	10	33	6	39	21	2	31	16	30	31	41	7	
49	30	32	24	10	36	8	15	37	48	36	40	37	27	47	10	43	12	4	46	
25	22	3	42	34	25	15	32	33	36	29	30	48	41	32	21	18	14	13	28	
41	14	28	1	15	15	13	44	25	44	11	39	24	15	33	32	19	28	40	15	
44	25	49	2	46	28	20	13	28	8	8	39	1	38	35	35	31	16	23	26	
15	13	12	12	46	25	43	24	42	20	1	8	19	16	30	37	20	21	35	47	
21	6	20	18	43	5	17	45	46	24	2	6	15	29	44	29	39	16	8	49	
13	29	25	48	45	15	19	21	6	25	20	43	30	47	24	4	37	21	22	25	
10	49	31	10	5	20	29	11	9	42	44	34	15	8	4	39	6	15	16	33	
18	38	43	4	11	35	9	4	50	12	42	18	37	13	18	37	23	4	40	41	
46	3	46	3	27	27	34	10	25	41	23	24	25	22	43	13	18	22	36	40	
41	40	13	22	44	22	14	32	2	27	12	9	5	15	5	24	34	9	8	30	
44	31	11	4	8	33	9	29	25	48	41	46	49	19	14	9	46	17	8	45	
47	10	25	22	2	48	2	21	17	34	23	31	19	32	33	20	18	37	3	32	
21	34	3	45	11	44	49	13	28	17	24	25	42	7	47	30	23	4	30	30	
On machine	20
18	34	41	22	37	40	40	9	14	5	3	42	50	24	27	23	3	43	32	18	
8	8	48	1	36	37	7	33	16	35	25	42	6	39	36	5	14	38	37	6	
6	8	33	25	15	21	35	47	1	31	43	30	25	42	50	34	50	38	35	22	
23	9	25	35	12	16	1	44	22	9	43	2	37	9	15	33	39	1	29	20	
30	20	49	1	6	15	43	3	32	11	42	40	2	48	42	40	9	5	15	34	
3	49	45	13	35	48	26	11	10	8	20	45	41	35	11	14	46	14	3	42	
37	29	50	1	17	24	22	44	31	49	31	1	2	49	2	48	18	18	37	41	
33	42	8	34	46	33	35	2	33	50	18	22	35	10	35	8	16	12	23	3	
11	45	11	41	35	13	20	5	32	12	25	28	48	24	24	9	27	28	12	28	
33	49	40	19	11	11	29	50	15	21	2	16	25	7	4	44	45	41	17	27	
43	11	41	50	14	8	50	24	20	50	30	37	47	26	41	18	21	29	47	7	
25	33	21	23	28	1	4	26	31	41	32	49	22	6	8	34	10	34	46	46	
38	25	11	6	32	14	28	11	7	35	1	34	10	23	10	50	44	44	1	40	
14	6	25	12	26	39	32	24	7	21	32	6	28	7	16	32	5	46	17	18	
17	48	20	45	20	14	46	29	41	45	29	6	3	43	26	7	38	42	17	14	
6	44	22	8	30	45	32	46	10	16	9	31	32	13	15	27	18	49	9	5	
48	48	41	18	21	49	7	41	47	17	14	47	46	27	49	1	31	13	49	23	
23	32	35	4	24	7	37	25	47	50	42	36	35	42	22	42	45	17	22	28	
32	47	46	5	47	5	15	6	42	19	1	17	23	5	41	22	5	3	16	29	
49	13	25	18	4	27	23	4	48	50	21	22	5	31	34	10	38	45	3	11	
Reldue
-1	529	-1	-1
-1	1407	-1	-1
-1	1404	-1	-1
-1	1321	-1	-1
-1	586	-1	-1
-1	522	-1	-1
-1	789	-1	-1
-1	736	-1	-1
-1	764	-1	-1
-1	705	-1	-1
-1	1103	-1	-1
-1	529	-1	-1
-1	825	-1	-1
-1	1412	-1	-1
-1	702	-1	-1
-1	923	-1	-1
-1	922	-1	-1
-1	1320	-1	-1
-1	749	-1	-1
-1	1381	-1	-1
