Families	20
Machines	50
MaxSetupTime	100

Number of Jobs in each Family
2	3	9	1	2	6	5	6	7	1	8	9	1	3	2	1	8	6	8	4	

Jobs in each Family
0	1	
2	3	4	
5	6	7	8	9	10	11	12	13	
14	
15	16	
17	18	19	20	21	22	
23	24	25	26	27	
28	29	30	31	32	33	
34	35	36	37	38	39	40	
41	
42	43	44	45	46	47	48	49	
50	51	52	53	54	55	56	57	58	
59	
60	61	62	
63	64	
65	
66	67	68	69	70	71	72	73	
74	75	76	77	78	79	
80	81	82	83	84	85	86	87	
88	89	90	91	

Total number of jobs
92

Processing times of jobs
4	10	8	7	8	3	5	6	6	5	4	8	2	2	6	1	10	4	7	8	5	7	7	5	8	1	8	3	4	4	10	5	3	7	3	6	1	3	3	3	6	6	9	4	3	10	5	3	1	9	
4	6	2	9	3	6	5	5	1	8	10	8	4	4	10	8	3	10	6	2	6	6	3	1	10	4	6	1	1	10	9	6	7	7	10	3	7	5	5	10	3	4	3	9	6	5	8	1	3	4	
1	1	9	10	3	3	7	6	4	6	4	6	10	5	2	2	5	6	6	6	7	9	9	7	5	2	2	4	7	2	4	9	7	10	7	10	2	6	1	3	1	1	4	9	7	4	1	1	1	1	
8	3	8	3	6	5	8	10	4	9	4	5	3	1	3	2	3	1	6	8	1	8	2	7	1	5	8	4	8	3	4	3	3	9	1	2	5	3	3	10	3	4	7	9	10	2	6	9	10	9	
10	5	4	2	2	5	7	2	5	9	7	4	2	3	1	7	3	10	9	7	1	6	3	8	5	9	10	6	8	5	2	6	3	9	4	7	2	9	5	4	7	7	3	6	5	5	5	4	7	5	
2	1	10	5	1	8	9	5	4	4	1	1	8	9	1	3	1	4	6	10	2	5	3	9	2	7	6	4	8	5	1	6	9	10	3	7	7	3	4	3	5	3	10	6	7	2	3	5	3	8	
8	9	5	6	10	5	7	3	1	1	10	9	7	6	6	5	4	6	7	5	10	8	9	5	1	6	7	9	5	4	10	1	2	5	9	8	5	8	3	8	4	7	3	1	8	3	2	5	8	2	
8	8	1	8	10	1	2	2	9	2	3	6	8	8	10	3	2	8	6	4	2	5	5	7	10	3	5	4	3	5	4	4	2	6	5	10	8	10	1	4	9	4	10	9	9	2	2	4	7	7	
1	1	6	9	5	8	9	4	9	4	2	7	2	5	10	4	4	10	2	3	5	1	9	8	7	10	2	2	3	3	8	8	5	4	9	2	2	9	1	4	7	2	3	6	9	10	7	7	9	8	
8	5	4	3	10	7	2	5	2	5	2	7	3	4	7	4	9	9	3	4	5	6	6	4	7	3	8	5	6	8	3	9	10	8	10	3	6	2	5	4	1	9	10	5	1	4	9	10	9	3	
8	5	3	7	1	1	4	7	8	9	4	5	9	10	8	3	1	9	3	10	7	7	4	3	9	5	9	5	2	2	10	8	5	8	10	5	2	2	6	4	5	7	4	3	3	4	6	3	1	6	
10	7	9	2	3	4	9	3	1	10	6	2	8	2	2	8	5	2	5	2	1	3	2	9	2	9	4	6	5	8	10	3	2	7	4	7	9	2	3	10	2	3	10	4	10	9	6	4	9	8	
7	6	9	9	7	10	3	1	7	7	2	2	5	7	9	1	2	10	3	10	5	9	10	10	6	2	2	3	7	1	9	10	8	8	3	8	1	9	2	6	7	3	3	5	10	9	6	2	8	9	
3	2	2	4	8	9	8	1	8	2	1	3	1	7	5	2	9	6	8	3	3	3	6	9	3	8	4	9	5	2	7	4	8	8	3	4	5	9	10	2	7	6	9	8	3	6	2	5	5	6	
1	10	2	9	4	4	8	5	2	2	10	3	8	1	7	4	5	7	5	2	6	5	10	7	6	2	2	7	10	5	4	6	3	2	9	10	7	3	7	10	7	8	10	10	1	10	2	1	3	8	
5	2	2	10	8	1	2	8	1	2	10	2	1	2	4	7	7	4	4	7	10	3	6	8	9	4	5	8	1	4	2	2	7	6	9	7	3	7	9	7	9	7	2	1	5	8	9	10	8	10	
5	9	1	1	6	10	7	9	8	2	1	5	7	9	7	8	1	2	6	5	10	3	4	8	1	7	6	3	1	9	5	7	6	3	4	5	7	5	8	4	2	5	8	5	2	5	9	10	5	1	
8	3	6	5	10	3	3	2	3	6	5	6	3	6	5	8	10	4	3	6	4	9	7	1	8	4	8	9	5	4	7	8	6	2	7	8	4	9	7	10	1	10	2	3	8	1	8	8	7	8	
6	3	9	1	10	4	7	10	2	5	2	2	2	3	5	6	7	5	1	9	6	1	7	7	10	1	6	4	4	4	2	9	9	3	3	7	3	8	8	3	3	9	5	3	1	4	7	1	2	9	
3	3	6	8	9	4	5	10	9	6	9	7	7	8	5	1	8	8	5	7	8	5	1	5	6	2	6	5	3	3	4	2	6	2	6	6	5	8	3	9	3	5	6	8	9	2	2	10	10	10	
1	7	6	4	2	5	1	5	5	2	7	5	1	4	2	9	4	7	10	8	6	9	3	3	9	6	7	4	2	7	8	8	5	8	7	6	3	2	9	1	8	2	8	6	7	7	9	4	7	9	
5	1	5	10	1	3	2	3	5	10	8	9	2	8	6	2	1	2	8	5	6	8	1	5	6	3	4	3	4	9	1	3	1	6	3	7	9	2	3	10	9	2	7	7	9	10	2	9	4	10	
6	9	8	10	9	2	5	9	9	7	3	8	6	9	6	9	1	3	5	5	5	3	1	7	5	7	2	2	2	7	4	4	3	1	4	5	8	8	3	9	5	1	6	5	1	5	8	8	3	7	
1	8	3	1	6	1	3	6	4	9	9	9	8	2	6	3	7	1	6	9	9	1	4	1	9	9	2	7	3	8	9	3	2	8	9	6	7	7	10	10	5	2	2	4	4	3	2	5	1	1	
9	10	3	4	2	7	4	3	2	5	10	10	5	10	5	8	8	2	10	1	10	3	2	9	4	3	3	4	7	7	9	8	5	7	5	10	10	2	2	2	2	10	6	8	9	10	5	3	7	6	
8	3	6	5	2	6	5	9	1	2	5	2	4	6	1	4	2	3	4	9	8	5	9	10	1	4	5	3	8	1	4	9	4	7	10	4	4	8	1	9	1	8	9	4	6	4	8	3	4	1	
4	7	6	3	7	10	2	8	9	1	4	4	7	4	6	6	8	9	2	10	8	3	8	1	3	1	7	6	5	5	9	3	10	10	2	1	5	9	3	5	2	4	2	1	3	1	2	10	1	4	
3	1	8	5	6	1	4	2	1	7	9	5	4	9	9	7	5	3	4	1	10	10	7	10	7	2	3	5	7	8	2	2	4	7	7	1	1	4	2	2	4	1	6	3	8	10	1	10	10	6	
8	6	8	3	4	8	3	3	8	4	10	9	5	2	4	1	3	7	2	3	7	7	7	1	1	10	5	8	5	7	4	3	3	2	5	5	9	2	6	6	4	8	9	1	7	10	8	9	10	5	
7	3	6	9	10	4	7	6	7	4	5	7	8	6	9	8	7	7	1	2	4	2	3	3	3	5	3	2	7	7	2	2	2	7	2	3	4	4	10	9	4	6	9	8	10	5	5	3	3	9	
2	1	1	7	9	9	3	4	2	2	1	4	6	2	5	1	1	10	1	6	1	10	5	5	7	6	6	3	1	6	3	4	7	3	5	3	9	8	10	8	10	8	1	5	5	6	6	2	1	8	
6	4	7	5	9	6	7	6	4	4	5	1	7	8	6	3	10	8	6	2	8	7	4	3	3	3	6	1	5	3	8	8	8	7	9	5	3	6	6	9	8	10	3	1	2	2	9	2	9	4	
2	3	3	6	5	5	4	5	3	9	4	8	9	2	8	5	8	10	6	4	4	9	10	6	10	4	5	3	3	1	2	8	4	8	3	8	2	9	1	3	8	4	10	4	2	9	1	8	1	6	
2	4	5	8	7	2	5	6	9	6	1	3	2	2	9	1	7	8	10	10	8	2	10	9	10	5	5	1	8	4	2	10	5	8	4	4	4	6	6	6	7	7	5	6	2	6	3	1	6	4	
7	7	1	8	9	6	5	6	5	4	3	9	4	1	3	10	10	1	5	1	5	7	6	9	6	10	1	10	3	9	5	4	4	9	1	5	10	4	9	7	9	1	2	1	9	9	9	3	3	9	
2	8	3	2	4	5	2	5	4	4	8	4	4	1	2	7	6	1	2	7	5	3	4	5	1	5	4	6	9	6	5	9	1	5	2	9	1	5	9	3	9	10	1	1	7	2	7	8	3	7	
2	9	3	5	5	5	5	7	5	7	8	8	3	7	6	4	7	5	10	10	8	9	4	3	5	5	8	8	9	2	4	10	8	2	8	8	10	3	3	10	6	6	2	1	8	4	2	4	2	7	
1	5	7	7	4	3	7	2	1	1	6	4	10	4	3	1	8	6	9	10	9	8	1	2	6	5	10	8	1	5	6	10	8	6	3	10	6	10	10	7	4	4	4	7	2	8	4	1	3	2	
4	9	9	8	1	9	7	7	10	3	5	6	2	2	1	10	7	4	8	3	6	8	5	5	7	3	8	6	8	1	2	8	1	3	6	9	1	4	2	5	3	4	3	4	7	4	1	9	7	3	
5	9	2	7	10	9	9	6	6	6	5	10	5	9	9	6	10	2	5	9	8	9	9	1	5	6	10	4	9	9	2	5	9	5	9	1	8	10	8	2	10	4	3	8	2	2	9	3	10	6	
4	7	8	9	9	5	2	10	8	5	4	1	2	9	3	2	2	3	4	10	10	4	9	10	5	7	2	3	2	2	5	3	6	9	8	9	6	10	2	4	5	9	6	6	1	7	3	9	6	9	
6	1	7	6	2	5	10	3	5	10	4	2	6	4	1	2	3	4	7	4	1	4	3	9	2	2	6	6	5	6	6	9	7	7	7	8	5	10	8	8	10	10	9	4	10	6	2	9	9	7	
10	5	9	5	5	7	1	5	3	3	7	7	5	3	4	6	8	8	9	10	4	3	2	9	10	4	8	4	3	4	1	2	9	8	8	3	2	9	6	7	2	2	1	4	10	2	9	8	10	1	
4	1	7	3	2	9	5	3	7	8	3	6	6	5	5	8	1	3	2	7	6	6	2	3	7	5	1	6	10	3	2	8	10	8	8	3	5	8	10	6	2	4	1	9	1	8	6	10	2	4	
6	4	7	9	3	4	4	1	3	5	10	3	4	8	10	5	2	6	10	7	1	6	8	4	10	2	7	7	4	1	5	10	4	5	8	2	1	3	1	10	8	2	7	2	5	4	4	4	7	10	
2	6	4	10	10	1	2	9	6	1	9	8	7	2	9	3	1	5	9	10	7	5	7	6	5	8	8	2	6	1	8	4	1	5	6	2	2	8	1	9	6	5	9	7	6	4	8	2	4	4	
6	8	3	8	7	10	5	10	1	10	3	3	2	8	9	7	3	1	10	7	1	1	2	1	6	9	3	9	8	2	10	2	1	2	1	5	6	7	2	7	10	8	5	10	8	3	6	2	4	7	
5	6	10	2	2	3	7	3	5	9	10	8	10	7	2	6	1	3	10	2	10	5	1	7	5	7	5	9	1	10	10	3	2	5	1	1	10	10	7	2	6	6	8	1	7	5	3	7	9	6	
3	7	5	9	7	7	10	4	8	5	5	8	10	6	5	3	8	9	2	8	7	8	1	4	2	4	2	6	6	9	5	4	7	5	5	10	5	7	2	4	2	9	4	2	1	4	1	8	4	6	
2	3	2	2	4	6	8	5	5	6	5	4	9	7	10	9	5	3	4	2	3	10	5	8	8	3	10	5	1	2	1	4	3	10	8	5	8	1	3	6	9	6	7	8	2	3	10	10	5	7	
1	2	8	5	8	1	9	1	4	1	5	3	3	2	2	1	1	6	10	10	10	4	10	8	2	5	1	5	3	2	5	9	7	1	3	7	2	5	1	4	2	8	7	10	6	9	3	5	10	5	
5	4	3	7	10	8	5	10	7	5	5	8	6	6	6	8	7	8	2	7	2	8	1	5	10	2	3	3	5	4	2	9	7	6	9	6	8	4	9	7	9	7	9	6	8	6	7	2	1	7	
3	7	6	3	8	3	1	3	9	4	6	1	4	3	4	8	7	3	10	3	1	9	9	1	9	5	8	5	2	3	3	7	7	4	9	3	6	4	10	5	3	4	5	7	3	2	1	10	8	4	
3	7	10	8	2	5	3	7	3	9	10	7	1	8	9	9	7	1	10	8	2	2	5	8	4	7	5	4	10	4	1	2	5	6	3	4	5	3	1	5	8	3	1	10	1	3	7	1	1	2	
10	6	9	6	7	1	2	10	4	3	7	4	1	8	8	8	5	4	1	10	9	7	1	9	2	5	5	6	1	3	10	7	4	6	4	6	4	9	6	6	7	10	1	2	8	6	6	10	5	7	
1	1	3	5	10	2	6	4	8	3	4	10	3	8	2	8	1	3	6	10	5	10	9	9	2	9	9	6	8	6	7	10	10	3	1	1	3	3	5	5	7	9	3	7	2	3	2	3	6	1	
8	5	8	1	5	2	6	6	8	5	1	7	5	1	1	4	8	8	2	4	8	1	9	4	3	3	5	9	3	6	1	4	5	3	4	3	3	5	10	2	1	10	5	9	4	2	1	1	6	4	
4	8	2	3	3	2	7	8	3	2	5	3	2	3	3	10	9	9	2	1	4	2	8	3	9	7	10	5	4	4	3	3	9	2	7	10	6	9	5	10	8	8	8	10	2	2	2	3	10	4	
8	2	2	2	4	9	8	3	4	6	5	4	6	2	4	5	10	1	9	10	10	8	3	7	5	10	5	10	2	6	8	9	5	10	2	8	8	3	2	10	5	8	3	2	4	7	2	8	7	10	
3	2	6	10	10	5	3	5	8	10	9	1	9	4	7	3	3	8	8	3	10	9	6	8	7	7	4	3	3	9	4	10	9	3	6	6	4	5	3	1	1	10	3	6	5	10	5	3	10	3	
3	3	5	3	6	6	8	2	10	10	9	2	3	9	1	1	6	1	3	6	2	10	7	4	6	2	10	7	2	5	3	4	8	9	7	7	5	8	3	1	5	9	2	4	10	7	3	1	10	4	
1	9	4	10	3	10	2	1	9	2	1	8	8	9	8	1	9	5	1	10	8	6	9	5	4	6	1	9	2	3	5	9	5	4	8	6	10	4	3	6	4	2	5	6	2	9	9	3	3	3	
3	9	7	4	8	7	1	8	10	4	10	10	1	2	6	5	1	6	7	3	2	2	2	6	5	3	10	8	4	9	10	6	6	6	4	3	3	1	6	7	10	8	1	5	1	7	1	3	5	1	
2	10	3	10	8	8	4	3	10	5	7	4	5	10	8	5	1	3	7	9	8	6	6	5	7	4	4	7	1	10	10	4	7	8	7	8	7	6	9	6	2	10	6	6	1	8	7	4	8	7	
9	2	3	3	4	3	8	6	6	9	9	4	7	8	8	2	6	9	9	7	5	9	6	5	5	9	7	7	8	8	1	6	3	8	8	4	6	10	9	6	4	5	5	8	2	4	6	3	6	6	
7	2	5	1	8	3	1	1	3	5	8	5	3	9	5	7	2	9	4	6	9	4	5	5	10	1	9	8	2	10	8	5	5	10	7	5	8	7	1	1	10	9	6	9	6	5	8	5	8	2	
9	6	6	6	3	10	5	8	6	3	10	10	1	4	4	5	9	4	8	1	1	4	3	3	10	8	6	2	1	4	7	8	4	9	6	2	4	6	7	6	5	7	8	3	1	5	3	8	7	4	
10	8	5	7	2	5	5	5	8	5	2	8	5	7	7	7	7	10	9	10	6	4	6	8	7	3	5	9	3	1	6	2	2	10	10	9	3	4	3	8	2	6	3	7	7	1	2	7	10	8	
10	7	7	10	3	3	4	1	6	8	2	4	1	4	7	1	2	5	10	8	10	6	10	6	10	2	4	10	9	4	6	3	10	6	2	4	8	2	2	4	7	4	8	6	1	7	3	2	5	9	
8	3	2	7	6	8	3	1	8	8	3	7	10	9	9	3	6	1	1	1	2	1	4	5	7	4	9	10	8	5	6	4	8	10	1	9	9	3	10	9	10	6	4	6	1	4	10	7	3	10	
3	4	3	8	2	10	3	1	2	5	9	3	2	4	5	10	2	1	2	2	6	8	5	5	5	5	6	2	2	3	10	4	9	10	8	2	5	3	2	6	9	5	3	1	4	3	10	6	10	9	
2	3	10	1	3	2	8	8	3	7	8	6	10	3	8	8	4	4	6	8	5	7	8	7	7	1	1	5	1	9	3	9	4	7	7	2	8	7	2	5	10	3	3	9	1	2	7	2	7	5	
7	5	10	2	6	7	9	10	8	10	3	4	9	10	7	3	1	4	7	7	4	7	6	6	1	6	10	1	8	2	2	10	6	4	9	8	5	10	6	5	9	8	5	4	1	7	3	7	7	10	
8	2	6	8	7	3	3	10	8	5	9	1	2	6	9	9	5	2	1	6	2	3	1	2	7	7	9	8	1	1	2	8	10	5	8	5	10	1	2	8	2	9	8	1	3	3	6	7	5	3	
10	8	10	7	7	8	1	6	10	2	9	10	6	3	4	6	5	9	9	6	2	2	4	1	5	2	6	1	10	10	1	5	4	2	8	10	3	1	8	7	4	7	4	10	1	5	1	5	4	9	
5	2	5	9	3	7	2	6	8	4	8	2	3	10	2	7	9	2	8	9	8	4	4	5	8	8	4	10	4	8	6	7	4	7	3	2	5	4	9	4	2	6	7	9	10	3	4	2	10	7	
4	9	10	7	9	1	5	8	6	4	4	9	10	8	6	3	6	7	7	8	7	2	5	1	9	6	5	10	10	5	9	4	2	5	6	10	7	2	5	8	10	8	3	10	3	2	4	1	7	1	
1	5	8	2	8	7	10	10	10	6	9	10	10	2	4	3	10	6	4	1	4	5	10	5	9	10	2	7	2	10	2	6	5	7	6	8	5	2	9	10	10	3	1	8	9	3	7	2	6	1	
9	10	9	2	7	8	8	8	7	2	2	10	2	1	5	7	7	7	7	6	4	9	3	7	3	2	2	9	8	2	5	6	3	5	2	4	3	4	2	4	9	1	4	3	9	6	5	7	10	8	
7	8	7	6	7	8	9	4	3	7	4	6	3	7	9	7	2	6	8	3	10	10	3	1	10	6	8	2	2	8	10	7	6	8	4	5	8	9	10	8	6	5	8	6	4	2	10	5	6	9	
10	8	8	10	1	1	4	10	1	10	1	8	6	8	6	6	5	8	6	10	2	6	3	9	6	7	4	5	10	6	9	9	4	5	5	7	3	7	7	4	6	2	5	6	9	8	4	7	6	10	
9	4	10	9	1	4	1	2	9	1	5	1	5	1	1	1	8	10	5	4	8	6	1	10	8	1	7	7	8	3	7	2	7	2	6	10	7	9	3	7	3	4	3	1	3	6	5	9	1	1	
8	6	9	1	2	7	6	3	2	10	9	7	6	7	10	9	3	10	5	2	4	4	4	9	5	4	4	6	7	8	6	1	7	1	9	1	4	8	6	5	8	2	10	7	2	6	10	8	10	10	
8	6	10	1	2	4	10	9	8	2	7	7	2	7	3	4	2	6	2	3	9	10	8	6	2	1	10	1	2	1	8	7	8	4	9	3	2	7	6	7	9	1	1	10	3	5	8	4	1	10	
4	8	9	2	6	8	1	5	10	5	3	9	8	10	3	2	9	5	3	4	10	6	6	4	3	9	4	8	10	2	8	9	3	10	2	9	8	5	5	9	1	4	4	1	4	1	2	10	9	2	
5	3	9	9	3	5	10	5	10	4	10	1	7	6	9	7	8	8	10	4	7	9	3	3	7	8	4	7	9	4	4	3	3	7	9	9	2	8	9	7	8	1	2	10	3	8	10	1	3	8	
4	8	9	4	2	2	3	9	5	1	5	3	9	5	1	10	6	1	8	7	1	3	7	9	5	2	7	2	6	10	6	8	3	3	7	2	7	3	8	2	2	5	5	10	7	9	8	6	8	1	
10	7	5	7	10	5	4	10	3	6	6	6	1	9	3	10	10	10	10	10	8	3	6	9	1	4	5	6	2	1	1	5	6	8	3	2	7	2	10	4	9	8	7	9	7	6	3	7	5	5	
7	4	2	7	1	3	10	2	1	5	7	8	9	10	6	10	1	9	10	1	10	4	8	4	3	4	4	1	2	3	8	9	1	4	1	5	8	3	1	8	10	5	8	2	6	2	6	2	6	8	
9	4	1	6	5	1	4	9	3	3	5	6	7	6	7	3	3	2	6	9	8	1	1	2	9	6	6	6	8	10	4	9	3	9	6	2	5	5	8	8	9	7	2	9	3	8	9	1	8	3	
5	1	8	10	9	4	4	8	5	9	3	1	9	9	7	3	8	8	10	9	9	10	4	5	7	5	10	3	7	2	4	6	9	10	10	7	7	5	2	1	9	9	4	5	4	10	8	3	8	6	
8	6	8	9	1	6	5	4	10	3	3	1	2	8	5	7	7	1	9	2	2	7	7	5	9	10	8	9	6	9	2	3	10	5	5	8	3	6	7	5	3	4	1	4	8	7	3	8	9	5	

Stepup times between family, where [f][f] represents initial setup time
On machine	1
63	83	36	57	91	15	23	13	83	89	37	25	9	78	61	98	27	65	50	20	
60	52	56	60	76	45	84	42	31	62	11	10	19	6	79	50	5	6	58	59	
16	44	33	71	3	61	90	73	32	71	65	59	26	51	79	68	67	20	93	14	
87	19	19	85	76	20	47	1	17	75	70	16	84	98	65	9	19	28	77	24	
5	29	86	29	91	18	82	94	64	67	70	98	35	91	8	88	66	43	53	27	
79	96	7	77	66	76	78	43	58	98	30	14	100	56	93	32	77	60	39	91	
77	73	30	70	43	100	71	68	79	99	23	64	37	36	64	34	1	19	64	62	
86	40	18	71	75	48	19	3	58	6	35	62	40	22	95	44	46	25	33	54	
29	89	66	69	24	13	36	10	68	90	96	91	94	41	8	98	59	77	87	31	
89	58	59	21	41	35	62	22	47	56	39	82	26	98	92	68	67	83	20	97	
13	80	49	27	20	100	86	7	72	18	88	77	64	8	61	56	36	32	48	8	
96	31	61	57	77	29	88	4	97	66	70	44	33	94	34	38	27	10	22	50	
42	92	59	31	78	50	94	46	57	42	95	6	44	73	97	52	77	77	56	62	
43	51	69	30	87	23	11	6	21	29	20	96	71	5	39	92	93	34	62	21	
59	25	39	22	13	11	8	4	97	49	59	16	23	37	46	2	4	52	28	13	
84	36	35	15	76	71	25	73	19	90	12	41	1	69	12	32	43	99	93	20	
13	1	85	1	19	41	5	2	35	69	68	23	69	40	56	47	25	60	76	61	
76	50	38	41	96	16	73	98	73	40	84	62	97	62	44	46	29	78	1	42	
37	50	42	12	74	43	100	61	68	3	30	59	9	16	14	47	21	25	15	69	
84	51	90	35	60	41	88	87	28	65	81	63	55	71	37	18	76	97	11	99	
On machine	2
53	78	3	65	40	5	53	90	94	19	61	23	38	36	60	76	95	58	98	68	
37	76	2	33	84	91	76	50	62	50	37	17	99	70	25	39	3	96	45	90	
77	33	61	83	63	69	72	67	99	7	100	56	48	73	67	76	70	40	50	70	
98	88	54	58	24	35	21	76	4	1	49	86	16	99	34	80	86	7	53	1	
12	43	43	45	62	28	37	76	42	68	41	73	25	17	67	98	84	100	99	18	
86	6	83	60	4	53	2	20	88	26	61	54	54	80	37	52	67	10	40	84	
19	14	63	26	56	29	11	87	86	31	36	26	57	85	65	84	89	64	26	55	
39	40	6	92	2	91	86	69	25	87	15	30	17	45	73	15	31	62	13	83	
72	71	91	58	53	45	7	10	90	15	48	23	49	46	42	61	12	21	61	83	
8	53	46	4	85	94	46	21	35	58	83	12	17	75	92	9	38	12	46	90	
12	74	14	96	72	93	94	11	13	94	25	29	91	58	59	48	88	35	86	44	
55	44	64	30	62	12	9	4	46	75	90	76	12	60	97	59	73	93	16	14	
28	15	96	25	83	23	42	51	49	44	19	56	11	50	22	94	97	99	22	52	
52	60	42	64	27	50	82	75	26	89	61	76	41	55	40	88	1	19	95	13	
36	63	37	15	72	23	74	41	95	71	63	37	21	60	61	95	97	16	59	97	
33	16	50	58	17	99	11	59	61	76	84	62	95	32	83	27	13	85	64	74	
5	31	1	37	19	85	23	10	10	73	66	48	86	4	43	46	9	1	31	31	
3	23	64	43	10	11	74	18	62	68	86	4	29	80	8	95	98	11	55	81	
74	21	2	45	15	14	24	12	76	71	38	41	58	67	81	36	45	6	33	69	
66	90	29	79	3	25	14	85	53	42	28	66	41	45	83	90	61	37	100	71	
On machine	3
3	85	66	44	62	38	10	85	87	94	25	4	94	96	6	19	6	13	97	98	
93	79	40	81	39	77	18	99	69	16	96	62	34	21	54	97	25	90	59	96	
8	96	24	95	12	17	84	41	2	56	65	27	64	2	57	62	68	55	8	48	
23	52	24	64	84	24	51	88	25	82	57	25	24	67	89	82	50	61	74	96	
4	78	67	20	11	22	63	30	9	98	96	42	84	64	38	99	10	84	60	21	
34	57	12	27	66	25	21	99	61	32	9	16	13	89	25	35	13	26	18	71	
3	56	6	12	60	12	38	14	39	83	97	87	52	88	34	62	81	66	78	41	
12	14	89	44	74	73	25	57	15	69	64	24	28	6	95	50	99	1	94	80	
5	55	13	4	100	44	44	96	98	60	65	1	42	53	86	71	97	97	19	51	
93	72	66	73	23	16	3	46	54	56	52	42	76	76	81	44	42	99	83	2	
75	32	22	88	17	47	4	94	88	60	81	33	100	46	70	27	57	72	78	85	
60	26	68	81	5	36	67	39	40	38	16	84	95	2	18	42	41	75	13	31	
27	22	47	86	13	49	11	71	36	43	59	45	22	54	87	6	6	72	42	57	
75	27	32	92	28	55	53	67	100	98	11	80	7	77	81	8	92	67	34	8	
81	54	55	94	80	88	81	33	6	40	86	11	19	74	72	17	77	89	65	10	
87	51	89	84	94	62	6	36	82	74	21	66	85	64	54	86	79	16	58	62	
34	43	61	13	37	51	69	39	92	69	61	89	8	70	20	99	75	26	88	56	
99	60	64	51	53	69	37	71	35	38	3	73	22	78	100	83	43	24	98	14	
77	64	70	20	5	80	77	48	31	31	93	80	57	51	5	31	6	34	78	20	
66	65	24	6	28	57	94	78	16	7	54	34	68	77	10	80	65	13	9	3	
On machine	4
3	100	46	17	25	9	77	84	19	80	70	63	32	25	63	51	49	72	67	51	
46	33	30	87	82	68	37	55	2	24	39	77	30	36	50	69	23	69	82	4	
47	9	47	52	50	18	75	28	1	84	14	2	46	4	2	58	57	11	11	10	
64	35	89	79	75	29	50	86	74	77	11	93	74	4	94	81	41	32	66	94	
97	86	99	5	97	31	29	81	97	55	87	10	61	66	29	94	95	8	28	65	
12	30	91	61	3	24	15	5	43	19	20	35	4	49	67	49	43	58	52	53	
29	81	22	43	32	64	14	53	84	46	52	30	55	97	38	9	56	58	46	67	
53	33	31	18	41	35	97	9	61	12	70	91	74	30	80	14	91	65	41	35	
73	73	2	33	47	76	33	94	98	73	85	52	83	94	41	100	81	96	61	55	
71	89	24	5	99	9	6	91	66	82	97	38	30	48	91	13	37	19	56	45	
9	6	81	10	86	42	81	88	58	59	65	59	99	85	95	26	34	37	44	76	
8	88	11	47	64	19	32	4	23	30	98	59	31	7	62	26	32	1	18	81	
64	97	92	46	90	20	59	41	50	63	16	95	59	46	83	73	79	6	2	47	
100	18	51	74	6	77	28	99	9	68	14	56	60	94	18	5	99	23	91	61	
56	22	53	15	99	96	75	66	100	11	26	55	39	24	52	87	60	26	78	3	
45	79	66	44	64	65	60	52	64	33	92	65	59	51	26	15	21	17	24	12	
72	18	4	90	51	95	56	72	88	17	53	29	74	27	17	23	84	31	52	67	
23	60	24	35	3	66	97	60	91	92	52	71	68	100	62	60	67	4	40	30	
74	88	16	19	10	1	88	78	68	47	64	47	68	56	3	70	14	60	52	89	
94	25	78	6	36	4	76	23	81	43	84	29	55	15	54	15	7	40	54	39	
On machine	5
65	100	2	45	19	73	7	19	45	12	59	94	1	4	83	25	61	73	12	86	
93	92	19	29	83	34	3	44	97	48	34	47	26	79	42	81	76	3	34	14	
93	64	16	26	43	54	62	20	82	39	40	84	11	33	69	97	42	47	24	84	
41	19	89	95	70	68	85	93	71	50	84	58	28	54	19	57	98	68	13	81	
44	58	93	85	42	38	80	26	42	45	35	43	69	92	81	97	38	42	25	14	
49	73	84	56	28	13	87	56	39	55	68	3	26	95	22	95	49	80	65	41	
82	84	5	24	61	31	66	2	83	34	59	10	82	51	17	65	72	93	2	62	
34	21	98	98	5	22	1	84	17	2	50	10	97	45	11	83	5	59	52	55	
74	4	11	44	99	90	8	56	69	11	91	56	80	36	55	61	68	36	92	36	
72	71	66	93	44	11	36	76	29	47	1	82	54	63	68	22	84	27	42	5	
99	14	20	30	81	74	54	37	24	76	66	38	2	47	48	82	13	38	46	2	
53	15	22	100	18	91	66	78	13	93	21	73	70	90	24	14	1	41	60	89	
84	46	44	43	5	51	16	77	29	68	99	5	76	50	99	33	89	79	42	4	
20	43	45	58	1	80	52	96	68	7	68	63	16	59	54	36	29	53	12	43	
40	30	47	64	37	84	10	14	99	62	60	46	21	74	60	27	94	69	36	21	
24	12	42	24	44	25	73	86	44	62	35	10	78	60	43	36	22	40	93	31	
43	65	29	52	88	13	43	88	43	67	50	36	33	62	29	42	42	16	19	51	
46	40	22	12	71	32	1	48	9	36	80	35	29	2	15	58	95	91	10	95	
16	90	58	75	74	50	45	96	7	99	34	79	80	21	10	6	3	56	21	23	
57	63	39	39	96	64	32	70	32	95	55	75	29	84	78	77	47	9	73	47	
On machine	6
20	29	27	26	56	78	55	57	99	29	96	40	67	16	78	85	3	18	4	70	
92	69	92	76	50	49	35	100	64	63	86	99	83	34	44	38	22	92	29	69	
34	16	97	22	60	64	84	83	78	7	73	27	37	10	14	12	62	23	57	10	
98	21	71	90	64	31	3	28	2	36	55	68	61	76	24	37	9	65	9	7	
14	9	19	52	81	79	90	70	51	96	37	29	58	66	6	93	36	55	90	68	
33	88	89	51	8	93	93	36	66	80	30	5	19	88	60	55	13	89	30	57	
4	9	38	11	54	22	96	53	45	74	23	12	40	51	5	87	30	16	14	64	
2	74	89	34	68	39	84	47	43	67	91	47	19	11	35	17	42	67	69	98	
56	63	6	70	30	35	86	12	1	59	42	69	36	98	54	70	65	87	93	55	
72	22	84	63	13	90	45	89	20	5	52	39	18	68	41	84	9	93	79	68	
21	40	13	25	55	45	28	48	50	47	33	1	86	73	23	26	13	90	73	2	
89	72	34	67	64	93	53	93	84	10	71	40	13	44	36	82	12	28	72	21	
1	34	88	6	77	53	5	32	95	79	60	63	78	16	75	68	46	41	72	81	
72	54	80	91	11	77	67	40	15	6	23	17	50	97	18	57	95	8	41	13	
3	39	48	93	4	47	88	53	64	59	80	57	32	64	23	51	29	47	42	49	
3	73	100	35	81	78	71	55	3	61	12	23	64	72	42	3	62	96	55	81	
78	78	51	51	23	53	33	47	72	5	95	90	2	61	45	83	46	11	62	3	
12	100	24	58	92	83	98	64	30	25	56	61	19	63	34	72	30	90	27	63	
42	10	58	39	66	33	57	41	48	76	97	39	54	71	17	24	75	62	41	94	
5	88	91	63	60	77	2	88	100	87	11	95	71	3	1	62	96	79	70	80	
On machine	7
31	53	61	25	63	45	22	98	50	73	64	38	60	74	78	63	72	96	34	87	
63	2	87	19	3	46	55	70	31	63	90	56	38	12	50	19	86	2	17	49	
88	26	76	24	65	43	74	9	86	41	28	20	34	72	10	64	42	11	24	18	
80	100	51	6	50	81	19	71	43	1	96	83	54	42	85	10	96	4	89	34	
90	27	7	3	88	6	14	57	12	96	84	98	79	83	16	26	17	86	67	72	
40	2	88	61	78	48	33	43	79	12	52	11	94	40	4	89	85	40	15	32	
93	63	94	86	63	16	98	94	66	20	68	21	39	55	19	63	21	83	75	94	
63	35	25	38	84	45	72	49	100	72	85	74	82	24	12	91	80	67	41	36	
56	93	55	49	31	79	63	91	26	4	3	59	69	31	64	42	64	34	37	98	
89	4	97	95	41	71	43	26	29	86	82	13	60	82	66	10	94	62	49	3	
36	16	71	82	48	2	80	92	4	22	23	70	94	57	62	96	56	32	5	46	
68	49	1	56	95	19	3	96	25	78	48	41	17	93	42	85	62	22	82	41	
67	41	47	77	66	41	69	24	42	97	53	93	4	29	100	94	98	71	97	80	
59	40	84	86	83	78	75	62	72	58	69	1	54	1	1	21	53	46	43	34	
30	70	38	28	88	64	47	90	78	30	26	29	91	22	96	26	57	65	38	74	
42	47	20	22	14	40	21	49	99	95	76	27	90	48	74	73	99	57	86	7	
39	45	69	75	47	39	64	2	78	19	37	84	50	14	44	95	54	5	50	9	
96	34	75	15	91	77	16	58	92	73	4	10	99	74	37	42	67	9	37	44	
39	98	39	30	16	60	29	51	96	23	12	78	87	85	17	25	8	54	1	18	
22	37	1	11	2	40	68	9	47	91	16	14	34	3	94	8	23	62	64	19	
On machine	8
3	26	15	48	43	79	8	10	35	22	63	49	30	72	16	11	33	76	51	38	
88	32	73	73	30	77	50	6	54	2	89	76	77	55	48	61	77	55	77	38	
66	47	62	38	3	56	89	16	57	41	12	18	72	76	20	80	78	8	26	71	
76	81	9	56	17	65	71	95	43	14	32	32	92	67	74	17	32	28	67	32	
15	87	47	39	89	32	36	67	77	34	69	75	57	16	73	80	18	20	85	100	
85	10	100	75	63	15	2	29	33	33	5	94	14	98	76	58	6	71	14	38	
21	49	24	40	38	89	34	25	95	20	69	69	59	6	83	71	17	81	37	48	
83	27	43	53	68	13	87	42	92	1	64	57	46	66	76	89	8	87	9	41	
80	74	100	44	32	28	66	33	15	88	33	22	31	49	72	46	41	84	12	56	
82	18	31	92	35	3	31	23	48	13	57	22	80	14	87	46	55	8	78	73	
79	1	15	75	3	84	37	47	71	88	24	66	16	15	73	12	62	66	70	16	
89	27	34	65	90	98	70	10	27	89	89	97	62	92	7	63	47	31	89	45	
9	84	84	60	20	50	75	12	83	87	22	55	72	71	98	44	25	53	65	52	
22	9	2	4	52	26	96	76	47	67	48	20	1	53	84	67	13	9	94	6	
74	16	16	52	1	46	10	41	42	40	12	57	57	5	74	49	32	19	71	71	
7	2	49	70	86	57	4	3	14	56	26	70	21	21	66	28	1	66	84	41	
72	34	76	92	49	44	98	27	98	7	12	62	30	48	4	29	85	42	14	86	
16	42	23	83	73	5	56	59	75	19	1	6	82	97	60	52	2	79	42	49	
28	50	48	79	12	93	9	62	41	14	51	79	82	52	72	12	19	80	27	50	
72	24	66	55	35	93	96	32	8	20	21	72	91	100	32	55	93	17	4	58	
On machine	9
77	84	80	24	99	96	81	58	12	9	69	92	95	17	95	91	48	47	28	92	
11	72	65	87	94	56	27	61	14	57	36	45	12	26	9	16	99	57	66	68	
50	6	2	68	14	44	16	74	29	72	8	75	61	64	11	59	75	41	87	50	
92	37	71	79	2	90	14	20	48	7	6	31	69	8	95	3	5	82	1	25	
11	33	37	11	59	68	7	65	58	86	92	13	6	58	95	43	59	40	91	9	
78	32	12	70	72	87	37	66	93	34	72	17	45	55	18	1	73	86	48	83	
40	26	32	37	49	67	93	66	58	56	65	79	76	69	92	90	16	30	67	5	
5	63	47	91	55	5	19	25	60	90	39	18	69	97	47	63	24	91	75	1	
83	91	86	16	4	73	49	94	91	38	33	76	46	52	82	58	28	88	42	65	
85	16	3	33	23	84	49	87	76	56	72	9	78	32	2	94	84	77	7	75	
25	99	44	50	76	73	16	8	18	42	78	11	61	100	56	3	82	81	10	8	
85	48	60	96	29	3	98	28	7	92	63	8	96	34	18	68	63	9	53	30	
86	74	7	46	42	39	10	56	55	15	77	36	53	12	91	79	84	78	19	5	
81	53	40	86	17	100	65	53	54	8	89	74	19	96	40	65	66	34	28	59	
98	93	83	52	7	28	33	82	56	55	42	95	29	87	22	25	88	16	44	74	
84	98	14	55	53	59	37	40	94	25	97	48	47	73	70	41	42	87	2	64	
5	63	34	100	99	49	69	65	57	59	79	97	99	45	76	1	78	43	83	63	
56	90	76	4	44	91	25	47	63	32	97	54	4	83	56	88	91	47	9	24	
59	61	92	23	66	81	41	39	77	62	14	57	32	83	73	76	82	64	54	91	
84	70	20	89	14	100	90	88	27	35	35	61	31	88	62	93	21	89	61	84	
On machine	10
37	85	86	38	16	2	52	47	78	12	5	23	50	7	63	19	49	77	85	68	
78	98	44	53	27	7	54	72	84	39	94	40	72	5	63	25	82	46	48	52	
58	32	66	56	37	99	39	76	79	86	58	37	21	79	70	3	14	73	87	43	
2	55	66	20	53	44	90	61	78	14	34	63	70	18	18	1	1	56	3	77	
47	26	67	85	76	54	29	12	4	7	89	13	19	10	52	24	16	69	24	86	
17	40	75	86	67	87	59	6	18	35	30	52	64	18	15	95	14	13	54	100	
97	1	76	64	16	12	38	78	58	17	13	55	72	65	74	65	5	44	25	64	
21	25	14	78	18	3	21	74	83	34	46	41	95	15	6	42	13	57	34	45	
79	89	73	30	13	27	12	98	11	51	11	52	37	72	34	17	74	16	52	47	
60	97	28	4	64	99	12	78	41	61	70	35	65	28	98	74	74	27	33	20	
16	8	88	55	9	46	68	40	27	94	2	10	51	92	63	100	1	41	37	84	
13	19	79	72	52	14	77	20	96	69	38	11	93	74	100	78	42	61	90	15	
83	50	62	15	73	67	79	36	5	13	34	9	68	39	52	5	32	26	92	67	
44	99	62	81	12	63	3	49	42	7	26	68	73	21	70	68	43	71	47	6	
12	4	30	31	34	5	12	24	74	66	57	9	94	1	78	11	95	14	78	13	
20	66	54	20	52	23	90	18	48	22	52	30	28	6	33	96	12	18	100	92	
53	13	52	26	24	12	38	46	94	95	30	63	52	98	55	13	50	4	19	6	
67	14	22	19	3	93	71	96	82	60	13	66	8	44	83	86	26	8	7	82	
74	100	11	56	86	17	10	4	14	47	86	90	16	78	70	17	53	24	43	38	
41	52	45	43	25	88	36	25	56	24	76	30	88	13	31	16	96	87	11	32	
On machine	11
86	94	31	24	86	40	18	21	16	46	77	15	73	31	68	94	47	22	54	69	
77	61	51	13	7	4	86	9	10	26	73	68	2	38	18	53	5	12	17	66	
100	96	53	81	57	57	13	98	41	98	43	27	87	31	56	4	47	54	19	8	
73	68	100	81	54	78	13	15	53	74	82	26	51	47	56	70	97	78	20	54	
93	22	16	55	86	50	44	1	60	46	85	6	47	56	95	29	48	74	28	99	
81	11	39	44	75	69	11	89	99	14	85	44	59	30	69	15	91	63	31	21	
84	79	29	86	83	93	20	15	22	19	88	85	75	7	99	17	61	52	67	44	
30	62	83	87	34	34	16	49	92	87	50	20	15	14	88	66	82	40	91	76	
35	67	25	48	93	76	65	44	63	76	55	58	95	82	42	89	92	84	39	46	
100	13	81	71	79	39	83	6	88	27	53	67	9	91	66	39	82	21	58	18	
97	45	72	63	54	59	32	89	42	87	74	26	31	96	63	11	24	22	27	12	
14	13	17	27	62	28	96	77	67	92	87	23	77	33	87	94	86	30	81	86	
50	59	6	100	84	49	21	39	20	33	89	11	32	26	71	68	30	62	34	17	
16	92	57	1	74	6	4	24	83	52	89	17	14	19	54	99	7	29	75	18	
99	57	91	7	70	67	36	52	55	21	10	92	77	45	46	83	29	13	12	35	
31	48	8	85	82	52	48	74	63	72	60	80	39	48	63	68	72	64	58	87	
86	75	39	43	64	17	4	8	73	23	49	71	14	52	58	66	46	26	17	43	
29	71	47	98	49	14	41	37	6	57	50	25	6	51	45	4	3	34	80	26	
48	54	44	85	80	76	20	8	50	90	70	1	47	23	6	61	61	44	58	10	
2	4	4	49	64	8	15	3	51	30	65	8	32	24	10	93	71	60	76	61	
On machine	12
91	43	44	100	13	17	46	88	79	86	80	64	38	30	13	36	3	42	53	77	
85	32	97	31	8	78	45	46	59	27	42	56	74	50	55	56	39	36	19	30	
11	58	34	62	11	20	36	46	33	91	9	53	82	17	55	28	50	18	12	41	
38	97	79	25	42	27	99	48	4	9	9	23	73	39	7	53	57	62	51	2	
60	86	72	94	75	88	54	20	9	61	19	18	81	18	42	50	86	37	18	13	
10	34	20	68	19	74	31	89	26	21	62	81	76	49	91	76	64	14	17	53	
14	4	3	87	100	90	52	42	83	66	29	28	82	62	26	51	8	72	82	29	
37	83	10	48	66	80	6	72	34	26	92	24	57	99	90	90	83	79	67	33	
99	35	36	93	11	20	2	39	51	95	20	67	91	70	41	60	79	16	28	56	
44	55	86	54	73	50	32	81	30	14	57	88	100	42	83	94	64	48	45	65	
12	79	94	42	35	73	53	61	52	43	45	66	93	55	55	21	40	15	74	42	
38	80	61	73	91	52	80	82	28	30	94	79	78	14	90	70	15	82	12	4	
36	45	80	92	95	14	68	91	2	53	27	57	40	20	98	8	62	83	99	27	
59	24	14	57	67	60	60	37	74	79	5	31	26	59	79	14	13	21	58	53	
77	28	58	66	40	98	74	40	5	21	87	34	93	1	74	85	82	46	50	3	
23	51	37	51	37	22	27	3	10	50	7	5	88	29	55	38	81	41	64	48	
55	80	85	69	64	96	35	88	21	65	41	64	45	20	31	95	30	68	53	31	
24	91	37	99	78	35	95	1	36	51	27	8	64	33	42	97	7	22	54	12	
84	21	93	92	19	63	62	76	92	42	98	71	75	57	44	50	78	75	88	71	
87	87	55	82	30	77	95	36	81	47	38	25	15	21	38	50	95	39	53	85	
On machine	13
22	5	61	38	47	48	57	82	6	80	5	81	9	73	59	90	24	38	20	69	
68	92	16	7	19	31	37	62	70	80	40	22	66	47	46	39	30	7	46	19	
60	38	65	96	89	50	90	61	1	99	54	16	29	47	47	2	91	70	86	85	
68	51	65	52	93	16	74	27	71	15	92	98	22	33	91	14	37	82	39	61	
20	35	98	60	16	45	42	35	2	45	34	34	45	44	64	83	44	41	56	31	
17	25	9	6	86	86	49	93	95	64	43	10	81	6	31	44	99	16	46	64	
71	58	52	52	4	28	26	46	78	72	11	2	64	80	74	46	60	15	90	85	
28	92	57	17	1	72	99	23	8	93	74	42	65	75	2	59	61	26	89	93	
13	19	32	11	38	77	77	80	27	39	57	26	50	8	50	5	11	43	8	68	
83	38	17	19	9	38	65	3	61	17	28	46	18	1	68	84	34	35	64	96	
54	89	9	10	64	36	51	28	36	33	58	73	87	33	38	29	18	31	10	79	
51	33	89	69	8	50	42	25	59	63	17	62	21	97	31	39	34	12	83	97	
17	60	89	5	62	44	53	91	3	48	54	60	17	47	11	59	69	51	53	16	
59	14	60	97	16	8	13	46	31	35	77	12	68	42	34	8	34	11	1	75	
3	28	36	96	65	15	18	51	21	9	90	47	46	58	86	24	37	34	31	50	
84	72	11	81	39	76	54	89	40	64	13	97	47	94	94	77	14	28	50	61	
25	51	25	95	54	96	8	24	91	33	50	48	89	98	68	24	72	98	20	21	
20	4	64	18	50	58	1	93	23	80	9	82	1	23	80	55	66	64	16	97	
86	37	3	42	95	62	92	96	36	75	67	75	96	59	55	44	29	68	21	68	
95	38	80	49	89	53	22	6	22	60	44	14	56	21	41	75	3	81	99	5	
On machine	14
36	92	31	15	19	68	98	23	95	72	10	64	13	70	29	39	26	23	13	23	
56	7	69	22	82	72	37	30	86	52	45	64	16	98	25	25	87	96	24	18	
1	23	1	33	77	34	17	38	93	75	26	88	57	52	26	23	28	100	50	55	
47	93	57	11	91	39	37	3	20	26	61	85	45	66	10	36	15	63	91	94	
66	29	36	54	29	18	23	89	57	58	83	62	68	48	48	8	5	20	96	83	
78	38	19	90	96	50	2	61	1	47	61	74	49	77	99	74	49	85	98	91	
95	86	98	36	18	59	76	94	45	16	85	52	16	58	27	46	2	47	24	83	
11	2	24	39	57	73	11	66	69	44	45	20	79	82	72	73	19	43	11	86	
30	49	8	41	76	44	19	67	72	43	57	25	68	50	27	100	69	92	97	93	
40	50	29	41	4	77	74	19	9	72	31	100	90	4	24	69	86	47	64	50	
76	1	6	100	66	41	89	21	73	93	37	93	48	23	89	91	39	47	50	44	
21	9	9	17	3	91	42	71	44	20	30	15	93	99	47	25	9	92	1	82	
82	49	48	92	8	51	58	73	38	14	5	74	47	88	26	53	33	42	55	29	
45	40	3	47	83	7	91	63	11	82	20	21	94	37	78	93	80	80	76	33	
85	42	90	90	26	12	97	66	70	67	18	27	5	82	37	54	47	7	89	72	
5	7	69	100	65	29	75	84	66	52	14	68	26	47	30	51	55	41	33	61	
50	77	12	97	29	62	12	43	19	21	17	13	29	6	30	68	53	31	16	91	
90	89	8	90	6	86	15	7	78	47	75	55	35	69	13	63	11	51	70	81	
85	62	63	100	55	11	8	62	45	75	90	86	36	49	63	27	47	78	23	47	
91	47	77	9	55	45	9	97	38	39	47	40	20	17	32	55	20	61	7	62	
On machine	15
42	53	91	76	88	52	73	14	44	10	93	44	62	21	33	43	56	17	17	70	
78	28	29	80	78	61	92	51	16	5	75	39	44	79	98	5	53	5	100	96	
97	71	25	15	8	5	38	50	54	62	100	43	60	43	16	34	64	42	22	58	
72	33	63	37	35	67	76	42	77	19	47	11	84	75	45	41	6	60	72	71	
77	54	29	39	76	100	9	73	36	29	8	24	14	85	73	54	16	73	51	55	
72	99	21	89	28	93	92	69	89	34	61	59	36	85	80	70	1	61	66	39	
76	4	30	12	65	74	25	1	39	87	3	46	71	45	48	63	74	64	73	66	
11	16	78	21	15	63	89	69	37	63	54	70	36	13	47	81	54	95	6	75	
92	52	75	90	2	72	51	62	90	48	59	10	58	2	17	99	91	44	16	93	
33	34	4	76	13	95	20	25	12	63	64	71	50	79	12	17	39	28	93	48	
4	97	48	63	81	93	39	83	19	59	23	71	48	46	15	80	66	68	41	84	
85	85	4	47	71	86	48	40	8	12	89	21	48	80	97	24	52	20	77	78	
74	62	28	60	66	9	30	78	33	38	55	32	42	71	3	23	6	49	61	58	
94	42	78	73	84	86	90	37	98	2	35	86	88	83	57	44	41	73	86	26	
41	86	48	63	36	80	75	89	65	15	14	75	2	2	64	1	76	33	32	13	
83	32	94	39	12	94	9	47	80	93	86	44	64	45	40	96	57	72	40	30	
10	44	22	57	89	78	64	15	44	63	98	9	70	63	70	22	47	76	44	25	
18	25	84	78	50	70	86	29	79	66	78	57	64	1	80	71	12	18	62	89	
79	64	63	20	25	66	86	54	98	43	70	74	2	55	37	16	42	37	10	90	
60	70	86	8	71	55	8	44	20	59	83	17	54	28	35	17	77	83	29	71	
On machine	16
44	62	70	88	48	93	3	6	99	24	83	100	70	86	63	77	29	95	93	75	
65	66	35	51	84	87	6	95	36	31	11	10	10	75	40	89	98	42	96	94	
89	9	94	23	93	16	20	5	70	29	53	19	27	52	34	62	58	24	25	66	
82	8	52	81	100	51	64	3	37	67	3	73	42	96	70	2	4	53	95	20	
96	21	51	1	51	43	45	85	70	56	25	6	5	77	33	80	51	98	54	85	
33	45	21	85	18	99	88	79	47	4	88	37	42	96	14	74	19	87	1	35	
14	69	80	27	55	74	27	5	20	9	7	6	15	35	39	50	53	33	51	62	
18	99	21	55	46	69	62	38	5	35	3	50	32	23	46	51	14	11	79	62	
3	92	94	98	21	81	4	78	13	48	81	31	99	1	64	81	78	43	49	73	
37	48	96	37	57	33	88	5	89	43	69	30	49	90	24	87	9	10	1	33	
2	25	32	27	6	89	50	56	75	36	1	95	6	27	11	12	81	4	48	25	
93	8	1	80	37	97	89	44	9	14	12	57	93	87	91	54	25	39	11	13	
59	79	37	42	92	50	88	34	34	96	3	10	75	80	36	78	44	32	81	11	
41	54	10	78	43	12	14	13	43	5	98	51	10	8	69	23	72	99	44	31	
51	97	85	68	63	26	18	95	62	41	87	32	80	43	13	38	44	30	50	34	
42	10	27	43	43	74	65	66	85	73	30	54	78	13	18	74	21	52	14	27	
8	92	18	29	7	28	57	90	83	58	92	11	73	55	10	61	53	98	83	48	
34	11	43	84	16	46	54	30	29	1	76	92	31	74	44	60	96	7	60	53	
35	45	69	21	26	77	63	80	43	89	4	63	93	45	11	65	15	59	11	73	
35	60	40	53	97	41	71	54	62	75	71	44	77	80	38	53	51	30	67	36	
On machine	17
27	52	82	58	81	79	69	93	96	66	64	74	28	73	58	98	34	98	74	6	
48	86	5	27	62	87	6	99	46	13	64	22	46	44	88	42	21	34	82	49	
92	76	93	83	37	14	57	75	29	95	34	65	56	1	56	34	43	48	31	21	
22	84	89	8	90	3	58	72	82	96	3	27	69	68	72	45	37	19	66	82	
51	52	41	50	87	40	70	83	39	36	71	98	26	8	98	81	59	28	16	32	
79	94	94	6	79	32	54	59	61	22	14	31	44	29	50	32	21	1	31	58	
42	43	60	45	41	85	20	76	98	64	35	75	44	97	95	57	33	20	97	45	
18	81	4	70	93	24	65	6	18	38	54	64	15	1	17	80	20	83	24	30	
80	53	46	97	64	6	65	81	71	80	82	37	98	71	73	87	13	19	62	98	
78	58	23	5	32	50	34	66	80	60	71	75	11	59	25	58	16	96	78	15	
65	69	5	61	9	8	61	81	68	67	89	45	33	73	64	3	41	70	53	69	
83	10	54	60	24	38	27	88	2	58	76	53	81	98	3	55	12	7	28	13	
99	15	22	60	12	94	99	9	57	50	95	35	85	6	54	77	45	52	6	47	
26	1	82	59	14	15	78	9	74	95	33	38	41	42	53	1	74	91	30	43	
50	94	94	27	27	96	12	58	16	91	70	20	55	78	25	21	100	73	91	9	
74	26	40	66	48	30	58	3	47	52	12	23	81	74	85	98	92	96	19	54	
83	4	50	38	56	77	28	8	24	61	9	26	94	75	22	57	82	40	5	48	
16	42	30	93	19	20	53	5	60	49	71	22	17	12	63	24	83	6	53	52	
40	13	88	83	38	89	11	77	86	34	44	71	90	85	100	36	69	5	34	62	
70	74	91	60	43	34	10	79	23	96	41	90	66	47	97	68	83	84	23	87	
On machine	18
98	80	73	40	20	32	98	14	48	66	89	2	11	61	3	24	65	51	35	96	
95	36	81	40	5	3	37	54	19	1	66	49	48	37	76	51	32	71	88	12	
43	49	64	64	73	81	68	85	19	30	14	27	28	53	87	91	55	92	60	4	
54	94	65	34	26	3	71	26	12	23	74	63	48	79	12	69	26	10	10	69	
3	41	91	24	6	28	68	21	35	40	32	91	38	69	8	95	41	64	14	18	
38	53	56	6	16	88	29	52	32	67	89	1	49	99	91	95	25	59	82	2	
68	57	18	13	4	26	42	28	48	59	56	94	93	96	63	6	48	15	5	44	
56	51	50	65	84	36	68	2	7	93	40	81	54	97	19	62	60	97	19	20	
69	96	76	10	25	85	70	72	58	28	4	95	74	13	92	77	88	37	11	25	
7	72	38	24	35	94	28	49	15	54	42	80	1	12	56	98	84	19	42	81	
43	42	77	8	21	32	57	90	75	74	59	76	86	75	41	90	6	63	45	82	
16	46	53	74	3	31	79	65	14	76	87	92	47	61	44	97	40	36	68	80	
9	22	43	32	1	56	55	73	57	51	19	80	65	14	52	44	50	49	58	81	
58	36	8	22	91	33	15	62	92	78	30	67	95	17	57	52	37	19	45	73	
48	52	5	46	7	92	36	49	11	81	70	98	89	96	69	44	2	34	77	13	
70	62	98	90	33	39	76	33	9	34	7	46	98	93	13	36	74	41	80	7	
3	71	10	18	10	21	50	74	33	52	71	18	22	12	75	42	23	9	76	16	
96	91	6	87	6	64	29	19	16	27	55	67	76	59	31	47	87	51	81	17	
61	91	54	35	96	99	45	91	50	9	9	95	43	37	82	35	6	71	77	52	
54	69	6	94	39	45	42	39	79	21	97	59	61	62	20	30	73	71	38	75	
On machine	19
72	10	64	20	100	20	30	26	60	31	7	18	91	28	36	2	70	66	52	29	
63	30	44	1	9	87	24	85	92	24	5	74	28	1	88	9	87	33	20	52	
17	38	21	94	25	52	36	10	36	49	44	22	19	25	2	100	16	9	69	64	
23	36	30	45	86	59	9	15	45	76	29	36	25	57	43	39	47	51	61	37	
9	76	10	56	45	43	48	48	20	30	40	89	54	74	85	34	63	76	6	26	
58	63	8	20	17	13	38	93	50	13	19	39	44	64	88	97	46	41	63	23	
80	64	16	28	37	5	66	4	68	87	36	73	47	68	5	50	8	31	23	59	
99	2	34	50	43	14	34	82	96	89	41	31	20	60	1	68	58	74	91	66	
3	68	70	7	92	30	56	93	1	92	43	81	75	2	65	82	42	68	49	18	
41	88	58	44	25	87	69	6	59	94	38	36	9	56	66	63	28	51	8	94	
54	7	66	46	96	22	26	16	52	65	22	41	27	71	7	82	88	64	35	75	
32	61	30	97	23	77	48	3	43	27	8	84	9	100	46	19	23	74	67	97	
80	4	88	89	53	24	44	41	14	73	58	23	12	13	64	85	74	17	67	87	
51	48	85	13	25	83	44	46	17	88	53	71	33	16	92	43	9	20	93	2	
3	74	67	6	71	42	73	17	10	31	19	86	81	12	76	80	76	91	74	64	
57	72	75	56	7	74	44	57	32	41	59	66	44	83	86	62	7	35	32	30	
88	89	2	82	4	15	65	97	57	10	90	7	93	26	3	4	43	68	31	99	
78	30	23	67	82	92	56	93	54	45	7	31	20	12	84	71	22	84	21	36	
74	33	62	30	72	33	16	73	93	84	53	16	1	1	59	63	50	72	57	33	
73	50	57	32	24	89	99	4	16	80	24	96	6	34	24	96	91	4	30	50	
On machine	20
14	54	79	84	7	26	22	19	64	2	71	22	87	62	41	66	14	12	76	18	
62	73	99	21	85	25	41	62	98	97	95	75	61	4	16	23	67	62	23	39	
84	26	31	25	6	58	90	91	89	3	35	75	66	28	16	74	19	1	88	4	
84	17	55	10	82	26	45	93	49	35	95	48	74	20	15	72	1	65	86	59	
61	84	33	7	55	63	11	29	41	62	81	56	2	57	85	71	14	78	42	1	
45	22	1	68	15	58	45	8	76	14	78	23	47	42	23	76	99	65	65	34	
52	51	58	55	83	69	75	93	56	99	71	24	99	21	69	99	46	81	20	52	
71	58	66	70	80	9	42	81	6	53	16	75	47	5	90	89	63	46	82	48	
42	94	27	88	85	55	92	28	22	71	59	9	79	20	40	35	28	91	15	22	
64	48	66	39	14	97	74	88	54	45	34	97	42	86	10	10	38	4	90	59	
73	100	58	67	44	13	73	53	39	84	48	15	49	42	76	48	20	55	55	91	
35	50	17	17	35	51	43	82	5	36	53	35	35	7	72	16	51	69	45	99	
98	73	93	49	42	57	90	41	13	80	98	6	93	9	50	90	2	5	24	78	
58	35	28	76	55	4	19	63	46	57	29	42	56	63	99	21	59	3	84	41	
90	36	50	12	85	13	55	60	64	74	38	53	42	55	35	78	67	29	70	93	
94	71	81	1	59	64	71	84	16	43	30	23	55	3	26	92	60	67	86	79	
53	4	48	22	5	5	51	77	38	39	51	66	85	2	37	4	43	72	15	42	
64	14	15	91	5	24	28	93	77	15	96	34	62	85	47	67	11	34	33	38	
42	73	25	14	93	99	47	71	19	22	29	33	41	74	86	45	64	88	75	100	
64	23	85	49	5	13	92	26	10	51	59	55	31	36	86	8	61	91	62	35	
On machine	21
1	77	74	38	23	12	2	67	18	34	4	8	35	98	42	14	90	32	7	38	
8	78	56	26	24	55	33	76	22	11	66	89	85	15	69	56	87	37	64	95	
85	44	28	78	11	34	42	90	58	91	5	30	17	65	13	98	81	99	48	98	
33	53	65	75	15	50	24	57	99	3	89	42	72	12	96	53	79	85	74	15	
52	4	45	1	36	93	86	84	48	62	97	10	87	40	20	12	82	15	21	64	
73	32	60	43	53	93	29	99	49	83	68	83	72	29	62	78	15	79	7	20	
29	33	34	39	94	76	9	9	40	94	13	10	97	5	73	74	58	48	9	64	
52	72	19	66	21	83	41	80	84	34	42	39	39	3	54	7	13	50	32	50	
56	100	55	51	40	67	79	72	51	45	41	69	59	22	43	31	21	98	7	79	
9	79	70	6	33	43	42	24	46	34	33	74	93	69	21	21	73	15	70	38	
48	69	48	98	81	17	56	85	75	8	39	22	34	88	21	20	80	71	5	30	
44	62	43	100	20	17	32	86	13	9	85	55	5	50	93	59	87	58	72	44	
21	99	100	32	92	90	63	12	81	71	83	1	68	96	61	85	60	92	14	6	
50	16	23	60	25	34	33	38	49	78	1	100	53	81	53	35	41	95	20	41	
72	76	30	22	73	1	59	48	51	25	67	19	30	1	11	42	98	97	25	27	
76	7	22	55	40	53	61	45	63	48	76	34	18	74	81	54	8	20	85	90	
42	60	95	2	13	83	26	4	93	10	8	30	34	20	76	90	47	76	82	63	
87	63	68	67	50	37	92	100	39	62	66	98	67	62	7	82	70	33	54	11	
26	20	45	12	45	97	41	74	65	14	23	38	19	28	93	99	22	77	2	90	
91	61	80	8	71	26	95	72	52	97	96	26	44	94	1	32	34	9	6	69	
On machine	22
45	5	88	86	32	69	24	33	92	65	44	22	88	15	19	42	30	92	9	37	
30	77	29	51	55	76	30	96	24	74	69	19	49	79	94	32	59	68	28	67	
86	56	65	33	20	63	37	96	69	98	28	73	79	50	92	51	98	5	10	76	
100	14	3	63	46	26	58	66	83	52	34	59	38	23	3	10	4	43	83	28	
62	74	5	48	71	7	39	26	55	47	19	25	55	33	19	87	68	58	4	56	
22	67	37	9	46	31	37	38	11	88	6	36	77	74	37	7	16	13	85	28	
43	80	8	24	25	56	16	31	82	18	97	77	52	38	58	72	74	69	53	23	
35	25	17	45	100	42	22	80	19	94	31	17	25	31	85	94	70	23	54	32	
68	15	95	82	21	6	50	11	8	86	54	63	75	29	11	52	93	42	87	79	
18	30	87	80	70	44	19	35	4	60	76	97	92	32	72	81	81	71	62	78	
41	60	71	12	43	49	46	21	36	62	35	60	17	85	30	26	56	87	11	51	
10	78	6	23	99	54	90	20	87	81	86	62	83	69	63	49	69	10	5	13	
35	47	77	43	17	51	24	68	51	6	77	74	59	32	51	44	29	59	81	16	
20	50	55	47	90	94	21	98	39	53	91	72	97	61	28	37	15	93	40	7	
97	57	19	58	5	14	39	57	84	87	39	56	44	38	50	45	45	12	81	14	
98	91	1	67	85	67	27	67	43	11	46	76	82	26	72	48	63	24	27	11	
81	76	85	17	55	1	3	99	74	6	96	17	54	23	62	21	46	18	2	78	
58	4	31	86	89	17	17	100	68	20	64	94	64	8	29	18	72	58	14	97	
15	49	60	36	91	55	35	75	99	64	65	12	17	42	78	51	51	85	74	45	
71	79	12	40	33	7	50	63	99	62	70	55	15	69	100	85	83	39	61	31	
On machine	23
22	37	69	71	44	87	63	89	13	5	29	42	19	100	74	74	62	68	76	4	
78	78	83	64	32	42	16	94	51	65	78	70	20	64	57	41	19	44	81	97	
26	71	65	92	60	39	55	7	48	18	64	48	71	32	24	94	83	16	84	14	
77	72	34	2	3	37	41	62	79	77	78	29	21	18	58	13	62	33	70	24	
18	63	7	7	4	85	72	77	81	33	32	44	29	32	84	50	31	31	79	93	
40	13	65	2	6	40	10	45	42	34	57	36	38	69	8	86	31	89	39	65	
57	12	75	74	100	58	35	69	22	52	52	52	63	25	43	82	82	66	69	54	
77	8	3	2	73	51	72	40	91	62	81	46	32	33	48	52	84	33	83	95	
39	13	34	85	87	1	45	99	17	17	31	12	20	29	84	48	26	93	81	6	
86	45	25	2	17	79	13	72	12	1	14	6	77	10	53	7	72	94	40	70	
17	13	96	31	7	54	76	34	61	100	25	52	92	51	87	31	42	78	51	73	
45	67	39	72	63	55	79	8	77	13	30	16	32	75	17	12	33	16	1	78	
31	81	71	31	88	44	10	73	1	11	32	5	91	95	52	38	63	91	53	52	
37	7	53	85	63	73	15	44	8	29	13	13	69	6	10	75	39	71	66	68	
60	60	22	93	15	82	52	24	6	9	21	5	77	83	14	41	20	15	36	54	
87	10	20	24	20	28	88	18	57	84	23	49	68	59	29	80	13	16	88	73	
60	76	23	4	13	92	59	6	53	40	68	12	83	57	26	70	60	32	63	5	
55	21	80	48	22	70	35	27	51	28	37	50	99	90	73	67	33	22	63	31	
82	28	48	13	54	22	19	78	70	55	28	51	89	20	26	50	43	8	24	43	
20	87	78	43	53	74	59	86	32	74	35	4	50	83	29	60	46	65	28	95	
On machine	24
67	38	52	68	76	62	68	39	34	94	17	24	66	58	7	97	100	70	28	69	
85	17	22	22	16	30	82	3	19	94	62	33	93	39	58	82	81	91	87	12	
90	17	18	9	44	43	91	68	37	43	9	74	93	30	70	26	94	61	82	22	
88	56	37	42	74	92	15	58	41	42	50	83	67	25	80	25	39	76	64	87	
47	77	23	60	55	11	72	97	37	85	20	86	55	16	67	91	27	33	8	54	
42	51	40	100	63	12	61	14	91	63	54	27	21	45	8	59	39	74	43	94	
18	3	89	16	59	36	62	97	56	64	44	4	41	15	69	11	91	71	53	6	
41	82	61	33	93	25	14	33	38	73	22	4	12	89	75	48	22	93	40	93	
30	91	42	23	82	93	23	73	60	83	78	76	58	69	56	10	85	52	91	94	
48	57	40	64	12	63	86	70	83	71	7	47	29	65	42	2	25	43	38	50	
96	68	1	93	56	93	63	7	2	60	83	39	43	24	66	64	67	12	90	76	
83	41	95	76	93	26	25	79	32	30	5	81	27	86	54	74	16	28	88	56	
99	63	13	62	5	29	85	88	94	5	21	77	12	17	5	27	28	49	72	52	
94	34	48	31	65	72	38	52	42	71	93	35	41	6	23	63	9	74	80	99	
34	33	85	99	6	56	56	89	52	68	64	24	79	26	7	46	41	42	17	21	
39	4	40	2	25	70	58	4	87	4	54	40	53	36	97	78	8	8	49	92	
82	31	92	91	39	99	43	10	46	62	83	52	35	83	88	69	3	96	80	85	
4	14	38	2	48	65	47	22	2	5	69	89	74	84	31	6	11	16	46	58	
3	9	38	96	37	78	5	73	73	29	81	96	21	40	48	26	44	73	84	66	
100	72	2	25	19	96	48	53	10	85	39	99	84	53	61	39	49	81	62	73	
On machine	25
97	31	22	92	81	17	100	74	46	89	4	90	9	19	17	4	15	88	78	8	
48	55	31	72	85	12	84	1	43	49	48	61	80	16	11	32	91	66	57	24	
9	41	88	85	70	2	33	55	85	42	49	96	45	22	12	99	72	44	47	81	
83	5	10	62	55	14	96	83	78	29	96	64	68	83	9	86	66	59	87	80	
42	81	2	53	99	77	23	32	100	94	42	15	7	16	96	20	33	77	66	64	
82	88	19	72	96	5	52	64	13	51	7	2	45	10	70	100	50	62	74	82	
28	63	4	98	9	75	38	66	50	96	58	92	99	51	36	71	63	52	18	78	
11	64	56	8	13	69	100	8	7	75	1	82	95	65	46	51	8	9	37	62	
20	7	46	60	13	56	92	76	65	23	34	52	59	52	62	43	41	7	15	90	
4	54	90	84	52	44	70	52	88	67	73	38	63	97	54	55	36	58	25	97	
68	100	68	3	32	55	11	58	67	25	46	1	78	37	70	4	3	96	73	41	
62	2	61	98	94	58	95	32	84	25	83	9	78	95	91	92	39	48	57	69	
78	21	70	6	51	18	45	100	40	91	91	54	69	19	41	34	90	6	70	2	
13	23	9	51	61	18	78	97	87	13	89	83	91	28	44	65	42	96	54	85	
89	19	7	23	15	44	68	54	88	48	1	70	77	8	67	93	57	63	46	5	
65	77	3	66	16	46	42	80	52	46	46	8	50	4	11	68	31	84	33	31	
37	30	38	99	52	99	11	81	33	84	63	23	94	33	99	66	40	67	9	32	
36	28	39	78	96	64	17	72	72	88	85	78	46	53	88	9	79	35	7	29	
28	74	27	26	75	61	52	14	30	100	72	3	29	62	94	20	68	76	28	73	
99	40	25	13	68	90	49	71	54	43	20	78	89	79	79	38	82	38	99	50	
On machine	26
95	95	53	57	77	23	14	73	52	65	51	88	10	15	33	8	93	72	93	92	
29	6	64	98	53	89	96	4	75	58	48	47	19	86	60	78	20	17	96	4	
95	75	16	76	90	98	93	26	71	19	77	45	27	95	99	62	51	2	25	76	
8	40	67	17	51	80	99	27	2	100	76	85	11	41	66	38	54	8	63	34	
28	48	66	60	73	10	53	24	97	38	64	70	87	88	22	9	72	100	59	99	
97	16	71	87	78	76	73	65	68	40	56	56	62	84	57	90	94	8	6	60	
44	85	9	56	57	90	27	11	92	94	48	59	61	59	6	46	5	14	39	4	
51	13	86	88	12	82	42	1	23	83	100	74	63	6	14	15	78	51	84	96	
66	34	58	73	43	65	11	46	82	16	82	53	94	9	63	57	79	3	46	19	
66	55	32	79	23	73	34	43	84	42	31	9	94	11	18	94	13	11	4	74	
69	24	72	8	11	60	68	2	46	52	96	65	16	1	58	94	24	10	87	17	
75	80	75	65	77	70	79	59	93	32	25	63	31	88	65	87	11	66	24	87	
57	77	3	81	47	45	80	17	51	69	5	84	34	1	50	8	40	5	83	4	
22	29	90	57	11	66	66	84	17	73	49	66	52	25	44	61	61	90	33	16	
90	9	40	4	1	16	18	74	23	51	47	90	56	5	48	2	29	4	4	19	
99	18	61	20	87	33	77	97	28	53	33	80	51	12	3	67	36	32	60	35	
67	37	25	7	91	95	53	93	20	15	9	30	1	25	83	56	9	8	64	53	
69	68	60	65	70	47	24	26	76	36	65	100	68	92	40	6	36	57	85	40	
77	66	10	46	3	63	72	20	65	42	79	54	25	31	32	22	61	31	72	78	
66	100	84	78	73	94	92	94	58	96	29	94	1	68	2	61	98	51	66	74	
On machine	27
26	87	82	68	42	77	30	28	21	9	76	13	74	12	68	3	11	22	36	34	
78	70	85	19	57	63	2	54	44	79	89	86	84	49	39	88	40	47	19	42	
67	62	48	32	33	57	82	99	97	52	14	83	21	85	42	18	29	92	64	57	
78	85	89	62	60	34	86	28	30	23	23	85	30	1	77	67	55	1	83	15	
99	78	63	95	47	19	69	55	90	32	22	77	12	93	14	15	95	68	6	18	
44	9	91	20	82	73	8	66	51	8	60	96	12	25	9	36	96	92	55	85	
80	88	63	52	45	89	82	42	31	73	89	21	65	65	40	97	42	12	43	93	
12	67	19	32	46	22	17	11	60	31	100	72	73	16	17	91	93	56	36	72	
13	14	96	31	7	32	72	30	48	54	88	77	39	25	80	85	94	73	48	1	
80	41	43	21	63	54	16	85	98	85	97	10	75	80	43	98	53	95	51	54	
83	77	66	10	9	7	79	7	58	1	47	68	81	85	4	98	62	12	95	11	
37	17	80	67	92	46	33	68	10	30	31	88	3	40	2	34	93	61	3	56	
40	14	91	18	54	16	62	97	62	45	7	52	76	6	96	11	70	9	93	2	
41	95	66	61	37	47	96	51	70	94	84	16	40	61	20	67	90	33	80	33	
63	74	32	96	12	34	38	17	70	59	3	89	17	100	44	79	75	97	48	32	
65	99	97	44	7	13	93	66	42	76	76	78	49	37	46	62	98	61	50	40	
60	34	87	46	86	66	78	19	61	62	23	41	54	94	44	46	64	88	77	55	
86	82	88	11	80	45	67	71	14	77	26	86	88	26	55	94	70	5	40	70	
28	86	93	69	2	71	30	83	96	46	60	3	35	100	53	36	4	31	44	45	
44	59	30	52	57	66	15	24	58	19	83	74	43	62	51	97	94	28	72	30	
On machine	28
14	73	47	5	95	49	15	49	57	60	100	42	75	75	77	26	32	79	58	44	
58	99	14	62	33	94	86	15	72	24	57	23	21	61	35	71	3	26	76	38	
40	17	88	4	60	3	71	9	30	46	100	47	29	4	35	77	88	94	76	96	
4	69	38	83	91	10	2	34	64	62	24	81	65	75	57	51	66	11	19	57	
17	85	1	59	98	22	4	84	12	78	97	58	30	23	51	78	35	45	35	77	
24	50	4	39	95	62	57	65	88	87	93	36	14	53	92	8	74	72	31	68	
27	83	89	40	29	27	56	98	82	6	72	4	9	1	2	20	41	55	26	100	
56	52	74	36	10	27	40	19	21	91	82	28	51	39	43	10	66	74	71	44	
6	67	5	86	13	56	53	25	97	38	43	24	86	13	2	31	25	30	90	5	
3	19	21	4	40	26	38	7	15	62	10	62	21	62	11	21	91	68	53	12	
39	14	19	25	83	82	58	35	81	75	3	33	43	87	10	91	49	27	25	83	
18	93	15	40	18	38	93	39	84	51	91	66	88	37	9	46	97	43	91	30	
74	81	86	79	56	10	7	11	24	20	46	41	64	19	39	96	7	45	48	91	
82	49	45	62	21	100	33	85	83	50	25	48	23	6	48	76	38	8	51	36	
33	13	2	89	18	52	12	33	93	33	45	62	3	79	16	38	99	5	96	61	
26	89	68	94	18	46	19	22	96	91	83	14	95	61	83	98	18	4	43	51	
12	82	81	10	54	52	94	7	99	7	94	16	30	97	58	57	86	67	98	98	
50	46	78	89	97	72	51	14	84	58	57	37	84	47	90	59	50	9	88	85	
80	48	70	29	44	55	93	77	72	74	35	61	53	89	55	49	75	93	29	39	
81	10	65	48	72	7	45	79	44	26	18	16	52	70	31	26	29	56	55	15	
On machine	29
34	1	13	69	41	76	8	41	49	34	62	56	91	72	97	79	63	88	80	92	
70	23	40	44	69	75	13	53	18	95	31	2	52	61	19	96	56	21	38	77	
46	99	63	55	45	1	9	38	80	61	18	58	7	4	17	25	29	88	51	62	
81	47	78	53	55	62	72	28	81	12	83	42	36	50	48	88	62	8	99	2	
90	1	23	22	77	1	31	36	93	75	54	96	61	69	84	87	70	3	82	14	
37	20	76	31	46	1	90	6	79	21	79	47	93	99	87	69	96	78	98	55	
64	55	95	44	21	20	10	28	26	35	87	41	96	40	32	100	5	41	38	63	
49	29	68	78	16	54	28	98	38	20	98	96	62	34	25	92	99	37	74	41	
48	4	14	80	15	9	75	31	100	87	8	84	38	11	45	51	64	68	61	74	
76	99	65	90	8	58	72	76	27	31	29	79	47	22	7	41	71	15	37	85	
6	63	40	76	25	81	3	63	35	15	85	11	64	52	39	67	68	92	64	43	
92	44	26	28	58	71	35	3	44	97	14	96	7	74	52	53	66	16	74	93	
1	45	48	18	58	15	98	15	47	25	25	89	3	78	1	36	51	96	41	4	
49	80	28	83	35	72	53	53	15	65	68	100	90	5	42	9	85	16	4	63	
19	29	43	18	8	77	81	29	81	5	64	71	76	52	73	14	43	65	58	50	
100	88	6	16	61	57	23	35	36	18	33	74	42	67	6	17	71	54	73	30	
72	21	69	29	70	34	50	52	66	99	45	66	61	75	71	76	88	61	49	55	
30	77	39	82	30	52	34	54	17	96	51	6	24	91	3	46	53	24	33	90	
24	40	45	40	23	53	64	44	48	15	55	34	3	33	56	24	62	6	35	83	
60	18	6	92	98	57	75	32	2	66	21	100	72	71	91	27	66	73	89	26	
On machine	30
56	9	47	7	72	44	48	15	35	41	70	11	70	27	88	20	30	94	49	31	
95	98	80	14	84	11	86	22	5	84	70	3	3	50	62	21	43	82	78	3	
8	24	82	33	73	80	46	21	5	55	43	51	49	85	20	19	1	15	92	11	
54	87	50	97	7	91	6	12	42	6	25	31	8	42	48	18	52	45	83	39	
3	72	6	65	60	18	63	66	7	64	35	24	100	79	51	82	36	22	18	20	
61	6	64	71	39	8	20	12	75	21	20	45	54	1	72	11	36	88	46	18	
96	89	46	70	67	3	10	11	10	48	51	44	52	55	82	52	38	45	52	64	
22	60	37	11	42	1	86	75	84	27	8	40	33	85	51	43	52	36	96	70	
76	63	78	69	77	62	62	82	59	40	96	6	78	26	12	85	90	8	37	44	
95	36	24	36	27	14	66	66	67	56	87	46	41	74	15	6	1	53	30	74	
12	16	57	64	3	97	62	87	89	98	34	77	51	62	45	90	93	67	41	25	
72	54	69	67	12	94	77	49	98	35	25	4	35	35	88	34	55	29	22	55	
73	44	1	28	4	78	48	86	96	70	36	54	46	91	23	55	43	31	7	86	
20	44	96	5	29	64	63	27	51	39	76	90	50	63	62	27	72	20	39	16	
36	55	62	80	15	61	83	52	78	18	59	23	85	46	25	47	14	61	49	74	
4	87	42	52	36	98	77	25	73	88	29	55	48	15	11	78	88	13	3	85	
27	75	60	81	25	37	8	18	22	85	23	73	72	79	72	99	95	35	51	33	
83	20	49	40	76	21	9	76	28	50	17	72	32	80	18	100	7	53	77	87	
17	91	61	24	82	35	71	27	3	23	9	23	37	8	18	94	75	34	92	1	
11	41	11	74	11	97	16	48	94	39	93	49	21	65	44	10	29	41	49	24	
On machine	31
90	100	21	96	55	28	87	47	13	41	95	45	33	68	85	91	63	91	95	60	
43	16	6	81	54	21	19	17	39	62	92	87	56	57	18	13	85	73	29	48	
63	1	39	26	99	81	44	37	3	3	63	1	74	96	35	34	58	77	7	11	
8	91	39	85	12	59	58	92	43	90	15	30	95	97	23	96	14	23	24	62	
55	38	75	44	5	28	4	97	15	30	9	59	71	14	85	79	9	32	42	70	
33	91	76	77	99	1	60	3	1	19	4	44	27	66	3	42	28	91	72	39	
51	29	45	82	50	5	29	95	18	77	76	75	47	46	72	5	90	48	61	73	
86	7	53	47	25	73	45	19	74	94	32	69	14	34	6	21	39	86	84	17	
38	56	39	20	83	43	21	57	95	24	62	60	6	92	9	1	35	84	98	50	
59	56	43	52	95	81	70	65	69	47	91	53	94	31	75	14	86	87	73	12	
100	95	53	11	73	51	45	44	100	81	11	93	33	30	95	78	22	89	15	99	
81	13	49	74	85	64	98	29	98	89	54	75	14	55	17	85	19	3	75	30	
92	15	58	46	67	51	70	57	31	73	66	5	79	73	99	13	75	70	4	12	
32	78	84	9	28	51	18	100	28	32	50	58	8	94	2	25	7	14	41	67	
41	65	71	76	37	32	43	99	14	67	21	82	97	13	45	40	84	9	59	97	
93	23	78	53	88	55	32	61	63	36	11	84	33	89	53	24	23	41	10	60	
19	41	93	20	48	11	72	15	46	30	27	81	84	91	85	8	33	54	58	65	
32	69	100	78	60	20	21	9	81	1	34	50	45	16	24	64	88	91	45	93	
81	28	56	70	84	71	57	17	91	57	18	87	18	25	5	7	8	100	7	44	
27	12	17	31	85	63	28	50	87	76	31	23	55	60	39	23	2	67	30	25	
On machine	32
22	44	29	38	5	43	66	22	57	62	58	19	9	92	50	92	81	42	85	18	
30	88	93	62	32	91	27	84	98	16	36	10	5	8	43	86	72	75	18	73	
96	86	95	54	3	93	52	17	32	27	3	54	8	20	41	24	45	3	35	77	
24	45	84	11	53	23	81	6	75	22	95	29	43	66	19	32	69	20	59	77	
41	88	70	18	56	72	7	58	56	23	73	93	20	4	16	64	34	80	21	15	
81	29	85	30	1	71	6	83	10	56	68	55	14	18	83	67	78	22	58	7	
77	85	79	61	53	93	100	17	17	58	57	71	41	73	51	72	17	35	45	23	
64	44	74	58	45	8	55	72	3	74	34	50	91	71	8	99	11	63	63	15	
23	14	71	26	62	45	78	53	14	74	67	1	38	32	98	68	61	38	73	74	
15	95	86	31	47	64	5	61	24	20	73	35	44	57	28	9	72	31	8	22	
39	66	2	26	58	29	83	31	4	54	18	86	54	20	30	14	40	15	65	98	
41	94	66	44	62	23	13	80	15	92	87	55	51	29	87	83	22	7	31	60	
3	13	58	2	73	49	21	96	46	8	73	40	51	27	16	37	3	88	64	53	
98	42	41	60	53	39	51	69	51	33	53	43	67	48	34	47	20	13	68	47	
6	62	35	100	5	58	95	87	27	52	96	27	35	87	33	34	93	32	67	57	
22	21	47	24	18	44	8	19	21	59	65	28	77	78	73	56	27	18	10	51	
60	71	10	62	21	64	17	46	92	59	36	5	87	74	23	61	12	79	61	97	
84	63	16	23	21	26	97	72	91	86	64	6	69	70	41	73	37	41	26	65	
89	14	75	46	45	65	94	34	38	73	1	70	47	38	24	40	39	56	18	55	
63	42	80	6	33	99	88	20	85	55	48	91	77	80	99	6	67	25	87	44	
On machine	33
81	8	1	66	10	14	94	78	16	7	54	8	98	40	4	56	80	67	69	18	
53	18	67	55	23	85	80	38	51	13	20	59	1	52	22	100	33	34	92	93	
62	95	79	75	32	11	93	15	31	4	43	20	80	31	45	74	22	45	57	24	
54	47	52	10	94	84	71	11	80	87	41	40	2	10	88	44	30	2	16	39	
60	66	74	76	46	95	76	84	44	94	34	90	24	14	42	75	29	85	71	11	
70	92	94	46	71	82	82	49	69	31	93	7	76	45	11	90	16	10	6	76	
70	60	22	6	32	77	58	58	25	7	43	84	27	52	25	22	39	32	28	41	
9	31	93	31	20	69	76	50	26	63	19	55	41	89	22	96	39	7	75	61	
88	31	32	86	73	63	72	39	81	76	88	6	28	25	97	47	17	55	48	44	
16	40	66	98	79	45	14	24	27	88	27	74	34	66	38	40	27	6	25	59	
31	38	32	89	49	70	72	72	18	69	39	15	59	83	9	97	49	1	98	84	
93	46	95	24	92	96	6	63	53	46	17	21	33	64	3	82	94	68	3	1	
74	94	40	14	91	21	57	64	99	80	3	40	65	75	99	60	21	42	91	81	
86	38	87	30	72	39	18	37	46	82	73	22	97	61	4	2	32	42	11	54	
35	87	39	9	57	39	99	40	76	72	73	88	82	23	54	6	91	91	67	62	
93	69	75	65	68	38	7	100	37	72	66	27	23	27	92	58	62	86	63	96	
39	26	3	24	14	6	30	68	66	33	37	22	4	52	87	29	85	92	28	76	
40	18	42	94	44	77	79	21	98	19	58	34	83	7	97	81	27	14	21	70	
76	60	95	31	1	96	75	2	10	69	45	100	69	86	87	59	6	28	38	63	
74	31	37	55	28	69	70	53	72	99	57	74	68	20	9	54	9	76	36	84	
On machine	34
22	80	82	16	49	68	48	66	26	63	68	47	90	73	89	32	59	6	58	50	
77	41	52	3	61	27	34	28	93	26	71	71	94	72	91	100	82	85	82	20	
26	46	12	29	25	91	31	84	43	32	91	23	11	46	57	70	81	84	33	26	
60	53	77	31	16	87	6	85	94	2	65	54	87	60	55	75	89	23	5	21	
73	32	15	53	51	14	47	66	94	80	69	67	67	59	25	48	98	93	17	27	
96	33	58	44	84	75	9	19	90	61	81	37	92	67	25	78	53	91	3	6	
71	99	87	45	28	52	64	69	14	98	35	34	5	93	27	7	20	92	18	53	
14	59	84	89	22	78	12	85	91	95	61	75	54	14	3	51	57	23	95	82	
33	56	38	79	52	45	46	31	21	46	94	96	46	22	50	78	18	61	99	52	
64	7	64	88	20	50	48	17	40	4	72	19	91	17	47	36	60	33	60	27	
38	24	36	95	39	59	12	16	100	64	65	15	82	59	57	51	2	31	44	45	
12	9	44	68	26	77	37	85	96	55	19	69	86	57	8	19	79	99	33	37	
90	3	99	72	48	40	61	93	42	56	18	63	12	17	80	84	69	61	43	58	
17	28	81	67	71	61	56	4	30	99	99	15	45	40	34	30	90	88	33	5	
74	59	48	99	47	78	15	77	96	36	98	96	65	36	59	3	81	36	57	52	
87	75	21	94	45	7	84	68	86	43	32	29	41	63	85	30	91	45	42	22	
51	4	19	56	21	30	36	1	19	80	45	82	47	66	59	100	32	21	30	48	
16	48	38	55	51	46	58	73	94	100	68	92	34	48	57	65	10	6	82	35	
58	27	83	38	36	59	46	26	1	97	19	87	27	55	85	9	65	9	70	100	
86	81	92	11	76	4	16	68	36	22	94	72	10	88	38	15	5	50	11	93	
On machine	35
11	8	91	81	2	22	73	75	82	15	1	67	39	56	32	58	94	21	55	38	
1	71	75	35	8	70	39	62	68	63	28	72	100	46	47	27	54	63	42	43	
32	53	92	78	4	13	90	34	67	2	62	17	98	66	31	50	83	16	53	12	
34	97	86	27	17	12	3	34	67	4	55	30	9	82	89	95	29	72	1	62	
20	18	25	36	92	53	42	98	41	56	60	8	100	18	48	82	5	18	44	2	
82	83	19	40	53	56	97	97	25	33	8	30	49	40	29	31	35	67	61	62	
60	66	19	51	43	51	68	92	61	86	18	56	14	2	96	45	64	81	41	70	
15	75	63	75	85	12	48	53	42	20	11	50	30	34	40	57	80	43	64	27	
57	36	45	74	19	38	53	63	69	63	50	24	53	35	72	76	77	13	71	95	
69	23	11	63	24	83	18	70	96	40	3	47	18	39	87	45	82	23	95	37	
30	61	98	71	47	3	3	87	9	10	69	50	6	56	82	86	20	64	9	20	
19	63	2	99	99	91	8	92	38	49	28	12	52	76	64	2	62	27	12	38	
25	74	58	63	44	39	90	4	24	40	57	38	18	41	19	21	91	41	63	97	
15	84	11	30	66	88	77	73	75	40	53	9	46	86	82	45	2	11	6	62	
63	70	80	26	29	13	61	56	87	61	60	38	12	68	33	31	64	22	42	6	
66	70	36	51	85	73	98	39	43	91	14	65	41	4	28	23	17	64	10	1	
38	77	45	100	95	78	100	39	4	9	69	80	78	70	86	57	49	1	4	45	
40	55	14	65	17	96	55	41	5	89	64	74	46	34	41	37	95	100	15	39	
56	83	80	7	84	34	83	89	9	75	67	93	15	63	99	56	89	44	30	27	
84	74	80	42	91	40	13	74	23	68	15	57	65	68	27	97	65	98	29	100	
On machine	36
2	72	90	52	81	74	86	93	84	61	52	2	23	3	51	23	61	51	50	28	
68	85	40	41	98	82	69	88	53	29	93	25	44	67	12	56	45	83	84	58	
12	24	47	78	22	59	20	13	95	85	25	20	14	48	20	6	30	15	56	43	
78	18	43	83	86	41	75	44	84	77	93	44	30	38	64	79	21	18	100	33	
55	6	20	53	81	54	77	54	45	44	62	2	76	6	74	33	28	67	42	45	
99	28	38	73	53	47	82	54	50	48	60	31	3	26	71	89	69	49	44	58	
79	64	60	35	89	51	13	24	8	43	44	55	87	89	53	33	91	30	91	15	
86	31	53	49	94	19	99	1	51	69	54	85	54	60	20	77	46	89	86	43	
34	59	81	36	18	30	58	30	35	63	48	98	27	50	19	100	30	88	2	11	
87	81	76	49	66	89	32	75	35	69	76	37	58	57	76	63	8	7	5	5	
46	2	16	55	64	51	26	70	60	18	4	78	47	99	86	20	11	76	46	71	
79	74	31	56	76	60	10	11	14	29	7	81	51	15	38	82	82	3	99	45	
72	64	76	26	53	45	31	74	30	93	13	69	23	31	17	81	49	46	95	78	
5	28	19	77	36	55	10	10	32	12	53	61	75	91	84	53	15	97	52	51	
22	66	61	78	63	13	82	55	16	4	18	22	47	13	83	13	58	4	77	29	
65	28	93	15	38	10	87	82	45	65	94	84	45	58	82	90	6	100	26	33	
69	41	91	70	8	48	59	28	58	23	90	92	70	60	30	90	23	24	57	62	
84	40	10	94	78	100	55	10	52	51	84	44	32	72	49	63	33	61	16	58	
82	81	11	27	36	10	25	6	59	86	29	96	70	20	84	31	86	63	7	83	
85	95	86	44	25	96	100	97	82	77	21	24	94	27	46	85	29	1	93	57	
On machine	37
15	60	70	71	18	79	22	68	11	74	39	90	91	41	43	95	27	89	42	96	
62	86	100	39	57	30	16	82	44	8	21	62	95	45	19	79	70	21	24	58	
71	97	4	46	27	94	73	22	80	30	48	12	27	88	7	87	83	92	65	68	
81	55	26	27	67	23	83	54	1	19	95	92	63	25	19	9	65	71	85	60	
8	39	43	16	52	61	17	77	35	13	19	90	36	38	11	39	35	5	18	95	
5	28	28	42	29	93	68	22	20	32	94	43	93	95	75	65	99	76	1	24	
20	43	47	36	73	92	57	59	58	13	30	57	25	50	26	25	82	34	87	10	
39	2	9	39	49	80	16	63	48	74	7	70	31	44	13	41	97	97	32	16	
39	98	92	19	11	78	52	14	41	60	62	76	99	25	95	59	48	57	80	78	
21	51	70	31	57	97	46	45	29	34	80	28	99	22	87	98	3	52	23	96	
92	60	49	72	56	52	57	29	3	57	41	50	88	48	72	64	85	49	33	24	
28	50	56	80	96	30	28	56	16	26	45	10	69	1	60	96	16	19	35	57	
34	92	20	28	43	85	22	66	2	17	3	47	14	3	27	17	9	57	6	93	
30	60	62	11	31	58	55	69	60	37	50	70	36	94	77	5	17	91	1	31	
38	88	90	44	31	86	37	7	67	2	39	72	30	78	29	30	83	41	8	52	
79	69	44	11	51	80	76	96	97	10	84	3	77	32	33	6	44	97	87	4	
90	62	51	55	86	73	93	29	80	16	96	80	87	19	43	48	38	41	95	42	
100	22	34	19	23	81	16	28	92	54	48	59	100	92	16	61	8	88	60	21	
89	83	68	43	68	99	50	23	8	92	41	4	88	53	37	86	4	92	9	93	
48	95	98	76	86	95	90	91	72	63	68	45	42	59	53	99	4	1	98	21	
On machine	38
87	61	53	17	38	98	69	89	58	5	34	22	31	1	28	12	14	6	40	15	
40	73	59	22	15	49	24	65	99	34	66	95	91	48	97	26	32	5	58	70	
24	17	86	50	56	86	70	33	56	42	33	67	81	80	30	6	86	22	58	37	
71	17	84	91	11	59	93	98	81	72	60	23	58	62	61	70	58	25	75	67	
74	99	48	14	36	13	85	77	6	98	21	92	66	16	69	87	25	91	26	88	
14	61	13	18	56	89	99	11	59	49	68	79	32	83	60	20	81	59	8	42	
51	79	95	10	44	8	16	52	67	14	33	50	12	22	61	14	35	94	86	52	
61	74	38	19	40	94	81	81	87	8	69	67	90	51	90	38	60	17	72	22	
30	73	19	73	51	42	26	25	93	6	56	7	77	37	10	42	15	11	84	62	
85	77	73	52	86	59	51	88	75	35	15	23	34	87	98	44	8	56	21	64	
25	74	19	59	6	71	25	97	9	1	23	31	42	18	24	10	49	33	26	27	
84	84	96	9	44	23	67	7	63	41	63	51	97	46	41	17	38	13	23	49	
76	52	6	1	18	15	21	40	10	99	4	73	69	10	76	92	82	41	96	61	
64	43	39	10	85	92	76	12	16	68	21	21	33	74	39	99	11	36	54	94	
56	32	92	35	88	37	20	61	60	42	59	23	15	19	44	41	82	96	5	28	
34	65	60	49	61	77	33	37	9	61	23	11	23	87	59	53	94	41	37	80	
86	1	14	52	61	49	20	73	95	19	58	32	26	98	82	49	100	32	86	62	
76	21	12	36	73	17	64	25	83	49	3	57	73	63	56	72	69	44	35	63	
29	94	15	77	78	48	22	57	99	9	83	31	43	70	93	66	33	10	9	6	
83	50	29	43	74	95	60	61	81	66	24	9	28	63	45	46	63	84	94	27	
On machine	39
54	44	63	5	73	48	99	69	14	67	85	70	13	53	29	57	32	3	1	76	
74	53	52	25	31	35	57	28	27	13	93	12	74	84	66	6	47	22	41	3	
90	25	7	50	93	82	91	23	39	15	94	3	20	77	8	64	24	63	88	70	
79	12	25	91	33	82	50	70	27	93	14	74	12	35	75	30	77	1	21	52	
13	2	6	4	15	64	48	71	23	38	72	11	85	47	47	54	100	82	90	10	
37	21	71	89	89	9	79	70	57	69	1	44	73	86	36	5	65	70	21	36	
56	76	64	71	75	100	96	48	87	66	6	54	19	8	19	32	70	85	82	95	
74	90	91	67	25	27	57	71	60	6	45	43	65	22	81	45	5	18	26	73	
45	43	89	100	6	71	25	14	5	97	84	54	54	16	17	23	55	34	66	35	
85	6	96	100	21	42	52	56	94	94	82	52	90	74	34	24	94	63	74	31	
90	61	81	97	87	93	81	81	49	66	22	27	39	93	63	67	81	16	68	27	
26	64	2	46	4	3	70	57	23	56	95	33	78	50	14	40	25	100	57	93	
97	43	41	19	28	52	89	20	54	97	58	36	9	67	45	10	86	22	90	51	
9	11	37	66	2	43	16	29	67	85	39	82	29	34	75	58	57	29	25	42	
41	72	15	33	76	90	94	68	69	17	47	5	39	35	41	41	85	71	84	6	
28	42	46	75	31	79	94	11	92	35	23	74	26	51	20	97	8	32	91	46	
58	84	57	44	63	12	32	40	9	17	56	44	61	23	13	43	18	27	91	42	
56	61	88	7	98	49	17	79	26	74	36	77	31	56	39	86	53	15	52	23	
6	21	50	99	85	54	71	53	55	16	83	56	36	87	70	35	80	40	36	7	
27	97	82	57	79	73	54	7	62	9	77	98	43	32	52	74	51	63	51	94	
On machine	40
57	10	66	28	9	14	99	26	20	72	28	43	55	84	4	54	82	47	63	10	
9	60	92	20	53	24	74	10	17	65	95	42	61	34	32	20	16	30	69	25	
67	37	27	60	50	37	19	61	44	55	38	65	46	35	14	99	9	63	83	83	
33	67	95	71	76	1	75	88	60	47	22	55	40	22	85	14	13	6	50	64	
92	4	69	88	11	58	7	40	35	5	29	37	71	81	2	54	87	86	64	7	
39	74	87	2	3	82	37	25	39	20	68	36	10	6	76	15	83	72	91	39	
18	38	12	33	49	3	13	31	95	100	27	27	19	6	63	91	69	58	60	5	
89	60	81	29	31	44	50	83	79	52	62	44	64	51	49	59	62	17	37	92	
87	86	55	82	76	92	22	88	19	84	17	11	54	87	71	22	33	27	73	91	
64	36	41	29	31	64	8	67	25	22	96	22	11	47	55	31	6	40	28	86	
33	39	46	1	85	73	2	60	87	96	46	82	9	41	43	71	18	62	15	77	
33	26	6	77	22	94	15	67	52	48	23	15	5	27	46	93	16	95	99	91	
57	96	83	4	67	38	69	44	39	89	15	76	55	11	50	87	4	63	29	66	
100	31	48	93	27	92	51	58	41	78	51	90	17	70	29	3	78	68	91	53	
61	24	81	72	20	30	2	95	91	85	90	54	84	78	72	35	79	41	82	67	
95	44	56	14	82	42	31	15	21	100	62	84	59	73	55	88	6	11	7	78	
36	63	52	78	23	37	29	5	89	56	67	12	4	27	34	61	95	13	66	79	
42	93	28	28	61	32	84	77	46	94	49	23	25	87	47	48	17	51	68	33	
53	57	28	25	66	88	38	60	81	57	79	31	71	89	100	59	52	68	56	47	
77	27	89	16	62	29	2	87	41	59	100	82	89	83	83	84	13	76	77	93	
On machine	41
61	82	55	75	91	21	71	94	4	88	46	89	5	6	41	56	2	54	55	19	
86	55	65	50	66	96	18	6	22	76	95	34	37	69	43	84	44	4	74	28	
89	59	68	16	100	67	51	17	8	86	60	51	9	15	55	95	16	11	100	68	
37	40	87	55	73	94	100	36	93	23	87	75	59	93	57	90	65	58	96	46	
65	22	63	83	16	66	77	19	13	81	21	28	43	67	51	76	25	70	54	20	
92	59	87	29	99	32	44	61	20	72	81	16	70	78	39	79	66	44	95	58	
48	72	5	33	4	10	55	64	33	29	53	47	86	31	53	61	76	57	41	78	
1	85	78	43	47	19	42	68	57	60	88	37	8	80	73	38	83	83	64	18	
93	44	12	46	96	92	51	89	77	34	36	27	62	7	34	28	3	13	17	24	
76	77	52	11	96	35	57	99	20	80	64	27	59	68	30	59	54	5	31	88	
45	71	82	91	48	65	77	6	9	84	86	53	4	100	54	70	38	37	16	53	
55	15	41	47	88	20	89	6	96	18	32	85	55	97	100	38	99	71	66	15	
62	99	70	90	100	57	10	39	3	20	67	84	37	62	93	75	90	6	18	67	
33	54	23	50	53	76	67	7	70	38	7	69	63	19	32	54	56	32	38	41	
1	73	91	45	75	28	30	7	46	70	6	63	86	38	17	47	23	57	62	43	
65	22	99	35	70	24	71	98	26	33	26	97	39	69	67	25	94	13	89	61	
100	58	61	15	23	7	50	6	52	76	68	15	61	2	35	83	87	88	11	58	
15	71	99	59	52	50	49	52	36	98	44	2	82	66	89	19	49	80	25	16	
86	37	33	73	65	23	21	4	21	59	64	27	16	5	9	8	26	65	80	4	
62	86	84	39	43	32	82	34	52	99	16	41	45	2	28	23	64	100	37	54	
On machine	42
6	13	56	99	98	91	48	86	9	9	60	91	17	52	23	49	89	51	26	100	
7	20	69	8	68	45	59	8	31	84	94	53	57	34	43	32	13	74	4	13	
85	69	89	90	2	81	20	47	67	79	73	53	50	52	72	87	19	89	50	59	
94	7	90	90	28	42	41	15	8	90	40	21	85	38	1	34	77	99	47	10	
26	75	27	86	32	81	32	85	5	12	37	30	14	23	52	20	81	19	49	7	
66	22	70	50	54	73	72	18	63	4	87	70	49	44	62	12	98	16	47	37	
21	14	67	23	21	56	7	100	89	46	36	80	53	8	65	100	53	72	82	78	
55	78	68	54	56	45	89	28	83	67	78	95	76	20	75	32	14	9	12	41	
39	83	46	99	50	72	64	51	66	64	75	3	5	68	78	81	55	80	8	20	
21	56	20	5	75	34	76	7	46	36	5	31	6	78	66	19	46	68	54	53	
52	7	74	94	48	58	22	96	74	7	39	29	66	50	85	41	58	93	20	4	
18	67	87	1	76	78	69	62	15	35	14	29	60	60	94	55	30	15	36	82	
28	38	10	16	72	82	5	21	71	96	52	89	33	86	95	14	66	26	51	85	
34	83	14	54	6	55	72	77	34	98	52	56	29	68	48	49	93	29	33	19	
9	23	45	23	76	47	2	25	16	72	14	60	93	8	27	17	32	62	39	30	
58	74	60	53	2	51	52	59	91	52	83	10	82	56	8	29	84	2	100	18	
51	91	80	17	82	21	19	3	87	73	92	21	76	98	80	33	66	49	61	97	
66	66	74	75	29	96	66	12	88	77	26	22	90	95	7	73	84	69	93	39	
58	4	17	65	16	99	7	94	92	95	92	65	75	92	35	58	22	60	55	64	
5	7	80	49	60	5	53	62	76	15	42	3	85	78	11	31	74	83	82	45	
On machine	43
64	54	42	39	52	56	30	64	9	98	27	67	85	74	59	64	21	61	63	44	
8	62	49	24	75	92	59	25	31	55	10	98	48	5	26	65	68	12	84	48	
77	31	72	37	92	73	38	51	34	32	75	82	88	55	18	39	9	69	7	67	
45	63	58	25	74	92	81	43	53	27	17	55	67	24	89	5	97	24	12	68	
26	79	62	30	26	1	61	30	3	2	80	85	47	11	62	60	57	94	64	12	
29	29	66	69	41	85	86	58	32	60	44	35	48	71	2	40	95	84	69	5	
93	7	43	47	9	53	50	73	12	100	96	3	84	83	42	59	44	40	88	89	
82	44	99	62	67	98	72	5	12	85	63	17	78	32	69	83	23	48	84	64	
53	82	94	63	11	98	6	61	36	34	52	80	39	70	42	21	40	86	68	56	
5	6	25	4	56	77	13	4	70	57	25	90	91	37	38	33	50	23	22	16	
16	28	90	4	29	80	52	93	48	23	100	89	70	20	68	28	68	75	24	69	
95	26	39	41	89	55	51	41	14	78	50	3	96	1	24	73	23	38	56	60	
6	31	52	28	57	52	2	47	98	40	73	26	21	21	29	82	38	34	39	18	
32	5	84	26	67	3	93	90	71	28	100	74	52	79	85	72	77	21	2	10	
43	2	55	28	26	31	98	40	18	33	40	99	76	54	67	84	42	78	8	28	
73	87	52	6	95	29	60	46	81	38	27	76	88	24	80	37	54	50	65	26	
53	9	96	77	31	47	5	80	1	32	98	13	44	10	82	77	32	49	10	67	
93	12	19	75	17	1	32	90	44	92	3	8	78	15	90	13	39	81	20	8	
91	27	3	47	2	45	88	58	14	97	49	14	63	72	27	48	38	8	90	1	
71	53	35	45	36	99	29	67	95	40	57	34	60	55	72	5	85	57	30	76	
On machine	44
85	76	78	29	64	25	46	27	37	58	69	66	83	95	66	54	51	97	63	3	
98	3	76	65	73	20	53	76	96	95	81	18	28	90	33	35	100	3	52	15	
38	89	3	33	72	25	63	48	24	79	64	58	28	35	89	66	5	51	72	63	
72	95	70	62	7	84	56	64	69	45	80	92	24	64	78	98	80	5	73	39	
3	93	69	12	45	56	74	76	55	5	24	92	19	15	28	99	86	69	54	77	
35	5	25	79	4	77	88	18	2	8	41	28	93	100	55	61	25	60	18	89	
21	87	52	42	86	73	97	47	34	61	62	32	42	29	49	56	81	23	62	64	
36	57	95	80	10	97	26	90	12	49	71	2	4	82	67	32	98	83	68	17	
51	61	24	29	66	87	64	7	14	92	67	81	43	5	5	68	57	21	31	6	
23	99	21	20	15	80	54	87	33	90	28	45	23	65	41	42	50	95	15	13	
3	15	77	23	15	87	9	35	33	12	85	5	43	21	7	55	86	79	44	64	
25	85	64	4	50	23	91	69	84	100	51	59	33	17	93	66	52	20	60	23	
2	75	54	1	80	44	56	63	17	12	34	88	18	94	69	84	100	69	52	51	
22	74	22	76	61	53	5	79	84	58	26	79	71	96	25	11	4	31	34	86	
27	73	24	66	18	82	29	15	97	93	45	34	27	83	10	43	59	46	17	23	
5	75	19	98	20	72	80	82	72	46	36	10	46	9	5	52	83	52	59	76	
11	61	76	27	40	97	80	31	58	89	32	63	78	88	27	9	7	33	25	49	
56	52	80	91	91	45	37	20	50	52	91	68	28	31	35	99	93	95	22	68	
47	14	77	58	83	98	39	96	92	38	1	71	4	42	82	89	94	70	78	79	
54	59	86	29	73	87	32	12	71	72	63	75	33	19	21	72	47	90	90	47	
On machine	45
58	14	62	98	28	43	10	31	14	6	74	55	96	4	19	22	62	80	93	84	
98	56	31	76	41	60	26	91	5	62	41	78	8	40	86	64	8	86	57	21	
47	40	24	29	5	97	61	81	73	65	10	94	77	50	24	45	44	40	72	73	
28	30	53	44	94	45	69	20	6	28	5	18	30	89	64	85	92	58	30	15	
23	71	44	81	86	96	55	4	6	19	42	33	9	42	24	1	79	100	29	77	
17	37	93	50	17	6	19	72	44	52	34	41	28	84	55	79	37	46	45	41	
42	50	9	30	98	33	28	26	99	11	45	3	66	65	40	44	95	56	51	68	
86	83	1	35	14	10	55	74	78	83	82	72	16	16	36	44	70	67	97	26	
52	92	17	60	54	65	26	71	34	70	38	79	41	63	51	15	62	95	41	39	
93	85	68	87	58	25	69	84	9	20	65	72	70	45	20	99	98	45	44	6	
22	69	34	90	76	73	63	11	19	21	37	66	57	7	65	86	23	39	55	70	
5	52	24	16	27	91	63	55	33	17	73	61	97	63	11	77	71	39	24	14	
35	67	81	35	96	62	9	28	83	65	16	37	70	29	4	53	22	34	41	30	
43	40	7	48	8	52	15	91	34	84	85	33	61	30	95	64	85	12	55	11	
86	94	58	44	4	51	67	9	35	89	48	83	83	43	92	44	27	8	12	89	
1	37	18	95	17	20	92	22	28	83	52	29	93	81	2	44	30	97	93	17	
26	61	83	28	6	82	6	67	58	9	33	34	66	22	63	52	26	72	17	4	
5	47	79	10	43	8	34	75	11	20	85	95	90	56	41	88	58	11	27	28	
41	24	34	60	85	7	16	44	75	50	43	80	19	27	33	87	86	11	46	96	
56	90	78	45	53	82	5	12	38	20	5	72	14	66	95	14	47	24	57	46	
On machine	46
69	58	40	62	60	78	76	87	82	84	88	93	73	7	34	72	79	87	62	24	
8	44	61	84	15	93	19	23	83	54	29	2	26	51	60	62	6	31	21	42	
62	18	39	99	72	81	60	69	39	22	61	52	5	65	28	29	62	20	56	88	
45	73	87	60	11	15	98	78	89	39	11	3	37	23	37	73	22	95	84	22	
50	90	35	53	7	95	67	58	14	28	64	54	94	57	62	56	41	23	19	92	
3	66	12	77	43	84	19	3	91	49	43	88	14	60	35	50	53	22	94	44	
5	85	55	28	26	82	57	77	25	52	98	62	44	7	26	66	68	88	53	78	
51	36	13	28	70	24	56	68	93	64	9	85	83	60	93	94	1	39	88	10	
70	42	83	16	23	39	47	63	38	41	35	30	63	63	97	33	68	82	14	75	
6	39	100	77	15	93	54	83	13	42	27	82	40	77	38	30	35	69	84	32	
62	45	20	98	88	70	79	41	47	9	42	50	27	96	56	90	1	47	49	47	
22	64	50	75	53	85	51	53	15	46	52	61	23	21	55	11	49	94	95	28	
77	37	60	92	23	48	72	67	20	25	36	71	62	96	65	4	68	98	10	97	
34	10	50	47	54	41	89	86	82	77	45	45	86	94	59	97	28	20	96	47	
58	29	85	19	28	27	95	47	67	59	15	55	38	56	20	14	21	83	87	2	
94	11	21	40	22	100	49	22	21	17	95	52	18	48	32	42	80	15	50	52	
33	21	75	63	46	34	92	47	7	85	67	43	4	75	49	34	57	17	47	53	
89	16	59	51	15	54	82	94	87	14	14	14	34	97	18	84	96	20	4	86	
28	78	33	21	29	87	38	10	10	77	69	95	25	3	95	26	6	60	63	85	
34	8	41	44	18	80	76	22	100	49	97	4	49	49	60	2	4	42	18	77	
On machine	47
52	69	16	90	49	75	55	59	46	96	28	26	87	32	61	21	30	55	57	33	
14	30	36	8	17	19	42	37	95	34	14	41	93	97	31	46	81	22	76	62	
57	95	12	16	1	72	16	66	49	94	69	50	63	76	80	29	49	68	58	76	
65	35	1	18	39	26	48	89	80	78	40	72	32	35	69	98	70	24	37	2	
64	20	10	26	89	69	67	39	23	34	88	2	2	2	34	35	88	7	63	76	
8	23	71	31	59	4	62	25	54	62	11	5	5	82	38	93	76	80	47	10	
95	71	73	32	38	71	57	46	45	51	64	37	29	32	84	59	2	18	15	30	
74	97	64	29	97	49	18	94	95	26	56	1	8	5	44	8	74	98	12	74	
37	23	42	84	16	95	97	97	41	67	49	9	60	44	22	57	38	59	100	76	
91	21	57	34	40	43	75	67	54	4	26	40	68	45	5	24	49	99	2	52	
63	98	81	27	91	24	64	25	30	74	36	72	51	35	7	94	58	86	100	2	
13	65	51	18	70	90	32	76	8	29	46	69	96	9	98	5	76	76	4	12	
69	54	91	44	40	41	70	70	65	72	62	89	87	14	33	89	24	7	58	93	
80	94	46	20	91	44	42	42	54	83	26	95	55	92	20	50	81	89	25	52	
96	57	63	93	72	7	5	10	73	37	90	11	75	7	49	8	10	3	7	48	
45	39	76	25	81	30	71	99	75	32	36	65	77	87	55	37	90	45	78	55	
25	55	45	44	68	66	80	50	3	98	63	86	49	70	13	91	87	42	31	58	
28	92	97	75	30	6	54	50	89	58	45	50	51	28	86	19	76	60	54	87	
37	7	15	37	47	93	85	96	53	93	9	74	35	84	33	87	57	4	33	30	
83	28	2	89	56	69	53	70	92	26	98	77	36	15	22	34	4	4	81	45	
On machine	48
80	79	66	53	52	13	79	84	96	46	83	39	92	68	40	85	56	4	2	53	
25	98	92	25	35	18	63	6	3	46	58	93	77	96	21	56	37	49	4	36	
82	77	29	85	70	61	44	43	74	77	55	84	53	55	83	91	92	22	61	48	
60	95	23	45	81	80	9	69	28	12	87	41	6	25	35	13	65	20	71	28	
59	59	74	44	39	75	92	29	66	47	21	27	2	8	26	45	35	16	33	94	
9	7	61	78	59	14	8	40	77	73	4	55	23	43	29	52	12	57	60	30	
4	31	38	94	47	49	86	23	95	71	50	2	41	77	73	49	29	67	68	55	
22	78	3	65	93	26	23	89	41	65	7	10	17	43	22	99	20	14	48	46	
61	33	61	19	7	10	26	66	71	82	81	15	9	74	18	12	53	68	18	73	
80	88	99	67	70	16	79	49	14	27	15	65	20	83	39	11	48	92	37	33	
4	11	97	14	17	27	56	69	88	69	46	2	95	79	55	68	7	9	28	82	
7	57	28	26	91	84	13	55	84	56	69	44	41	32	79	59	40	5	60	44	
63	94	42	96	87	23	76	69	38	76	87	51	3	2	96	47	63	61	1	14	
61	75	42	3	43	35	97	5	87	57	30	70	27	50	15	41	22	45	53	12	
50	78	19	22	23	77	56	22	10	94	21	19	67	100	23	92	18	67	76	80	
22	50	18	37	54	50	40	48	62	13	90	68	19	89	20	95	9	79	20	82	
11	70	78	52	56	19	42	18	82	88	33	38	41	11	38	74	57	99	84	24	
20	16	1	24	77	35	67	90	95	56	3	82	25	26	39	57	29	27	29	73	
1	34	65	61	9	88	26	63	55	28	26	3	58	85	91	41	67	53	48	17	
43	8	74	49	27	83	12	86	41	3	19	26	27	58	92	87	67	59	31	83	
On machine	49
92	7	22	70	16	16	95	30	36	19	85	33	47	19	83	13	54	23	10	59	
4	88	73	35	75	92	9	45	1	84	21	56	37	52	79	81	55	81	27	70	
66	75	87	11	1	48	42	14	35	36	40	85	23	26	98	11	8	96	99	66	
92	6	56	71	34	53	6	71	32	83	64	96	46	99	30	47	60	72	87	88	
17	40	73	48	83	46	60	80	11	46	3	96	33	17	73	59	38	47	29	90	
75	88	1	51	33	60	94	46	59	92	24	61	70	16	65	25	81	96	24	12	
55	29	5	94	96	35	62	71	25	51	40	39	98	71	77	14	16	12	85	54	
34	53	39	10	1	42	42	45	56	81	25	84	75	32	91	61	2	46	61	21	
6	43	54	94	90	8	19	38	91	56	14	3	56	76	34	5	35	41	41	5	
95	78	13	29	27	29	80	41	78	41	93	29	83	98	63	53	30	8	73	21	
59	11	29	98	51	81	91	26	45	28	43	59	45	13	13	1	24	72	12	53	
68	87	57	19	64	84	21	40	44	8	13	23	77	14	84	64	82	88	6	69	
88	53	72	80	94	4	47	73	42	11	60	23	51	34	74	33	3	22	60	67	
28	55	57	30	99	46	69	64	31	51	62	45	60	93	19	34	67	43	58	45	
22	70	6	98	24	99	72	45	77	87	95	52	37	1	30	48	11	27	1	88	
98	39	35	65	56	94	75	4	35	20	48	11	91	80	19	17	82	27	12	10	
53	11	19	55	34	42	52	40	93	19	33	53	7	66	20	67	65	37	2	5	
35	78	87	40	41	27	57	46	58	5	43	55	45	93	92	58	38	27	72	45	
83	6	68	63	65	76	12	44	59	46	90	77	80	53	53	39	92	5	96	84	
21	87	49	38	20	62	53	26	17	90	17	76	84	31	25	44	24	65	42	88	
On machine	50
94	90	62	23	67	89	71	70	34	66	87	100	57	13	22	82	1	13	46	48	
57	73	18	74	63	23	45	4	95	79	38	80	68	40	65	50	93	100	82	46	
94	23	38	71	71	28	23	86	89	84	34	54	51	71	52	82	38	98	19	78	
90	11	69	66	67	13	88	55	29	69	92	81	93	13	15	62	34	97	18	7	
25	50	97	12	11	54	50	3	46	82	53	53	2	69	11	12	85	74	13	29	
32	78	41	55	5	77	88	13	54	98	61	61	41	73	99	7	72	56	60	46	
83	73	80	52	46	14	21	96	44	34	24	25	23	10	72	73	57	20	11	36	
7	97	86	62	43	99	62	77	37	80	97	32	36	100	10	42	14	23	47	6	
77	27	53	92	58	54	69	7	75	75	77	95	87	40	36	57	84	99	20	66	
27	75	19	76	29	33	62	41	9	32	15	65	8	15	99	63	80	23	4	31	
77	78	90	80	60	90	97	79	99	12	90	39	38	86	58	17	80	51	44	61	
85	7	49	2	40	83	69	21	6	3	44	86	3	86	94	56	1	87	30	52	
1	62	36	7	52	37	65	82	48	89	47	75	41	45	99	87	24	10	14	39	
50	95	35	49	32	97	82	92	67	55	15	54	67	73	15	10	58	12	60	8	
88	8	98	28	66	48	75	39	97	31	26	67	64	93	10	14	13	71	7	3	
40	26	33	37	71	95	52	51	25	22	33	55	49	1	18	38	81	52	56	60	
77	6	78	29	61	7	40	29	6	93	49	32	23	92	43	88	89	17	89	86	
5	13	62	71	99	49	97	83	99	42	25	39	24	95	82	34	12	77	30	13	
22	65	72	98	88	81	8	54	90	40	21	72	24	73	10	15	96	25	92	66	
63	82	100	74	71	96	42	56	82	70	34	44	36	33	61	96	9	5	11	75	
Reldue
-1	2376	-1	-1
-1	2408	-1	-1
-1	2228	-1	-1
-1	3034	-1	-1
-1	2160	-1	-1
-1	2529	-1	-1
-1	2143	-1	-1
-1	1877	-1	-1
-1	2558	-1	-1
-1	1861	-1	-1
-1	1612	-1	-1
-1	2117	-1	-1
-1	1615	-1	-1
-1	1508	-1	-1
-1	1993	-1	-1
-1	2729	-1	-1
-1	1532	-1	-1
-1	1753	-1	-1
-1	2507	-1	-1
-1	2515	-1	-1
