Families	20
Machines	10
MaxSetupTime	100

Number of Jobs in each Family
9	3	1	2	7	6	6	9	9	1	2	2	5	10	4	10	2	2	1	2	

Jobs in each Family
0	1	2	3	4	5	6	7	8	
9	10	11	
12	
13	14	
15	16	17	18	19	20	21	
22	23	24	25	26	27	
28	29	30	31	32	33	
34	35	36	37	38	39	40	41	42	
43	44	45	46	47	48	49	50	51	
52	
53	54	
55	56	
57	58	59	60	61	
62	63	64	65	66	67	68	69	70	71	
72	73	74	75	
76	77	78	79	80	81	82	83	84	85	
86	87	
88	89	
90	
91	92	

Total number of jobs
93

Processing times of jobs
1	2	4	4	10	1	1	1	3	7	
3	3	8	9	10	9	1	3	5	2	
10	2	10	3	5	6	8	9	3	3	
7	7	3	7	8	1	2	5	3	5	
7	8	7	3	4	3	9	10	2	2	
4	7	5	7	10	5	1	10	7	4	
10	8	9	10	1	10	7	4	9	9	
9	9	10	6	9	1	4	8	6	9	
4	5	4	10	4	9	9	1	9	4	
6	10	5	5	8	3	8	3	2	1	
8	7	8	6	1	1	1	8	2	10	
5	9	3	9	10	8	1	9	1	1	
10	10	10	5	3	9	9	9	6	1	
3	5	3	9	10	1	10	1	1	2	
8	2	2	1	7	5	1	4	5	3	
8	2	7	1	10	2	10	9	7	6	
7	5	5	4	6	7	10	10	8	3	
10	6	2	8	7	8	3	9	10	5	
4	10	8	5	7	3	3	1	10	5	
5	3	1	10	3	5	6	8	10	9	
7	1	9	10	10	4	2	3	8	2	
10	2	10	5	3	10	7	7	9	5	
6	9	2	1	9	2	6	1	5	5	
3	5	1	2	5	9	9	10	6	4	
7	10	5	1	3	10	5	2	2	6	
10	5	6	6	9	1	3	1	4	9	
1	10	8	8	8	8	9	8	2	7	
1	4	9	7	6	9	9	5	9	6	
6	7	4	10	9	8	8	6	3	8	
10	7	9	2	3	6	2	10	5	9	
8	10	4	3	2	4	7	2	6	10	
9	6	1	1	9	2	9	4	9	1	
7	9	4	4	2	5	2	3	9	6	
4	3	1	9	3	5	1	9	10	3	
6	9	1	8	8	1	6	1	6	8	
9	8	8	9	3	6	9	7	2	7	
10	6	3	8	8	7	10	10	2	8	
3	4	4	4	5	10	6	6	8	4	
9	3	7	7	9	7	8	2	9	3	
10	9	10	5	9	8	7	2	10	4	
2	9	8	1	4	3	9	4	5	7	
8	3	10	3	7	9	1	4	10	10	
7	5	7	6	1	10	2	3	6	10	
3	7	7	2	10	5	7	5	6	8	
1	7	2	8	7	3	1	3	4	7	
3	10	10	10	1	2	8	10	1	4	
9	7	9	10	7	10	6	6	4	5	
1	4	7	10	5	5	1	5	4	6	
5	7	5	4	9	4	10	2	4	8	
10	5	3	9	2	3	5	4	1	4	
5	1	2	6	1	8	8	2	1	6	
1	4	6	4	7	9	4	1	6	3	
4	9	7	5	8	4	1	4	1	3	
5	5	2	10	3	9	2	6	4	10	
5	1	2	4	1	7	6	3	2	2	
9	1	6	4	6	4	7	4	4	10	
7	4	4	2	4	6	1	8	7	9	
2	3	2	4	5	1	7	4	5	3	
8	6	9	5	9	4	7	10	10	4	
10	7	10	9	3	5	2	1	7	9	
8	9	6	2	4	7	2	3	7	7	
3	10	8	6	5	8	8	2	7	4	
5	7	1	7	4	9	9	8	9	1	
5	7	6	6	8	9	7	7	8	3	
1	3	5	10	7	5	3	8	9	9	
1	7	9	3	8	6	6	10	2	8	
3	4	10	7	1	7	10	7	8	5	
8	4	1	5	1	2	1	2	6	8	
3	8	2	4	8	4	10	9	9	9	
7	10	9	2	8	6	7	4	8	9	
1	7	8	7	1	6	10	10	8	7	
7	5	5	2	7	5	3	3	9	6	
6	3	7	3	4	1	8	2	3	6	
9	6	9	4	4	8	1	3	4	4	
9	8	2	8	10	6	2	7	6	10	
7	8	8	6	10	10	10	10	3	9	
2	6	3	10	9	3	9	3	7	4	
6	10	9	5	1	8	5	7	3	7	
7	6	5	10	4	7	2	4	1	6	
1	1	1	7	2	3	3	10	9	3	
8	8	4	10	5	7	5	9	3	10	
1	5	2	7	5	1	7	4	2	7	
10	1	6	1	7	8	6	8	8	4	
1	2	8	10	1	5	9	7	1	4	
1	2	9	7	3	6	9	9	5	7	
2	5	3	1	4	4	10	8	6	1	
1	2	8	7	7	8	1	8	3	7	
9	10	10	1	6	8	2	2	9	4	
4	9	8	4	2	9	4	6	7	2	
3	5	8	3	7	10	9	6	6	6	
4	2	4	8	10	1	4	5	4	2	
4	3	10	9	5	3	5	7	3	3	
6	10	1	6	5	1	6	4	2	5	

Stepup times between family, where [f][f] represents initial setup time
On machine	1
38	47	49	57	7	26	20	89	66	81	13	61	29	81	86	94	6	71	10	87	
81	37	80	11	23	80	18	84	66	68	80	19	63	71	79	34	100	46	25	99	
100	38	17	45	5	72	72	39	54	97	77	53	12	28	73	98	91	53	100	33	
88	82	66	83	66	1	92	71	21	29	70	63	72	45	61	73	33	75	86	99	
38	7	88	60	20	86	50	55	10	81	91	84	93	2	32	74	35	28	85	79	
10	27	30	96	35	80	9	97	97	44	33	27	62	57	36	48	24	13	64	19	
23	36	82	53	68	23	98	47	47	42	48	86	76	33	16	46	80	48	85	83	
44	51	7	50	49	4	87	32	80	36	9	78	86	66	13	46	55	100	84	69	
80	89	59	45	55	76	72	95	24	24	56	64	47	31	23	31	19	82	69	18	
86	90	33	7	52	19	41	62	8	89	59	28	64	96	80	20	10	91	79	51	
40	38	97	81	45	54	73	85	3	69	99	30	10	94	34	80	2	27	76	90	
70	41	52	76	52	54	23	2	25	63	99	30	81	5	82	3	59	86	8	57	
16	98	17	65	43	65	83	1	13	7	70	19	45	3	17	61	7	4	40	82	
88	3	99	60	8	79	79	100	44	5	84	41	36	39	53	36	31	8	65	15	
64	24	39	16	60	37	84	48	45	40	13	67	4	87	52	32	35	16	83	78	
3	30	4	72	68	54	45	25	57	84	25	56	94	48	45	78	25	16	8	50	
11	55	79	29	46	29	95	59	57	84	8	38	81	19	2	35	32	22	63	31	
49	10	38	24	57	18	27	97	89	25	51	43	2	81	26	28	30	19	87	75	
85	19	47	18	36	32	14	63	32	56	37	45	12	100	71	49	96	59	96	19	
18	26	57	18	46	18	98	48	69	51	95	18	13	41	88	75	30	64	28	12	
On machine	2
99	87	61	7	87	8	55	78	24	5	37	4	35	69	20	78	81	27	91	28	
55	5	6	91	64	35	46	54	88	13	52	15	18	54	15	9	54	80	75	97	
59	81	21	53	45	97	64	73	56	83	34	37	32	69	32	61	15	70	75	88	
71	98	69	98	29	7	33	66	88	58	74	37	75	28	17	76	48	70	6	11	
7	85	90	39	48	85	67	68	12	6	40	62	6	9	7	40	55	36	49	2	
31	38	97	67	20	40	44	51	2	86	79	52	4	52	5	86	60	34	76	46	
60	50	24	28	80	52	64	91	71	57	95	45	35	63	42	53	99	17	23	98	
62	71	7	61	19	35	99	8	14	86	97	97	50	8	85	3	60	77	36	91	
42	43	74	88	38	35	5	95	30	57	34	89	47	51	7	57	41	58	69	58	
64	30	79	42	48	68	96	47	64	41	55	4	15	37	52	81	76	1	49	22	
52	70	25	28	88	80	48	98	73	42	20	12	99	64	6	87	87	71	2	74	
89	67	54	4	38	91	47	11	45	47	58	15	7	41	54	33	75	65	51	15	
81	59	80	44	49	94	89	40	7	65	58	42	75	32	47	87	90	38	12	53	
12	86	91	22	59	54	87	38	29	85	71	24	80	43	82	97	38	34	73	28	
46	49	90	13	2	25	84	66	92	22	46	43	9	9	39	38	7	16	40	27	
6	59	98	45	54	16	60	60	48	33	29	89	19	87	61	78	17	17	20	25	
80	83	72	44	94	27	58	33	77	41	68	100	15	15	100	48	97	64	8	4	
46	66	81	87	41	33	49	31	58	88	84	2	65	25	61	97	85	66	84	95	
6	34	97	39	24	10	85	95	63	68	18	90	80	68	33	46	72	15	76	90	
42	82	60	91	94	79	79	62	34	95	60	49	32	14	32	78	83	99	55	20	
On machine	3
26	44	87	91	75	10	41	17	55	30	46	38	97	67	18	8	92	4	72	54	
59	2	53	86	73	73	99	98	70	49	25	66	32	98	71	47	75	96	25	84	
40	18	16	81	28	75	28	27	41	25	48	28	31	34	86	78	92	64	90	6	
4	26	55	32	36	95	41	4	83	93	93	6	48	18	42	20	86	73	28	59	
9	81	35	33	97	21	73	52	28	64	46	83	4	47	81	85	25	14	51	69	
100	23	57	91	26	55	22	64	52	59	33	90	89	44	31	100	60	28	39	56	
86	40	89	37	48	84	83	42	28	11	70	85	16	63	44	36	17	99	39	91	
48	22	90	60	82	89	92	23	27	16	25	85	17	71	21	97	48	23	58	51	
18	60	69	40	78	35	10	25	67	3	51	59	28	51	19	60	58	79	72	41	
67	16	20	22	82	5	49	4	48	45	83	96	54	9	61	36	100	65	8	74	
68	39	10	69	65	64	57	2	46	32	59	45	9	63	75	13	65	53	66	60	
29	78	95	19	43	57	54	47	12	68	68	69	60	88	65	69	41	42	16	92	
29	94	71	87	50	26	70	34	61	80	97	19	5	10	90	94	74	89	8	54	
94	86	45	43	48	97	26	46	64	57	53	5	32	53	40	79	71	67	25	60	
92	82	9	42	14	48	71	30	59	6	19	74	32	66	55	83	83	80	68	37	
25	27	83	7	100	87	66	74	95	13	38	86	6	50	80	90	83	27	39	25	
61	81	65	100	97	50	8	97	29	84	77	27	85	79	50	21	44	38	14	72	
75	38	54	68	30	12	68	97	17	77	38	73	5	92	24	45	6	75	24	89	
69	48	78	2	71	49	9	48	82	69	98	77	98	38	80	20	66	77	41	72	
38	31	83	57	28	52	18	92	3	8	61	92	47	20	14	43	98	18	56	31	
On machine	4
83	35	9	14	19	24	52	30	75	25	24	9	21	55	19	39	96	53	40	49	
17	52	55	83	4	83	59	43	64	37	75	18	7	74	29	66	33	1	35	87	
22	40	74	93	8	51	6	3	78	4	82	10	57	21	86	65	80	31	73	77	
71	3	52	54	68	7	48	72	13	28	79	34	67	44	6	3	35	29	36	97	
29	98	27	2	90	77	16	17	81	83	32	44	52	37	84	81	56	55	3	49	
5	96	46	55	29	94	75	84	52	54	61	81	82	2	62	20	71	97	18	52	
40	37	33	24	8	66	85	25	23	58	9	80	79	64	5	33	62	95	76	43	
96	23	21	25	78	61	66	2	25	24	35	67	50	40	61	85	85	49	2	45	
90	89	65	66	36	47	84	77	34	73	5	42	43	58	20	49	41	42	62	53	
38	69	9	88	56	25	94	87	34	90	18	45	63	28	1	89	6	9	19	22	
94	37	17	44	57	43	2	11	49	44	86	1	10	80	100	79	78	17	12	78	
26	27	71	76	32	36	38	59	74	25	5	43	93	18	96	83	66	7	87	90	
70	64	84	14	34	32	83	62	91	59	45	76	32	29	48	8	89	58	9	6	
32	10	96	74	64	26	56	83	66	73	6	40	68	64	88	62	6	85	62	8	
69	8	36	25	74	79	70	37	91	96	1	10	62	81	17	72	52	11	18	21	
79	71	51	97	83	16	21	78	42	95	94	22	81	34	74	15	12	100	42	76	
32	26	85	73	72	34	82	93	62	75	78	44	67	34	16	8	66	26	66	17	
59	63	86	95	84	72	3	85	70	77	66	41	58	55	57	59	17	16	49	43	
49	53	16	31	82	13	72	76	77	92	87	24	79	94	97	5	62	91	66	62	
5	37	3	56	64	77	77	77	100	31	33	58	100	48	24	92	41	61	8	24	
On machine	5
97	24	93	48	95	30	36	76	68	26	77	14	4	94	88	86	91	50	98	69	
42	74	37	40	84	52	42	62	13	66	47	75	65	31	89	2	28	70	92	96	
13	25	57	68	93	64	19	5	65	82	52	49	83	23	61	21	8	28	46	94	
91	21	70	5	95	53	53	12	39	84	6	47	78	6	53	92	82	76	94	42	
82	96	75	43	58	1	42	50	1	14	42	10	24	8	10	92	6	61	35	68	
63	28	91	84	16	48	40	17	35	16	38	95	18	4	5	3	78	27	96	49	
10	89	19	91	16	42	79	82	33	7	6	22	27	48	81	9	95	91	34	29	
24	65	99	98	66	98	17	24	72	60	18	28	99	74	41	90	90	81	99	97	
99	27	61	7	73	5	53	26	66	42	86	21	54	24	18	49	48	42	68	91	
76	38	55	89	81	86	23	70	16	21	99	92	72	5	39	44	94	43	39	24	
16	68	22	70	68	28	57	85	28	46	7	5	74	49	2	70	34	32	92	84	
15	5	94	59	83	82	31	61	53	83	40	57	53	11	86	24	77	47	74	82	
71	63	66	46	89	55	96	9	55	96	60	20	99	36	72	91	34	94	16	25	
61	39	89	39	4	28	57	73	76	85	74	10	82	11	78	35	50	83	97	26	
20	10	11	53	76	40	79	30	59	51	36	49	16	77	78	50	17	29	87	90	
15	31	90	96	49	43	88	51	57	84	58	3	44	13	64	15	23	55	42	40	
18	63	42	71	76	87	41	19	27	82	41	28	31	15	56	75	23	78	38	44	
5	38	38	89	57	86	62	64	83	9	41	55	47	58	53	12	91	26	70	51	
33	73	67	84	26	30	7	22	88	94	84	11	91	27	3	5	72	22	89	81	
22	86	25	56	100	53	34	88	3	41	93	57	93	41	50	25	72	60	69	26	
On machine	6
70	94	32	38	17	45	48	46	35	31	74	94	16	54	21	73	53	3	4	52	
94	10	86	92	8	85	49	81	99	41	84	81	17	16	44	23	95	79	52	96	
24	4	83	45	81	18	20	19	83	18	8	68	16	98	69	87	47	96	89	69	
93	33	17	82	90	6	85	77	57	95	24	30	17	66	14	37	67	70	34	7	
67	92	85	44	12	56	48	86	31	21	26	77	18	12	44	82	91	6	43	89	
78	99	93	25	39	2	34	25	47	73	96	86	40	89	81	81	90	76	9	99	
88	27	25	66	96	64	19	59	80	42	51	97	60	43	47	32	59	85	51	89	
71	82	48	53	60	40	41	24	11	61	5	17	10	65	14	81	3	59	100	31	
41	98	32	54	85	51	84	61	45	74	78	20	66	44	73	59	12	61	71	3	
5	16	87	65	24	1	100	54	14	79	5	80	82	71	75	45	90	27	95	47	
3	43	24	92	37	91	5	44	51	78	5	32	24	34	43	8	38	33	69	63	
20	43	3	39	5	3	20	53	35	7	16	6	46	21	41	78	35	23	14	89	
52	39	67	81	46	16	43	71	22	74	36	21	43	40	27	82	55	76	17	83	
94	66	64	59	77	23	25	9	48	8	90	64	64	8	16	56	91	20	3	64	
98	97	81	61	83	53	31	92	79	20	53	53	71	81	26	57	82	14	71	50	
38	86	54	49	55	93	98	66	55	4	33	7	73	27	43	1	63	75	36	44	
47	57	42	49	16	40	58	29	33	22	5	89	45	24	82	6	34	9	32	32	
88	36	7	7	27	19	17	83	53	62	65	62	64	12	52	4	88	15	51	3	
37	41	57	98	100	17	13	95	60	49	27	11	24	11	93	28	70	33	51	20	
16	50	49	85	98	65	18	79	21	90	96	38	14	39	5	41	34	97	43	44	
On machine	7
64	7	96	90	56	96	19	90	18	96	42	78	76	25	17	100	80	57	12	50	
16	73	15	60	16	89	11	6	59	15	1	81	97	76	32	86	72	50	42	59	
84	37	97	33	73	81	61	68	97	85	84	84	37	20	20	90	44	76	48	6	
27	35	58	40	96	33	56	24	15	25	50	77	69	28	65	36	42	4	38	44	
49	31	23	22	63	1	56	52	98	62	46	29	12	20	35	25	33	58	21	14	
79	22	37	38	85	62	21	4	48	29	73	38	85	84	52	100	28	56	20	90	
33	66	41	54	26	51	58	6	91	48	37	29	65	95	47	61	9	15	76	35	
19	99	64	71	46	57	4	40	83	82	13	52	65	73	85	50	20	86	38	29	
50	68	45	43	53	100	6	86	89	2	7	81	12	84	2	9	53	49	1	35	
36	93	85	96	49	98	86	14	46	39	67	100	2	9	14	65	54	35	21	11	
40	25	59	46	57	67	60	74	94	82	24	80	57	29	5	99	87	96	12	61	
66	98	81	45	70	29	100	30	7	96	44	48	72	38	49	76	48	70	80	5	
72	37	36	4	65	69	77	5	83	36	43	100	18	34	95	45	57	48	79	99	
4	99	13	9	43	90	25	94	68	81	8	99	87	99	37	92	18	67	46	30	
64	66	47	90	35	82	41	61	15	52	9	31	8	71	24	1	20	6	36	51	
9	54	14	62	9	67	96	17	75	9	64	31	36	98	85	30	96	66	76	24	
30	16	34	34	32	33	15	14	18	83	9	54	79	58	55	12	22	6	56	90	
28	80	17	40	78	9	8	31	70	56	50	21	82	30	17	72	67	60	73	6	
10	4	59	17	96	75	74	92	63	24	88	61	35	30	26	4	96	51	14	62	
5	27	31	40	76	72	91	58	15	21	59	38	62	71	77	30	5	40	44	57	
On machine	8
6	98	70	5	17	99	55	92	94	83	29	66	34	24	47	54	2	8	35	61	
85	86	15	33	60	8	41	82	31	19	72	86	42	27	63	24	66	19	26	92	
34	70	57	46	35	76	50	70	95	47	5	76	89	87	63	69	36	26	2	73	
38	7	78	5	87	8	39	69	63	46	20	59	3	24	35	85	78	62	77	15	
44	5	81	42	63	70	89	43	69	13	57	40	8	61	15	74	61	82	6	97	
39	78	64	75	54	47	76	29	8	33	43	78	90	18	95	45	29	7	71	47	
42	20	31	15	85	29	58	29	81	37	10	46	45	30	67	8	21	27	95	64	
11	56	11	44	51	93	72	34	20	25	90	97	19	35	1	27	67	1	57	32	
59	16	10	73	11	21	30	26	5	82	50	28	52	82	26	11	83	5	41	94	
42	78	4	25	7	85	72	82	75	95	85	62	20	8	8	91	84	86	74	16	
6	95	26	36	63	92	80	18	78	55	79	68	11	45	62	56	87	3	58	31	
30	78	80	78	23	54	56	81	62	27	59	66	92	89	64	80	77	89	32	54	
73	17	44	46	38	68	4	21	90	62	1	97	75	55	47	18	15	45	17	14	
44	82	70	8	58	34	14	56	98	80	91	49	77	6	18	43	17	71	18	22	
40	44	85	13	13	86	30	36	44	100	24	99	53	31	36	24	69	8	8	87	
87	76	87	97	87	21	50	66	84	72	44	15	29	30	43	87	8	67	99	88	
48	99	60	44	56	38	71	43	65	43	42	90	51	6	59	10	30	63	82	99	
49	73	49	69	7	33	41	48	75	70	26	48	82	57	21	38	27	87	10	3	
86	87	48	93	35	87	38	26	90	70	56	49	17	4	32	58	56	66	100	87	
81	53	9	3	13	16	42	6	21	85	66	22	7	67	49	85	5	22	22	9	
On machine	9
29	33	72	77	7	81	43	98	28	50	11	78	60	18	56	9	32	72	65	56	
56	11	65	9	84	49	1	98	86	30	87	28	80	65	95	65	82	64	66	76	
11	91	69	12	16	67	18	33	95	71	1	58	70	39	33	93	33	83	87	10	
93	26	4	68	21	78	87	85	51	95	22	57	7	94	83	85	50	44	16	76	
45	48	43	72	85	88	91	72	5	40	8	98	63	73	28	35	68	40	61	52	
90	9	6	22	87	64	7	10	57	79	60	96	71	2	36	10	29	43	80	50	
13	85	38	28	59	67	63	97	81	53	94	6	94	82	45	94	3	40	19	3	
20	83	60	13	79	58	89	26	66	16	57	51	90	61	23	2	8	20	51	21	
65	43	63	91	25	57	71	74	23	6	16	5	46	59	59	60	68	37	40	15	
87	45	93	89	28	7	42	57	55	94	49	65	21	40	8	87	1	29	72	32	
2	98	24	20	30	98	67	67	41	83	90	46	44	100	58	30	88	13	46	12	
39	28	86	37	34	16	30	94	14	19	55	24	11	40	92	55	92	72	16	77	
25	92	74	69	56	86	23	58	16	60	1	100	51	33	93	36	99	1	8	99	
72	19	67	14	97	41	66	80	3	99	90	70	39	17	93	63	45	92	88	64	
98	95	75	53	100	65	97	37	36	75	76	30	57	59	12	97	36	89	36	12	
77	89	41	85	68	80	37	52	79	38	68	81	59	91	67	5	64	79	47	8	
71	48	23	10	57	36	35	92	56	79	26	74	53	42	68	13	32	88	52	48	
28	12	90	15	49	86	30	4	75	53	73	1	61	70	91	58	10	65	94	71	
41	74	9	81	1	50	12	69	69	87	87	2	82	74	13	35	96	22	66	25	
42	48	16	7	24	88	12	47	77	73	75	70	62	29	6	66	21	94	87	84	
On machine	10
45	38	32	23	80	79	76	5	88	5	33	7	96	91	59	12	2	21	8	29	
80	50	5	31	9	20	79	64	12	34	25	88	33	36	89	97	46	46	5	50	
42	74	32	91	33	42	96	91	83	26	26	45	17	60	68	44	63	44	76	88	
84	98	88	60	63	64	72	13	18	43	32	51	25	61	38	2	46	72	18	1	
43	97	79	34	57	34	78	75	33	21	18	75	36	80	17	77	2	35	41	61	
50	12	27	57	78	38	16	38	21	32	20	20	20	15	12	56	83	91	76	65	
48	93	83	93	20	31	97	21	97	83	19	93	19	90	67	41	92	82	83	74	
24	75	36	70	75	87	85	75	84	42	16	2	94	23	6	89	83	73	11	43	
94	92	98	40	65	2	10	8	93	2	21	41	27	86	48	10	5	46	69	83	
88	6	68	68	3	55	90	54	84	13	91	17	62	20	80	65	88	36	46	68	
30	88	33	68	77	60	78	23	86	20	15	94	70	60	56	3	90	32	39	85	
45	3	17	51	83	42	2	63	90	89	49	52	88	39	69	83	35	31	49	58	
14	86	80	21	73	49	53	60	30	29	80	37	96	11	61	35	34	76	63	54	
24	44	42	6	89	18	84	43	25	77	58	90	12	76	63	98	93	34	93	8	
20	22	50	49	2	58	13	84	72	50	78	99	41	40	23	48	1	81	87	92	
51	71	69	34	59	30	2	100	71	16	28	26	37	90	29	76	54	40	9	100	
5	95	20	50	14	36	90	22	68	17	70	54	52	31	1	34	39	77	74	66	
65	16	90	67	94	65	37	6	84	39	100	3	43	6	32	28	22	50	40	13	
66	84	70	96	6	66	53	42	54	13	6	58	58	12	15	36	88	10	61	16	
78	15	41	16	73	43	72	76	72	74	75	72	65	80	75	4	32	37	66	58	
Reldue
-1	957	-1	-1
-1	1579	-1	-1
-1	1900	-1	-1
-1	2205	-1	-1
-1	2701	-1	-1
-1	518	-1	-1
-1	2416	-1	-1
-1	1223	-1	-1
-1	1902	-1	-1
-1	2245	-1	-1
-1	1292	-1	-1
-1	2029	-1	-1
-1	2562	-1	-1
-1	2992	-1	-1
-1	2522	-1	-1
-1	2748	-1	-1
-1	2762	-1	-1
-1	640	-1	-1
-1	2364	-1	-1
-1	2386	-1	-1
