Families	40
Machines	10
MaxSetupTime	100

Number of Jobs in each Family
10	4	1	3	7	2	7	1	2	3	1	3	9	8	6	3	9	7	3	3	5	8	8	4	2	1	4	9	9	9	9	9	4	8	10	7	10	4	3	5	

Jobs in each Family
0	1	2	3	4	5	6	7	8	9	
10	11	12	13	
14	
15	16	17	
18	19	20	21	22	23	24	
25	26	
27	28	29	30	31	32	33	
34	
35	36	
37	38	39	
40	
41	42	43	
44	45	46	47	48	49	50	51	52	
53	54	55	56	57	58	59	60	
61	62	63	64	65	66	
67	68	69	
70	71	72	73	74	75	76	77	78	
79	80	81	82	83	84	85	
86	87	88	
89	90	91	
92	93	94	95	96	
97	98	99	100	101	102	103	104	
105	106	107	108	109	110	111	112	
113	114	115	116	
117	118	
119	
120	121	122	123	
124	125	126	127	128	129	130	131	132	
133	134	135	136	137	138	139	140	141	
142	143	144	145	146	147	148	149	150	
151	152	153	154	155	156	157	158	159	
160	161	162	163	164	165	166	167	168	
169	170	171	172	
173	174	175	176	177	178	179	180	
181	182	183	184	185	186	187	188	189	190	
191	192	193	194	195	196	197	
198	199	200	201	202	203	204	205	206	207	
208	209	210	211	
212	213	214	
215	216	217	218	219	

Total number of jobs
220

Processing times of jobs
4	6	4	1	1	10	10	1	4	1	
7	10	8	3	1	7	7	6	5	3	
9	10	8	2	5	9	7	7	5	1	
6	9	8	2	1	2	7	5	6	5	
6	1	8	2	5	3	2	5	4	3	
3	7	4	8	5	8	9	1	7	10	
8	1	9	10	9	1	1	9	8	9	
10	8	8	1	3	5	6	6	9	5	
2	9	5	9	1	10	1	7	3	7	
7	7	2	5	1	9	6	8	8	6	
2	9	5	10	9	4	2	7	9	10	
1	6	4	9	6	4	10	3	2	6	
3	1	10	9	9	2	2	4	2	1	
8	3	8	6	1	5	2	6	8	6	
8	1	5	2	8	7	7	8	4	6	
9	3	10	6	3	2	5	8	6	2	
4	5	3	8	1	2	4	5	4	1	
2	2	7	7	4	5	4	9	4	7	
2	7	3	7	6	4	6	6	3	5	
2	2	8	8	1	1	6	3	7	5	
2	3	4	1	1	10	7	3	7	5	
2	4	8	10	4	7	10	5	7	2	
9	9	9	4	4	5	8	9	2	2	
4	4	4	4	2	10	3	1	4	8	
7	2	5	9	4	6	2	4	8	1	
3	4	4	1	1	5	5	1	10	8	
7	4	5	7	7	5	4	10	5	8	
8	8	6	3	1	9	1	2	10	6	
2	7	8	5	1	8	3	3	10	4	
8	1	4	10	4	6	5	5	10	4	
4	8	6	6	8	6	10	3	5	8	
10	5	4	9	7	10	4	3	3	6	
8	10	1	2	1	9	6	5	5	5	
3	8	9	1	3	8	2	10	10	7	
3	3	1	1	3	5	6	4	7	5	
5	2	4	9	9	9	10	2	2	6	
10	2	6	9	9	8	4	2	1	5	
8	7	8	8	6	2	5	5	8	1	
1	7	3	8	2	6	7	2	4	7	
10	6	3	8	7	2	4	8	7	7	
9	1	8	3	1	3	5	8	8	4	
10	1	1	10	9	2	10	7	3	1	
2	10	10	3	8	6	3	2	1	6	
10	6	2	2	6	7	3	10	7	7	
9	6	7	4	1	1	7	4	2	1	
2	10	9	2	6	7	1	1	10	1	
1	8	6	2	5	4	6	5	4	1	
1	4	2	8	7	10	8	3	7	8	
8	6	2	10	6	3	10	4	4	7	
7	7	8	2	6	10	4	8	2	5	
7	7	10	8	8	5	10	2	9	8	
6	1	8	6	5	8	4	3	4	4	
9	7	3	6	4	2	3	3	7	1	
7	1	9	2	9	4	8	4	7	8	
4	10	2	10	10	10	10	7	7	6	
8	5	3	5	7	4	10	4	7	1	
8	10	7	6	9	2	9	2	9	8	
5	3	7	4	3	8	10	7	3	6	
9	1	10	9	2	2	3	7	3	4	
7	2	2	7	1	5	5	6	5	5	
6	5	9	1	2	4	9	8	5	3	
4	3	10	10	4	9	4	7	7	3	
4	7	7	9	8	8	1	4	1	8	
2	9	8	9	2	4	7	6	8	10	
2	2	9	2	4	3	1	7	7	3	
6	3	4	2	2	9	9	6	7	8	
4	4	4	9	6	6	4	10	7	1	
2	5	6	10	7	10	10	8	3	6	
8	8	3	9	10	3	3	7	5	6	
4	4	6	7	6	2	10	7	5	3	
2	2	7	5	8	2	4	9	2	6	
3	4	10	3	9	10	8	3	8	1	
10	1	8	8	8	9	3	5	5	3	
6	7	2	5	4	7	9	10	5	1	
8	6	9	2	5	5	8	4	8	6	
9	8	5	5	6	9	1	3	10	1	
2	10	6	6	1	8	2	2	10	6	
4	3	1	6	7	3	6	5	2	2	
7	4	8	4	9	2	6	3	6	9	
8	10	9	8	4	1	2	9	9	1	
5	6	4	5	4	4	6	10	1	2	
2	5	10	4	10	8	9	8	8	1	
8	1	7	9	10	8	8	10	2	7	
8	2	3	6	6	1	6	8	3	4	
7	4	6	3	5	9	5	2	9	8	
8	8	2	9	2	4	7	5	7	3	
9	5	4	7	6	9	3	6	1	4	
1	10	7	10	7	1	9	7	2	6	
5	5	9	4	3	2	1	4	3	7	
4	5	9	5	10	4	7	2	5	2	
5	7	8	3	2	7	9	4	6	5	
1	9	1	8	1	4	3	9	7	9	
5	6	3	8	4	7	1	1	3	9	
6	2	2	4	2	1	7	8	7	10	
3	1	9	7	9	1	10	2	9	5	
6	4	2	1	7	5	5	1	9	6	
10	3	10	10	4	2	5	10	3	6	
8	8	1	7	7	9	10	2	5	1	
5	2	1	10	9	3	2	10	7	7	
3	7	5	6	3	4	9	6	4	3	
5	9	7	4	8	1	2	9	8	6	
1	3	1	1	5	5	3	5	4	8	
4	7	5	4	6	5	9	7	3	1	
7	1	4	9	3	4	2	6	8	2	
2	9	6	7	9	6	5	2	1	7	
6	5	6	6	7	5	6	9	4	2	
6	9	8	7	8	6	1	4	5	7	
3	7	8	2	8	3	6	10	8	4	
10	10	5	6	3	10	6	6	4	2	
4	7	7	10	2	5	2	8	4	2	
8	3	7	8	1	5	8	2	4	6	
6	10	10	8	6	9	4	7	3	5	
10	8	5	1	10	7	10	7	5	2	
1	2	6	3	3	2	1	2	4	2	
10	7	5	4	10	6	5	10	9	9	
9	6	2	4	4	7	6	7	2	4	
4	10	1	5	3	4	3	7	6	4	
5	10	5	10	2	7	7	8	6	1	
5	3	3	5	3	5	7	4	1	5	
4	5	10	4	3	5	6	8	6	6	
5	2	10	7	7	5	8	10	5	7	
1	8	10	7	10	4	8	2	2	2	
2	7	4	9	2	2	10	10	10	5	
4	5	5	9	5	10	6	8	7	9	
8	5	1	9	10	4	9	3	2	6	
8	8	10	1	6	3	7	3	6	9	
8	7	8	2	9	7	4	1	5	4	
8	6	6	1	4	10	6	10	6	3	
6	10	6	10	1	2	4	10	5	3	
3	1	10	9	5	5	3	4	4	10	
7	1	2	5	4	6	7	6	6	2	
4	3	2	6	2	5	1	4	5	6	
10	8	10	10	8	10	2	4	10	6	
2	3	8	2	3	7	10	5	9	2	
1	3	5	10	6	8	8	1	5	2	
7	10	2	7	4	4	4	10	9	9	
1	10	10	1	7	10	5	9	4	9	
9	1	8	3	3	1	7	3	10	1	
5	10	4	9	4	6	10	8	2	10	
7	5	2	10	4	2	5	7	9	2	
2	1	7	10	4	6	3	3	8	8	
8	3	9	6	5	9	4	5	5	1	
5	6	3	4	6	6	5	10	10	10	
4	2	6	9	4	7	4	7	4	3	
5	1	1	5	7	1	5	9	3	9	
3	7	5	3	2	7	5	3	7	6	
2	6	10	4	8	9	1	8	6	3	
6	1	5	5	7	6	1	1	4	4	
10	9	2	1	2	9	4	8	7	10	
10	3	4	4	3	3	6	9	2	10	
5	1	2	7	8	7	9	5	7	9	
9	1	7	8	6	5	4	5	7	2	
7	10	3	4	8	8	7	6	6	2	
7	4	8	6	7	4	10	1	5	10	
10	2	9	4	2	1	2	2	7	1	
7	2	7	1	5	10	8	2	7	2	
9	2	3	5	3	6	10	3	3	9	
9	9	3	9	3	2	9	7	6	7	
6	4	8	1	3	8	2	9	1	10	
4	2	9	3	9	6	2	1	7	1	
3	10	6	9	2	9	9	4	7	3	
6	1	10	9	2	9	2	10	5	4	
1	5	5	5	3	6	4	5	5	3	
4	6	2	10	2	2	8	2	1	4	
6	8	3	4	1	9	4	10	8	7	
7	6	6	2	9	3	4	5	4	7	
9	5	6	2	1	9	8	7	8	10	
7	9	5	6	5	1	6	1	9	3	
7	1	6	3	8	4	8	4	5	8	
8	9	6	4	8	8	5	3	7	5	
4	4	2	7	7	9	4	9	8	1	
4	3	4	3	1	9	8	1	4	5	
2	3	6	5	1	9	10	8	1	6	
1	9	1	3	8	8	2	6	3	10	
10	3	1	10	5	6	9	5	3	6	
10	4	4	2	4	8	5	10	10	3	
8	3	8	8	5	3	6	7	8	5	
5	4	4	1	2	6	10	8	7	10	
3	7	2	4	8	9	3	9	8	3	
6	5	2	9	6	2	3	2	7	10	
1	9	10	2	4	5	10	10	5	8	
8	10	7	1	10	10	1	10	5	5	
6	10	6	3	7	3	4	9	7	7	
10	2	5	2	2	1	5	6	2	6	
8	9	9	2	3	1	4	9	4	3	
2	2	6	7	2	7	9	3	8	5	
10	8	4	5	10	3	6	2	7	9	
4	1	9	7	2	8	9	3	3	4	
7	1	3	9	4	1	1	5	7	4	
7	4	10	5	1	1	7	7	9	8	
6	5	6	1	9	3	6	10	9	5	
1	4	2	8	1	2	6	10	5	5	
9	10	8	3	10	2	9	8	10	9	
5	10	5	1	3	3	5	4	5	5	
3	3	1	9	10	6	5	6	9	7	
7	3	10	1	5	7	1	7	6	4	
7	5	8	8	10	10	3	7	9	5	
8	2	4	1	4	9	7	8	6	4	
3	4	1	5	3	4	7	2	8	10	
9	9	10	6	10	7	9	6	1	2	
4	1	6	10	2	9	10	4	1	10	
9	10	8	5	10	2	1	9	10	5	
4	8	4	6	1	8	5	8	5	7	
7	10	10	3	6	5	2	4	3	9	
5	10	5	7	8	10	7	1	2	1	
7	8	1	10	4	8	2	3	1	8	
6	7	7	6	5	2	2	4	8	9	
1	7	4	2	8	6	10	5	6	2	
5	8	4	7	4	8	8	6	10	8	
8	7	8	5	1	5	1	5	8	6	
9	3	2	8	9	5	3	4	8	1	
6	4	10	3	7	1	1	2	5	6	
10	2	6	4	6	2	7	8	7	2	
3	2	8	10	7	4	8	9	10	6	
7	2	5	1	2	2	10	7	10	4	
4	2	8	9	4	1	2	2	7	8	
7	5	8	2	1	5	7	1	9	3	
7	8	6	5	3	8	5	6	4	1	
5	8	5	9	10	10	8	3	10	7	
7	4	5	7	2	6	1	1	6	10	

Stepup times between family, where [f][f] represents initial setup time
On machine	1
14	21	28	20	94	97	62	80	25	63	97	72	90	29	5	31	47	19	64	41	88	72	78	86	100	93	14	3	82	66	74	79	39	29	87	3	27	19	3	96	
98	3	79	70	94	43	79	81	12	80	76	82	65	63	89	18	81	97	10	74	100	26	93	75	91	15	60	80	100	52	2	34	17	40	39	15	63	45	58	42	
5	19	18	59	56	19	62	43	99	73	71	64	64	5	99	78	56	29	96	36	68	32	55	9	55	76	9	7	22	28	82	10	95	62	42	75	57	4	16	18	
57	3	9	81	5	90	63	5	74	28	11	72	100	71	64	27	66	14	14	13	96	43	30	66	95	50	36	19	72	61	59	28	99	64	53	53	17	92	40	86	
49	32	39	17	46	32	30	52	41	8	75	83	7	66	35	75	13	8	68	32	45	82	73	7	74	31	33	26	8	13	5	33	79	14	81	80	51	2	85	8	
58	96	51	70	52	68	60	31	88	10	63	72	79	51	12	13	59	97	100	87	88	41	87	60	21	38	29	43	28	84	64	71	75	16	67	30	6	4	30	89	
27	85	7	1	20	4	66	72	20	81	99	42	22	65	30	36	1	39	8	75	7	36	37	56	23	26	51	95	56	77	66	74	53	94	94	67	92	88	100	59	
20	95	81	88	9	75	23	4	79	35	50	1	95	82	89	13	66	41	72	57	31	22	15	69	13	42	74	48	6	87	95	49	31	18	58	22	32	48	35	99	
45	75	30	58	79	88	19	95	25	25	1	83	51	65	81	3	56	91	81	2	56	46	83	98	22	3	55	37	59	65	87	56	45	12	26	50	82	41	13	58	
25	53	71	22	16	45	46	15	40	92	8	54	47	58	25	28	76	56	35	88	33	9	32	60	29	79	43	67	4	61	17	84	65	19	84	53	37	6	78	72	
45	84	30	21	77	15	77	90	13	94	31	9	27	18	73	2	2	100	36	13	71	100	37	56	51	90	45	72	73	54	48	2	97	36	25	90	91	40	56	36	
77	81	19	74	70	10	37	57	58	5	15	27	97	81	15	87	3	42	18	81	9	10	96	55	50	15	83	74	19	17	13	63	65	64	68	66	70	22	90	8	
76	2	1	95	8	90	86	53	42	95	64	89	7	46	19	73	5	20	22	84	94	11	88	40	18	41	85	24	34	48	38	37	13	63	48	26	30	94	74	71	
70	66	21	10	53	7	80	44	70	68	50	60	36	53	46	10	86	32	1	56	15	45	17	67	8	67	31	33	21	73	10	15	70	67	42	80	24	18	66	78	
66	65	41	7	25	47	78	27	15	43	12	78	70	43	23	97	20	47	72	40	25	40	62	35	17	76	55	84	33	80	29	37	54	56	44	94	56	96	72	15	
10	48	27	18	52	23	41	71	90	49	25	51	20	39	45	44	72	90	68	24	92	25	96	44	29	2	47	44	89	15	7	98	38	63	63	59	16	67	64	49	
60	7	84	82	29	80	7	83	24	2	70	93	3	91	64	69	86	50	28	11	37	21	99	79	43	89	39	28	95	72	18	59	33	29	67	54	34	30	94	5	
30	4	70	77	39	42	89	93	14	51	71	45	55	19	2	2	32	89	29	39	52	31	9	30	59	53	51	52	21	61	55	28	37	53	97	49	29	99	65	38	
73	62	82	50	41	39	81	18	78	10	19	64	68	81	78	54	19	41	46	7	88	49	73	27	40	80	89	97	58	86	50	28	69	31	59	53	32	87	34	10	
58	39	90	34	42	54	2	26	7	27	46	29	37	64	78	17	79	43	74	36	13	85	28	12	22	88	38	33	71	43	78	22	57	4	25	49	50	69	93	20	
76	20	38	12	26	52	85	21	32	2	54	85	60	44	53	89	86	42	98	79	70	59	49	66	73	9	27	32	90	14	18	89	73	30	45	43	4	70	26	39	
31	25	41	18	10	87	89	52	68	65	45	37	15	68	20	40	32	12	7	42	48	11	53	45	87	82	4	78	79	78	14	11	72	48	51	84	35	74	52	100	
70	99	15	18	31	59	47	62	1	24	88	36	75	40	6	20	51	41	77	89	90	54	81	70	37	72	91	42	94	100	60	58	56	34	54	13	72	68	20	32	
20	42	72	77	77	35	6	82	31	89	60	31	42	50	70	33	98	92	79	99	26	84	80	6	33	75	12	38	54	1	29	90	53	5	90	44	58	8	66	69	
23	1	65	80	38	71	99	88	17	67	35	85	2	97	57	91	90	77	80	53	54	43	90	3	83	24	86	47	28	14	75	27	70	85	93	4	81	13	7	50	
36	33	34	58	9	30	94	90	60	42	100	66	5	81	65	23	21	31	70	22	42	8	86	68	25	26	91	20	14	56	41	78	1	92	67	57	95	62	15	50	
83	11	82	15	25	86	53	87	77	67	94	80	14	66	13	33	79	7	4	86	67	76	83	77	32	90	35	79	72	6	83	62	48	58	5	14	89	13	74	57	
42	21	70	20	44	47	11	51	30	27	37	14	88	31	67	95	92	39	59	87	12	47	15	88	63	15	34	33	54	46	87	100	67	27	37	88	83	75	21	78	
9	2	8	50	11	55	4	34	58	38	8	5	70	56	37	36	39	52	46	12	90	18	43	66	6	70	97	30	34	4	15	67	38	45	23	39	12	64	33	54	
54	75	74	44	52	78	41	45	55	86	38	27	45	88	68	33	48	48	84	64	17	7	30	94	87	64	67	21	32	21	27	100	12	90	46	43	30	66	30	38	
50	9	80	24	50	59	73	53	71	58	60	24	67	21	87	46	27	65	31	73	79	55	92	89	87	20	97	82	77	22	74	83	46	48	93	71	46	81	82	97	
59	68	33	26	35	20	68	85	92	66	22	78	71	79	98	100	35	98	39	90	84	26	23	67	100	23	61	81	51	79	14	85	62	88	61	98	9	82	69	53	
31	5	42	45	26	9	91	47	90	58	48	96	50	32	83	80	76	2	95	78	67	61	79	96	2	83	45	39	68	94	16	88	60	11	31	11	39	48	35	64	
15	10	60	5	9	54	35	66	37	38	77	78	89	45	15	48	81	17	63	73	18	76	41	60	42	59	16	84	18	58	3	65	36	69	64	61	90	19	12	53	
37	46	64	46	33	18	76	47	84	72	2	71	21	35	37	74	11	83	27	76	33	1	18	98	98	37	83	59	59	10	8	11	56	40	9	90	54	59	64	96	
47	79	40	78	42	5	57	21	55	95	73	96	82	27	60	57	27	87	87	47	52	5	29	53	49	84	90	7	21	2	89	80	33	43	68	46	23	70	18	19	
67	64	22	13	23	79	50	44	37	70	29	14	12	55	82	2	18	2	30	45	10	93	48	46	66	17	28	82	18	69	96	1	48	18	16	35	26	64	82	67	
43	51	43	76	72	29	36	23	35	54	90	67	41	7	22	19	24	71	37	49	80	55	58	22	74	97	79	47	25	9	78	39	96	51	46	40	66	20	20	92	
35	76	56	34	77	4	47	4	87	28	73	92	98	48	71	45	81	12	99	81	63	13	45	90	48	70	72	63	1	55	38	100	91	65	87	28	84	3	71	20	
56	80	50	66	67	48	77	85	75	43	40	20	15	96	37	29	69	34	99	75	91	77	67	43	59	61	51	57	54	46	59	86	20	82	63	92	48	92	96	90	
On machine	2
86	57	31	20	74	80	86	43	98	4	31	94	90	46	90	54	83	28	26	85	65	77	97	75	79	9	52	38	75	89	25	62	51	99	75	53	76	89	15	62	
34	62	91	66	60	66	40	59	5	51	77	67	77	14	4	71	86	6	34	23	50	57	49	5	36	79	21	59	27	49	15	40	6	4	35	65	5	99	37	64	
70	55	6	16	80	59	7	25	96	86	95	89	86	44	62	92	46	72	88	60	22	5	94	30	91	29	28	69	34	55	98	73	17	79	35	29	69	15	40	61	
58	71	82	5	15	12	8	67	12	17	22	32	9	22	36	18	1	32	49	77	23	71	16	64	66	1	47	11	17	17	48	85	86	90	34	94	69	60	96	71	
6	26	8	45	39	84	83	74	73	37	47	4	95	76	30	29	20	90	20	100	87	99	46	91	44	5	11	70	37	65	55	41	36	78	33	30	86	93	48	49	
61	24	77	84	2	13	70	14	85	50	53	67	77	85	85	25	90	43	48	16	95	84	66	73	12	6	89	68	42	62	1	92	1	65	31	48	70	68	96	91	
10	63	47	44	24	15	33	7	85	47	100	3	51	58	31	43	58	8	84	35	62	55	20	95	21	2	94	3	44	11	24	74	58	41	75	81	54	58	48	52	
13	11	94	24	91	90	41	56	61	90	13	97	21	32	24	12	22	64	40	78	50	31	63	43	36	76	97	55	73	78	46	18	6	80	29	39	83	84	47	54	
8	2	6	31	82	88	71	4	32	60	55	56	34	2	63	23	96	41	18	91	62	85	14	34	15	55	77	57	41	26	13	77	59	95	17	43	32	79	29	55	
60	18	97	50	38	35	6	27	90	29	80	47	41	50	19	93	64	69	3	23	85	85	27	66	73	17	70	25	18	98	47	61	93	80	21	56	23	45	11	82	
34	11	63	84	12	17	23	49	87	15	58	37	59	95	81	48	13	56	45	33	53	85	69	13	49	77	29	29	83	17	4	94	45	99	12	57	15	57	12	32	
6	87	31	71	33	78	43	10	45	87	20	72	18	70	45	91	36	65	80	10	88	1	78	73	21	65	81	84	71	47	61	73	26	66	95	72	74	73	32	57	
84	95	11	73	76	61	32	38	62	26	40	15	46	16	76	34	82	11	89	91	18	77	39	30	26	91	52	41	35	15	38	53	11	42	20	17	29	13	70	3	
66	47	87	19	47	62	95	7	90	28	80	55	27	77	84	43	87	22	56	86	44	88	66	71	60	65	58	31	74	47	13	76	86	52	63	70	29	20	3	68	
6	6	38	73	15	75	6	93	45	93	14	61	35	72	96	94	52	88	43	77	4	66	13	7	57	1	16	37	92	63	80	95	38	36	77	20	12	71	50	26	
76	27	13	65	61	62	14	35	4	91	21	45	80	12	94	67	30	34	18	81	33	43	26	46	34	57	80	56	74	64	52	52	28	45	27	78	11	59	27	13	
85	48	5	96	2	58	45	43	48	59	97	67	4	39	18	68	15	13	77	88	83	70	73	43	56	45	46	82	84	66	83	68	61	32	73	7	45	8	72	58	
49	18	53	49	55	84	48	70	92	62	22	72	90	45	4	40	68	31	34	41	47	36	56	26	97	14	86	6	44	40	6	24	76	1	26	54	65	78	59	69	
82	64	49	2	40	38	77	87	33	9	27	23	36	43	50	68	89	49	2	94	82	86	96	48	93	43	12	56	96	30	100	7	87	58	98	62	7	59	20	19	
3	100	31	4	44	22	38	21	90	33	57	65	57	65	3	18	37	25	62	87	63	59	75	33	29	62	95	27	54	34	94	13	62	60	59	12	69	22	77	56	
73	30	80	79	91	61	78	70	31	94	18	27	56	15	57	48	95	4	20	2	25	46	34	97	93	23	95	27	76	86	18	4	40	96	26	45	54	4	57	74	
98	13	10	67	78	84	16	33	72	29	96	10	82	2	72	44	98	53	37	33	33	12	94	11	72	56	43	36	63	33	99	21	30	3	26	74	63	9	67	88	
19	82	73	18	20	79	70	79	27	33	89	34	69	41	68	51	55	88	8	6	48	99	99	52	27	58	17	2	78	6	48	9	40	55	96	73	93	80	71	10	
49	2	91	20	88	83	53	16	39	27	55	51	69	85	54	96	35	92	49	89	7	97	65	30	43	81	89	57	41	91	97	81	69	19	46	56	25	29	14	61	
71	60	8	55	19	30	15	2	61	46	9	6	31	15	74	55	18	19	53	10	90	19	69	57	8	50	53	27	14	5	22	22	24	87	9	42	68	35	26	71	
72	92	2	39	89	13	14	16	72	60	12	25	89	60	3	46	1	88	55	97	55	2	21	69	69	31	4	31	40	53	12	57	13	84	40	58	5	25	60	4	
86	14	81	66	68	28	71	42	90	82	60	59	26	26	81	61	26	50	25	73	87	81	43	3	16	61	93	52	86	85	34	86	95	31	5	46	18	52	91	96	
33	83	17	49	94	70	44	25	23	99	12	70	51	62	46	100	42	1	79	95	64	100	63	31	99	66	47	16	57	94	33	11	3	78	80	65	84	99	12	22	
4	99	92	79	18	41	13	12	69	94	3	53	80	43	85	85	84	24	6	12	94	25	40	32	76	50	74	66	32	83	2	91	97	63	32	40	63	19	56	94	
19	14	16	5	9	68	95	65	52	99	12	48	64	27	57	8	63	48	29	50	94	20	78	29	10	66	40	45	97	39	46	12	26	52	100	4	34	74	72	45	
62	62	27	67	90	21	72	81	73	33	15	6	97	20	16	40	52	87	82	44	91	90	68	23	87	15	75	55	100	17	19	19	12	62	5	7	20	9	29	85	
42	39	84	62	52	12	73	39	50	71	8	22	73	7	5	8	96	44	14	49	40	68	30	53	47	25	68	44	85	74	95	83	24	22	85	27	23	32	52	30	
36	89	82	49	46	70	14	9	97	4	85	22	78	96	97	55	94	95	49	7	50	34	74	100	56	52	55	10	9	41	87	28	73	22	16	48	34	76	41	39	
79	34	69	3	47	66	18	89	5	98	30	68	61	32	46	93	25	24	2	21	51	19	16	53	25	95	1	99	81	81	34	36	46	32	80	63	66	25	87	65	
17	54	82	24	23	69	51	37	78	87	46	12	7	83	13	26	38	69	93	98	34	47	60	46	93	25	91	69	15	88	58	67	6	51	48	82	100	30	76	70	
8	87	22	94	97	6	74	65	28	7	44	76	40	5	16	54	76	89	21	13	5	93	65	56	39	44	31	25	95	69	43	48	97	78	33	88	4	26	40	80	
59	67	77	82	33	17	16	12	74	21	59	4	39	53	97	71	88	14	73	84	62	10	24	15	83	90	3	80	60	67	47	17	20	91	83	30	14	24	51	32	
38	48	33	63	37	61	13	20	15	16	61	53	99	30	53	71	9	24	33	64	3	14	87	95	87	14	27	78	19	28	3	75	51	57	27	1	44	16	4	2	
33	52	78	22	89	68	71	49	53	29	32	66	42	41	30	56	96	23	3	65	12	60	84	39	16	42	8	95	72	32	77	85	20	82	51	73	42	84	76	13	
82	67	86	32	12	48	83	69	93	36	68	20	6	59	85	14	84	20	8	12	75	67	60	58	98	84	92	21	7	34	63	27	96	78	31	79	63	93	15	55	
On machine	3
65	46	72	73	1	55	30	46	79	100	49	43	60	66	30	78	24	2	69	62	85	27	1	79	43	72	76	38	97	71	67	4	78	61	49	1	66	64	3	83	
85	16	96	49	83	20	35	91	53	70	59	30	81	57	31	99	68	78	89	30	19	94	89	11	48	40	79	84	21	70	41	35	95	23	83	23	57	47	75	6	
57	72	1	99	54	35	89	28	47	67	89	6	62	35	97	28	49	57	88	36	68	29	10	30	98	10	52	80	93	53	23	40	11	9	84	54	57	9	84	71	
59	46	91	55	92	95	90	98	79	20	49	75	52	66	57	79	98	20	95	56	58	5	56	35	37	49	71	49	55	94	27	9	42	98	22	98	99	9	65	13	
5	53	10	95	53	78	48	67	47	78	88	63	65	35	78	9	82	25	19	18	76	85	5	28	89	39	48	37	35	96	29	51	42	21	20	17	41	13	1	91	
93	75	10	21	38	21	91	7	10	88	45	2	63	63	60	54	37	80	64	87	52	84	53	37	97	60	77	90	11	8	55	25	82	93	41	18	33	95	16	6	
27	54	98	54	32	81	38	83	20	61	44	54	43	91	65	57	88	89	98	79	19	4	47	53	45	10	60	99	3	32	28	87	94	78	72	21	81	94	100	98	
29	14	49	71	42	33	1	15	60	94	79	60	25	69	59	91	88	96	90	64	69	99	61	71	33	96	31	75	87	57	10	18	46	46	90	52	26	94	68	78	
71	63	84	39	10	92	36	30	95	64	85	9	38	20	19	80	52	50	13	39	67	3	54	72	63	69	32	89	44	50	6	60	82	77	16	25	85	58	46	74	
54	1	61	27	31	73	32	56	24	28	65	10	14	3	7	87	81	18	90	75	73	40	28	31	42	86	45	23	26	99	71	35	65	9	86	31	51	85	75	32	
54	22	63	70	32	64	75	95	31	19	22	43	11	18	41	42	33	9	95	22	93	65	7	76	4	98	85	78	15	71	45	36	47	40	62	80	58	34	19	84	
38	31	85	40	49	13	27	28	38	17	60	75	6	25	6	87	33	97	24	10	44	58	89	79	19	70	50	78	93	69	30	5	77	16	89	1	56	91	73	91	
64	20	41	33	31	58	75	51	4	60	64	23	94	78	61	12	84	45	54	98	5	26	15	71	99	42	3	94	57	70	65	98	10	69	5	10	79	88	8	18	
40	9	41	38	1	20	78	73	93	80	97	94	12	46	12	10	62	68	60	94	53	59	62	97	36	37	36	72	62	54	36	24	45	9	3	63	33	85	91	59	
95	93	74	46	7	98	71	90	89	29	5	41	17	11	91	97	8	5	85	72	25	51	53	10	9	33	47	70	78	46	15	48	85	92	72	12	57	22	58	79	
3	19	18	5	13	37	8	7	37	26	52	83	84	19	78	20	56	57	74	97	54	9	75	96	43	14	66	100	25	64	96	21	49	53	40	51	79	37	86	42	
10	80	97	95	27	76	96	3	3	82	51	12	76	77	73	44	72	27	74	93	28	9	60	4	19	12	23	32	12	63	26	77	41	84	83	78	77	59	54	33	
99	94	72	92	47	2	14	42	100	94	4	100	60	43	39	61	59	48	47	11	90	62	51	68	40	2	46	34	63	65	4	89	79	8	70	90	41	67	12	52	
61	86	38	58	22	28	15	27	3	14	88	87	41	14	28	27	31	93	82	83	7	86	92	33	66	36	82	45	83	61	64	7	33	41	49	49	15	70	100	52	
62	16	18	69	73	89	67	10	28	30	100	40	85	45	87	76	19	10	28	83	15	51	99	86	41	51	70	77	6	71	76	21	25	13	77	27	93	45	62	83	
95	70	6	49	42	40	6	79	1	38	37	32	96	10	77	33	77	32	79	42	44	92	85	30	14	4	42	18	15	67	9	91	31	77	13	28	64	63	33	35	
16	76	2	56	64	40	91	82	66	15	82	69	9	92	67	4	87	11	69	71	97	56	35	80	60	10	9	11	36	44	74	63	91	11	17	30	94	93	64	32	
31	80	53	26	17	21	78	85	32	2	49	60	90	97	91	77	55	1	20	33	56	84	94	51	31	46	2	66	75	77	23	15	99	7	38	49	51	28	4	31	
93	37	60	40	68	63	44	69	87	28	55	79	69	32	29	41	92	58	100	8	32	76	22	9	5	1	41	38	73	45	17	97	87	22	53	100	66	80	51	13	
30	92	57	29	86	24	71	89	16	53	43	46	59	82	10	6	81	51	88	66	22	94	82	31	56	78	45	62	17	98	64	79	85	31	29	51	16	11	14	36	
44	42	12	14	40	13	21	40	26	32	5	18	64	96	42	70	82	36	58	67	75	5	33	25	84	53	78	51	33	95	43	46	14	57	99	80	10	51	24	21	
50	60	54	82	11	43	91	12	28	36	66	57	10	7	34	79	15	42	21	86	73	18	21	17	35	61	18	3	84	27	78	21	15	4	47	68	20	61	27	84	
78	9	10	6	15	85	56	2	54	79	38	2	12	60	40	85	39	52	34	80	50	77	1	76	85	98	36	15	21	3	60	41	92	41	68	91	70	72	89	57	
78	22	69	69	70	68	31	82	4	71	30	51	78	94	44	87	99	100	4	46	56	70	9	26	67	33	8	82	32	96	21	67	49	51	18	76	9	9	47	74	
54	10	6	85	66	66	63	43	2	35	5	7	51	49	2	53	100	70	45	65	63	47	7	34	63	22	44	20	23	68	15	83	64	45	91	43	64	12	95	74	
23	54	36	44	1	45	63	63	92	98	36	84	48	85	47	57	87	13	94	82	76	66	27	12	71	58	92	32	58	6	97	47	65	97	39	42	51	29	24	88	
13	17	54	61	78	88	27	29	11	4	27	17	64	44	97	2	87	57	20	67	69	68	68	91	19	91	19	26	49	38	44	82	71	38	94	76	85	48	78	97	
10	91	90	86	50	93	75	58	96	57	88	32	61	15	48	70	75	23	15	45	20	79	76	80	46	48	25	95	85	22	25	99	6	51	5	67	58	93	14	48	
1	35	44	59	17	75	49	19	66	78	47	41	46	78	47	81	85	34	41	50	86	88	17	62	54	24	87	66	83	35	60	59	81	55	49	98	27	13	92	56	
91	57	74	35	71	41	28	2	64	59	71	48	2	34	95	21	45	61	30	79	50	36	79	6	53	91	30	11	73	67	3	26	99	88	11	41	42	100	71	2	
73	70	6	53	28	6	38	44	4	63	64	39	83	61	34	75	74	24	9	50	53	14	53	23	43	90	92	15	49	17	89	36	85	53	16	52	97	22	20	99	
50	89	89	43	55	100	64	40	71	67	8	55	15	50	62	46	32	34	37	97	40	35	85	37	5	39	90	57	42	90	5	23	92	78	91	42	13	89	91	78	
11	92	87	39	91	84	33	92	32	8	33	5	88	49	90	12	19	14	15	79	21	29	83	79	52	80	92	1	49	69	5	47	8	56	38	1	100	46	67	29	
61	70	24	16	72	49	25	71	36	55	48	95	13	84	99	47	20	52	53	43	20	6	8	2	60	78	56	76	53	35	11	78	19	12	12	25	5	47	80	99	
95	56	98	31	91	59	45	89	30	67	77	52	96	42	88	24	12	74	60	76	95	21	1	99	66	99	82	28	43	10	25	95	66	91	36	18	11	21	23	26	
On machine	4
14	48	66	97	13	51	29	89	27	46	33	21	12	64	16	10	81	45	69	72	25	32	66	93	16	22	81	25	69	6	2	23	39	82	92	3	33	19	89	22	
13	63	98	70	45	83	6	97	8	32	49	72	18	29	82	71	98	38	14	32	48	100	40	79	76	73	95	70	44	81	21	90	75	85	86	31	46	41	60	20	
10	28	77	38	3	12	41	20	17	54	91	44	89	36	26	77	86	76	40	24	49	64	39	51	76	51	12	77	40	33	38	58	21	15	62	78	77	85	96	82	
20	91	44	35	91	69	14	36	98	4	85	31	30	79	22	21	33	49	38	8	48	74	44	51	97	86	48	25	64	74	17	55	48	48	14	71	19	89	6	5	
9	49	90	84	48	13	49	50	68	64	50	37	11	20	29	59	24	56	36	25	4	59	62	75	20	37	97	13	34	15	64	14	93	18	68	32	52	29	23	82	
40	63	44	31	77	34	94	59	87	21	25	28	39	65	10	19	91	20	45	87	75	14	45	40	78	31	18	82	14	58	43	40	32	25	20	90	11	68	83	84	
96	49	5	77	95	64	56	58	10	53	100	34	44	24	66	71	74	22	90	67	25	29	76	42	58	40	50	86	93	66	11	70	24	83	48	12	82	60	79	52	
71	75	31	29	31	75	87	44	76	79	23	35	13	82	7	59	50	43	97	84	83	40	3	98	86	58	57	60	64	2	28	99	80	58	44	50	42	92	71	38	
1	24	91	40	100	64	67	68	34	34	4	29	12	75	95	17	43	40	39	94	41	58	16	60	21	40	12	11	15	18	39	98	6	45	66	93	63	3	57	5	
3	39	80	78	85	44	36	74	24	100	25	10	24	91	100	36	62	66	67	58	73	81	29	86	18	87	38	34	62	48	18	84	17	36	78	44	50	54	90	20	
61	81	89	29	72	6	49	21	12	60	96	67	61	16	21	59	55	92	8	2	17	65	1	99	90	93	73	51	51	47	40	39	81	28	93	69	21	33	81	85	
76	58	45	64	36	78	95	98	25	12	96	93	70	43	10	56	51	40	22	63	8	8	49	78	61	42	97	75	49	51	54	98	19	29	38	93	27	44	1	21	
14	97	36	28	42	44	12	78	37	20	20	32	57	54	82	38	5	70	33	29	61	4	52	76	3	98	83	69	97	97	6	18	9	22	60	38	90	38	76	69	
27	10	77	96	46	25	27	67	80	7	71	25	87	36	57	43	54	64	15	65	13	12	14	74	96	48	7	11	98	84	8	71	42	70	67	46	90	50	94	21	
28	22	25	42	17	65	77	71	11	41	17	13	91	30	29	13	69	65	64	5	86	78	40	30	27	85	95	60	72	84	52	1	68	29	96	93	66	13	98	31	
18	48	19	63	19	49	64	75	75	63	13	77	82	2	86	24	39	28	63	7	62	20	52	79	44	66	47	48	54	29	44	78	14	31	42	17	64	20	91	64	
31	5	97	62	14	20	77	50	22	20	34	81	44	18	63	4	6	100	88	18	84	42	62	50	34	36	37	29	51	50	30	56	29	43	51	33	100	15	90	84	
26	45	91	54	81	48	6	40	80	81	48	90	49	8	22	98	9	67	44	1	67	99	39	89	28	33	92	97	94	23	19	45	47	64	21	53	73	82	13	94	
81	11	97	42	50	52	94	91	19	84	93	57	70	60	52	4	45	64	51	72	5	88	18	18	22	45	60	35	60	37	36	96	60	6	63	6	55	50	63	66	
54	31	25	48	71	19	69	28	96	90	5	90	78	4	8	95	78	27	45	17	65	74	26	28	59	14	53	42	42	34	81	38	46	57	8	76	52	50	13	82	
76	14	12	3	54	45	87	10	14	65	16	3	22	63	95	77	53	33	64	52	85	31	69	17	67	96	49	65	53	59	58	94	84	53	85	3	62	33	45	77	
7	91	59	17	80	8	46	76	67	82	55	48	14	92	36	15	43	70	18	46	34	76	84	91	64	88	58	50	50	41	100	1	29	94	77	30	2	1	11	5	
91	75	59	12	62	98	53	77	42	65	7	95	59	38	31	62	75	9	69	35	73	71	19	27	81	92	59	29	5	28	95	62	45	30	67	46	88	53	59	8	
10	87	3	68	54	17	98	13	53	17	52	90	89	46	15	55	82	19	11	75	56	62	6	58	56	25	73	52	83	78	28	40	66	88	38	28	28	81	56	45	
20	77	61	12	83	80	11	85	14	11	38	48	75	64	38	91	54	36	10	79	64	5	51	28	86	62	97	98	93	100	66	100	26	44	53	26	56	37	78	61	
91	22	92	38	32	95	46	41	69	72	96	57	90	70	30	80	3	40	55	44	73	79	94	52	94	24	22	84	97	33	43	32	56	1	51	39	91	55	18	89	
3	16	50	83	32	90	37	53	50	45	44	70	26	11	85	29	59	67	50	91	61	48	84	79	16	100	37	80	100	58	77	7	99	87	58	67	93	47	57	54	
3	90	49	11	86	14	81	9	5	40	31	22	18	15	53	70	64	47	72	33	18	58	67	91	73	13	30	96	49	95	68	10	28	71	42	72	8	26	54	13	
37	33	63	88	89	11	100	50	60	62	81	10	47	93	25	60	11	21	23	84	97	73	29	48	21	89	70	53	5	70	67	45	94	28	55	51	38	57	76	74	
11	10	36	60	99	47	80	47	5	77	9	58	71	12	74	70	19	10	75	28	24	93	47	48	75	69	74	48	23	19	96	9	24	53	100	30	32	53	35	33	
52	47	63	14	90	92	87	41	64	7	77	20	19	43	84	57	21	84	31	49	100	81	78	93	85	29	19	69	22	36	20	9	85	76	27	24	20	56	70	44	
84	37	85	6	38	39	30	24	7	62	27	2	21	5	64	65	92	35	30	95	16	49	29	1	91	94	33	44	70	17	27	44	78	88	35	3	53	92	35	72	
18	76	71	64	58	31	35	80	17	81	6	83	11	94	22	20	90	36	44	56	53	31	5	88	67	19	89	79	95	76	28	76	90	100	45	32	95	91	61	14	
43	2	61	30	53	31	74	39	95	71	17	14	54	68	37	42	62	58	53	51	75	63	14	65	47	1	74	98	89	73	99	96	47	82	94	31	72	27	51	37	
11	60	11	28	9	40	90	88	19	68	84	56	72	41	81	70	29	22	42	76	63	45	22	26	10	41	15	10	84	9	24	80	96	81	66	37	100	87	62	71	
73	38	49	40	91	66	42	23	87	39	61	30	55	28	33	28	62	60	49	13	2	50	95	19	16	44	16	7	52	93	67	38	55	26	36	21	85	60	36	31	
55	96	28	98	28	70	88	51	44	52	1	41	9	43	60	41	14	93	9	72	76	97	46	42	19	83	47	56	31	51	88	3	10	24	28	92	37	13	42	62	
66	32	12	78	60	23	75	25	21	66	45	48	46	89	73	29	61	43	33	85	50	65	69	74	82	84	87	66	18	33	97	3	37	47	92	39	84	20	77	7	
51	16	7	59	12	44	57	22	84	20	9	23	43	95	39	92	52	73	99	65	97	24	31	8	96	15	53	39	92	3	57	16	84	55	50	33	43	92	31	89	
59	7	87	32	96	65	29	16	22	43	72	74	26	92	83	55	15	44	14	19	93	33	34	68	75	86	35	56	26	88	6	86	54	10	64	24	95	7	88	15	
On machine	5
55	31	100	26	98	21	11	25	96	83	60	9	64	45	96	25	84	41	78	64	84	95	25	28	1	36	6	33	81	17	40	57	16	57	49	83	79	60	19	12	
60	38	27	35	10	45	72	77	69	67	50	68	77	86	86	19	97	86	28	26	69	20	5	61	10	15	41	64	12	84	68	53	31	25	1	69	43	82	98	60	
96	96	48	42	29	30	29	57	4	4	2	24	60	62	83	78	34	45	80	64	11	46	43	70	41	41	30	99	12	98	42	55	90	40	10	1	63	37	47	99	
53	54	21	42	50	49	2	67	92	74	45	29	65	74	60	28	99	27	46	68	95	77	57	51	30	41	82	24	31	11	47	25	92	26	43	71	56	79	46	94	
63	61	62	3	89	100	49	25	20	38	41	53	8	41	88	14	54	33	10	35	6	63	27	15	97	59	73	54	17	18	12	21	96	8	2	65	2	7	15	82	
93	34	45	74	44	67	1	84	96	2	7	10	56	89	87	25	27	56	95	38	95	20	48	33	33	51	32	15	33	91	8	46	29	86	23	90	59	70	58	35	
46	3	20	43	29	29	35	4	64	97	59	71	58	73	68	52	38	74	78	46	24	29	77	80	12	50	28	88	51	43	53	72	65	88	13	61	54	40	67	15	
48	77	89	15	50	90	39	23	77	42	68	75	84	52	75	88	49	93	43	47	36	51	78	81	14	57	85	35	36	47	45	43	61	90	21	82	23	46	36	73	
35	8	71	62	10	8	55	100	20	18	57	41	18	67	96	63	95	8	25	32	38	2	9	77	34	11	6	85	69	17	83	81	94	78	100	31	25	61	36	54	
92	63	56	6	81	32	58	25	81	41	55	72	3	2	79	83	36	93	2	99	8	9	59	33	14	17	66	50	11	61	11	42	55	79	76	31	80	66	19	41	
71	53	3	88	100	76	13	9	1	70	93	74	60	36	87	31	32	84	21	32	35	52	95	47	11	49	85	98	95	59	30	6	57	58	45	72	68	80	71	43	
37	39	1	84	34	40	36	100	1	34	22	82	25	8	87	83	83	4	61	63	30	23	7	80	61	69	80	3	24	39	21	22	27	21	9	91	64	30	20	48	
35	22	90	49	67	34	6	23	30	8	16	84	88	29	37	54	34	19	4	34	83	42	37	45	71	70	34	41	23	97	24	25	24	41	35	54	84	33	37	99	
72	88	66	50	49	10	14	71	39	5	71	38	59	9	60	24	82	18	11	40	65	11	55	81	8	72	69	93	90	76	64	8	54	4	67	32	2	31	17	94	
55	80	74	73	3	47	48	22	38	73	66	93	65	45	95	42	38	3	72	14	34	10	58	17	76	72	55	58	56	33	88	36	61	79	88	16	29	11	65	32	
68	45	69	22	68	70	68	40	21	98	14	27	38	90	55	1	78	61	71	74	33	48	79	10	40	7	14	83	51	59	41	57	48	80	50	1	89	29	79	80	
65	30	73	7	93	11	88	40	82	40	22	87	56	25	35	51	10	90	19	74	3	22	54	50	88	33	52	84	7	29	21	25	14	78	49	25	100	36	40	87	
70	38	67	16	23	76	59	43	79	69	13	84	98	64	37	69	77	41	33	86	19	21	95	97	77	47	23	60	79	99	64	78	70	55	48	39	19	24	59	51	
79	2	71	26	90	96	31	2	85	26	21	27	5	25	8	12	69	33	42	94	93	29	43	76	53	52	66	18	72	43	10	92	23	31	44	39	87	93	12	42	
74	45	48	46	15	46	15	60	74	71	91	72	34	25	41	10	49	72	18	43	9	44	15	43	43	23	96	66	60	53	99	86	43	19	2	65	81	95	8	90	
61	16	7	15	34	90	95	49	56	8	78	25	14	47	1	94	84	97	17	42	37	66	5	26	39	87	23	38	46	43	26	76	11	7	75	63	88	67	3	49	
95	29	98	65	62	85	83	1	77	45	81	71	42	44	100	41	74	38	5	58	78	87	39	67	34	100	64	84	13	3	43	70	2	24	84	19	15	66	9	24	
38	66	88	35	53	50	44	24	22	31	71	79	2	43	81	17	57	43	69	50	5	37	54	41	44	84	34	55	77	46	16	16	7	10	71	85	1	87	72	14	
3	52	73	38	42	73	80	83	97	97	62	22	43	54	31	95	94	94	93	57	6	17	30	62	48	27	83	96	36	51	97	94	18	100	64	18	42	38	12	50	
73	48	4	10	53	62	37	60	35	81	5	47	48	40	40	75	10	3	42	95	47	83	34	61	11	49	13	83	92	8	48	20	45	11	36	10	45	68	20	10	
84	20	18	17	25	48	29	74	68	52	17	1	87	72	78	71	23	33	78	8	49	24	43	71	99	27	74	18	20	87	39	53	12	73	48	45	6	27	1	7	
11	38	82	39	1	52	10	62	58	57	21	81	8	99	21	12	45	7	36	87	76	42	31	5	53	79	84	16	13	100	82	48	74	68	40	70	60	9	17	65	
45	32	94	66	28	43	40	10	67	78	72	50	32	98	82	43	60	50	15	87	60	50	26	51	63	44	89	14	46	6	85	69	99	91	38	25	17	21	25	58	
82	1	47	77	85	95	25	43	89	49	28	61	53	91	48	28	48	54	83	90	36	23	1	64	66	58	93	26	46	18	40	16	46	89	85	21	31	92	49	6	
24	66	50	52	21	97	60	11	81	6	60	22	11	50	42	50	41	92	23	22	46	30	22	26	52	90	18	43	74	26	44	14	32	67	29	40	64	1	76	96	
37	61	17	62	57	60	31	15	6	60	47	29	7	30	51	22	53	56	56	28	15	96	79	80	88	9	12	83	8	91	95	40	49	30	91	87	70	37	82	52	
12	93	58	50	93	65	31	43	72	37	9	1	21	25	14	73	66	63	5	99	33	17	35	26	4	51	92	78	1	89	91	72	15	95	63	85	82	97	50	74	
26	3	98	59	99	18	79	97	21	86	33	52	61	94	76	76	84	21	60	97	7	15	9	52	59	34	28	97	66	87	59	34	31	44	21	70	12	35	99	63	
71	62	15	33	51	72	15	11	61	91	12	30	51	75	35	29	12	79	78	37	4	42	94	6	83	60	25	10	99	57	21	35	95	20	26	51	98	95	37	65	
58	13	78	57	68	64	66	20	63	83	72	89	60	11	2	24	97	81	81	66	53	34	69	66	63	85	43	69	57	45	33	88	61	23	3	19	42	17	22	27	
79	39	11	84	29	95	43	49	6	78	9	10	97	28	25	85	23	49	58	97	15	17	47	11	86	79	50	48	46	53	23	94	92	89	99	44	2	94	65	72	
97	32	68	71	90	63	33	58	67	47	87	73	59	5	25	80	55	75	55	22	29	6	81	35	67	3	99	58	73	86	90	14	17	77	24	97	69	68	71	37	
21	91	86	57	100	80	61	30	71	71	7	56	59	79	15	77	9	17	90	40	75	62	20	16	58	81	8	40	72	53	79	62	99	67	62	37	100	13	56	62	
95	84	19	3	99	16	62	2	76	26	89	76	25	11	22	71	6	34	89	59	10	43	75	9	10	25	12	6	15	93	55	66	40	92	51	39	64	81	48	50	
41	71	29	16	89	63	34	33	81	64	37	24	92	46	28	91	37	57	9	7	43	71	96	30	88	74	89	92	12	13	61	87	92	65	83	1	49	75	37	41	
On machine	6
33	28	87	63	40	43	42	40	24	76	98	43	49	3	41	100	67	66	17	10	17	48	28	36	17	45	56	13	84	71	21	14	48	76	3	100	89	93	19	43	
59	78	93	86	93	88	85	3	90	37	5	78	20	74	12	71	25	62	9	70	65	84	45	35	48	73	53	97	38	32	12	56	37	84	3	99	23	28	24	32	
84	4	29	63	3	29	98	68	93	25	95	46	76	73	65	38	83	75	37	72	34	91	72	90	68	14	25	23	31	62	41	27	51	57	80	18	78	15	99	17	
10	47	17	15	42	71	54	100	65	8	99	75	35	79	42	21	39	56	64	5	3	41	22	78	92	44	86	7	43	61	92	89	47	97	4	12	4	18	100	36	
24	72	4	47	46	4	89	21	14	96	46	82	84	47	29	31	92	58	6	71	8	20	77	14	57	46	7	49	56	1	78	22	37	100	98	34	39	19	58	57	
82	80	62	26	37	29	51	84	31	68	66	62	15	54	37	2	57	17	52	57	22	37	62	50	2	38	41	65	35	38	78	32	28	68	14	47	15	5	52	69	
56	57	17	18	3	80	75	38	21	72	5	39	33	65	14	87	38	23	100	3	61	8	59	72	44	99	17	51	28	33	37	43	13	21	22	41	68	28	89	22	
36	92	37	58	79	16	12	11	100	61	96	68	43	74	16	25	4	10	29	46	15	18	88	15	74	65	51	66	84	67	99	47	28	85	27	49	73	74	84	63	
67	26	99	99	34	65	38	88	72	31	11	99	78	74	60	76	83	22	70	28	14	59	25	90	35	99	50	30	20	66	13	11	5	83	35	48	40	56	56	26	
53	62	16	33	59	48	2	2	5	96	10	1	38	99	35	27	47	23	51	72	23	75	20	52	21	22	82	93	59	35	98	36	42	10	51	65	54	18	56	38	
15	47	19	11	40	48	40	52	64	54	56	44	89	72	35	13	79	32	33	57	16	20	48	57	91	19	91	76	83	97	14	82	34	73	19	56	49	10	77	66	
53	39	28	85	84	88	54	85	23	74	35	9	24	21	33	95	45	60	95	47	97	72	2	19	3	54	99	37	62	6	84	24	16	92	82	21	53	31	47	70	
90	22	90	69	62	45	37	48	9	40	76	51	3	7	68	70	76	49	84	91	18	11	24	35	36	85	33	31	36	46	33	2	24	52	85	27	10	25	35	75	
41	68	48	16	60	87	82	22	70	78	7	14	98	40	8	81	49	13	93	67	14	56	7	97	98	30	43	73	75	35	33	64	11	67	26	22	45	63	57	51	
78	41	29	85	50	25	58	80	98	95	93	82	72	55	4	32	44	36	90	42	25	75	68	24	7	69	47	14	42	46	82	16	84	22	79	72	9	55	66	72	
25	20	98	33	60	97	91	54	76	96	31	84	34	95	22	39	58	44	100	89	79	38	65	68	79	64	54	18	83	71	89	79	81	14	5	33	54	47	66	34	
78	66	34	7	56	36	4	71	45	43	78	34	16	75	100	75	93	59	84	49	10	13	37	42	21	4	21	90	20	33	44	33	77	16	13	82	17	39	82	10	
49	46	71	89	70	76	35	14	38	13	33	64	37	2	77	91	61	22	16	69	68	10	4	28	31	44	43	57	49	53	26	91	4	82	78	78	21	91	88	64	
76	94	1	97	42	33	68	32	41	48	9	54	61	33	22	25	94	50	50	11	25	91	19	25	99	30	23	92	14	14	51	49	7	84	81	58	5	46	1	87	
72	30	87	49	54	4	87	11	42	60	47	31	96	57	53	90	85	66	34	17	63	51	6	46	21	57	43	42	51	77	98	25	45	75	89	18	95	99	43	55	
40	87	52	3	17	23	86	94	38	73	62	92	26	49	44	60	98	96	62	48	30	5	73	89	83	80	79	25	42	9	29	44	70	63	84	93	95	21	54	72	
37	89	25	21	82	87	44	39	94	53	64	39	10	57	83	60	36	53	67	80	88	37	97	95	55	99	68	46	88	87	32	75	68	85	72	26	8	78	70	4	
10	28	7	84	30	23	16	96	28	21	8	31	17	90	49	49	33	29	8	63	94	73	61	72	73	48	89	40	20	82	15	91	22	75	82	59	1	35	98	3	
66	27	21	22	69	58	69	67	61	58	97	79	94	68	3	40	43	37	88	2	26	87	13	52	52	47	32	52	63	99	5	32	32	55	62	11	75	42	70	76	
26	54	99	58	45	63	79	96	12	37	82	39	32	46	36	69	52	17	19	18	63	28	51	3	38	25	38	6	39	54	30	96	85	14	25	38	22	67	43	83	
97	21	24	62	89	24	36	37	66	79	30	29	52	40	34	23	2	31	19	87	31	14	63	73	43	89	90	88	32	85	71	70	24	95	37	65	5	45	98	81	
17	81	41	3	45	12	87	78	7	75	92	94	28	95	97	36	76	83	28	68	47	84	40	43	97	92	31	48	100	72	30	27	27	82	28	67	11	56	35	68	
25	39	58	34	88	70	47	20	26	16	15	86	65	48	6	92	41	34	44	23	100	68	47	29	4	67	99	61	70	89	68	15	21	78	38	93	79	91	57	56	
41	63	75	99	57	63	15	36	23	55	9	22	64	68	67	76	100	20	10	27	20	63	19	27	34	43	79	49	28	76	95	96	24	8	60	52	20	15	1	13	
18	84	10	99	60	96	8	15	76	47	86	55	35	4	74	6	91	86	55	3	69	26	74	92	17	90	71	17	38	2	51	97	36	19	93	22	78	99	82	16	
87	67	70	48	87	52	41	35	33	14	34	65	21	3	33	34	8	35	28	100	54	68	53	43	96	41	65	74	28	15	31	14	100	40	34	77	96	43	40	22	
86	36	51	16	1	35	92	28	15	49	36	80	80	15	1	17	57	50	70	59	76	58	49	31	23	59	48	61	10	90	37	25	35	60	64	73	91	25	6	55	
63	99	68	54	43	93	30	14	70	4	64	79	67	82	19	34	5	92	17	90	96	26	24	74	94	92	16	97	15	20	22	57	2	15	81	74	51	49	46	21	
39	15	52	81	4	81	45	57	63	29	66	49	87	40	37	97	9	39	57	92	29	75	64	70	98	49	97	3	2	67	4	32	42	86	14	7	17	47	63	57	
47	50	19	10	51	64	21	31	97	53	82	50	37	12	6	47	98	27	62	35	88	75	24	27	59	91	24	36	25	77	89	55	42	52	60	23	95	32	2	73	
73	48	73	68	48	58	33	100	44	71	91	94	38	43	74	84	45	50	51	99	20	1	49	75	40	77	86	91	26	52	78	12	90	12	5	49	71	17	3	23	
92	90	43	43	57	95	97	49	9	6	28	75	70	65	70	24	6	48	50	49	22	79	83	19	60	86	31	37	95	59	17	31	65	93	99	2	15	72	51	22	
76	28	77	63	26	47	100	54	100	30	95	52	92	67	63	37	48	27	52	83	75	26	16	11	70	57	22	12	89	37	51	34	40	50	94	78	92	33	97	94	
28	87	19	96	77	41	58	4	88	79	1	44	27	62	57	93	31	17	22	11	54	47	50	62	14	13	96	5	31	62	61	95	70	72	25	77	8	31	10	76	
79	27	44	99	26	34	9	2	86	79	79	77	86	38	77	85	2	68	1	15	12	18	12	38	55	48	34	23	87	64	44	7	63	8	17	1	63	39	1	34	
On machine	7
57	12	68	26	44	16	28	73	6	78	63	8	19	99	40	69	8	90	18	40	70	95	73	18	11	85	96	19	22	66	93	73	35	64	55	71	17	97	85	41	
31	20	27	91	8	41	43	71	9	12	95	43	36	99	24	14	95	84	31	17	47	83	17	78	86	97	66	73	27	65	58	78	7	69	9	56	57	46	90	89	
66	76	78	29	11	5	54	32	16	46	34	9	12	47	73	22	81	65	23	74	71	59	10	5	44	72	37	1	73	25	62	71	29	58	61	94	92	3	77	80	
86	36	76	72	41	14	55	53	74	45	100	71	8	15	47	81	28	96	41	59	13	38	78	36	1	70	71	54	11	76	49	57	49	65	53	38	45	11	100	67	
81	23	26	79	70	38	37	75	17	77	56	6	97	14	49	7	15	17	41	89	47	72	39	61	34	20	70	51	99	44	12	34	10	50	73	24	24	58	55	27	
61	9	60	84	20	82	84	25	43	58	62	69	77	86	72	93	88	87	41	1	64	19	71	67	39	2	17	27	98	93	40	30	20	98	46	37	83	81	65	92	
21	99	7	27	95	87	45	33	40	67	23	69	32	68	56	3	92	36	83	53	58	22	60	61	88	17	23	8	9	54	90	56	89	60	26	44	53	27	82	77	
84	10	57	91	45	85	72	4	57	38	66	31	98	98	9	81	8	21	87	79	35	91	89	83	90	18	3	16	70	33	72	80	10	70	46	42	75	52	100	10	
76	30	3	2	13	40	36	11	1	35	99	68	28	46	8	34	86	29	96	14	38	4	3	98	20	59	1	100	36	86	93	32	12	34	80	81	61	55	58	92	
9	86	25	54	6	57	5	42	61	23	54	6	30	9	62	6	61	68	39	54	79	11	82	36	63	100	68	74	73	84	48	26	99	15	85	91	65	30	56	1	
73	91	63	96	97	96	79	53	83	65	10	27	68	50	24	84	74	70	38	78	69	13	76	42	85	49	7	67	54	86	63	27	63	70	96	45	87	88	42	4	
62	42	52	22	68	43	57	70	25	52	46	36	55	68	48	65	29	96	6	56	17	22	75	5	61	14	58	66	48	8	80	53	58	55	42	35	47	91	93	17	
33	2	79	66	7	52	82	57	94	49	7	57	77	42	27	63	95	36	90	43	40	12	82	72	3	43	83	61	2	51	19	12	98	68	89	73	64	76	33	96	
25	58	77	29	68	96	99	53	6	41	6	96	59	80	93	47	18	29	46	41	85	38	4	93	10	20	92	55	64	91	52	69	57	42	35	70	100	65	33	45	
48	64	57	92	73	79	53	34	78	12	25	64	20	60	24	11	14	49	99	84	69	30	6	99	60	26	32	39	36	6	35	100	46	49	27	52	15	37	36	51	
54	10	12	60	25	1	58	19	96	46	82	81	8	5	44	41	87	2	92	87	28	2	46	5	20	36	24	51	47	91	23	61	28	82	30	86	37	43	93	35	
43	72	17	94	68	93	89	41	56	4	72	71	32	5	14	51	71	87	62	49	9	66	31	54	4	43	68	23	38	41	33	83	4	79	20	100	91	44	80	66	
4	5	4	94	4	78	37	86	1	57	11	97	54	4	78	66	36	24	19	28	13	55	32	59	63	17	40	18	87	1	15	30	9	43	38	32	3	25	74	37	
52	57	9	6	95	6	75	84	54	53	17	36	46	15	6	77	58	18	30	96	52	28	46	88	6	94	22	3	77	82	60	31	39	91	1	71	29	66	28	24	
25	16	42	9	58	88	59	45	40	5	100	67	48	53	27	52	75	7	45	78	30	67	94	62	10	63	39	71	23	25	40	64	48	47	73	60	81	74	64	44	
86	78	51	26	45	96	73	47	20	68	45	92	57	58	57	86	79	45	93	42	54	61	32	67	59	56	40	90	93	19	60	94	18	27	55	7	48	15	21	35	
74	5	45	58	68	6	22	44	29	26	95	4	12	52	28	66	49	59	3	10	61	55	32	6	1	51	56	42	68	26	59	49	100	30	90	64	83	91	83	76	
92	89	30	43	100	82	82	23	25	20	52	45	35	76	34	11	6	12	30	9	89	64	42	45	94	81	67	27	47	48	10	65	35	35	96	49	65	4	15	18	
35	57	88	51	34	36	60	87	28	26	86	4	86	69	27	92	53	10	74	94	33	76	50	66	40	87	49	3	77	20	10	56	37	43	40	92	31	85	71	57	
47	56	1	48	42	95	89	93	55	92	55	52	83	92	85	18	6	95	2	15	26	52	63	27	80	68	43	85	91	44	73	92	80	83	90	95	81	53	12	44	
16	83	92	35	1	57	94	52	65	21	38	100	58	47	71	37	60	9	16	82	81	14	8	69	84	22	74	52	43	49	84	79	71	87	24	2	100	21	1	5	
96	43	48	17	94	94	92	19	97	2	87	38	62	16	34	23	7	95	53	72	20	99	75	6	49	76	54	93	78	62	28	33	16	65	96	45	60	93	100	28	
43	47	18	98	72	1	53	95	43	3	34	56	14	11	100	38	99	15	57	88	42	48	23	25	21	7	38	15	39	12	65	65	33	77	24	78	52	50	95	2	
19	63	53	49	82	29	79	81	43	68	44	19	63	24	96	76	4	82	13	48	28	53	44	63	10	37	19	49	17	94	69	62	94	58	71	25	33	73	23	27	
46	4	71	75	55	85	26	5	42	52	82	73	16	84	26	83	4	44	5	74	95	34	15	64	39	4	97	70	90	43	17	80	63	96	31	62	74	96	86	30	
54	22	81	62	75	80	28	29	50	16	89	64	2	20	91	57	73	48	76	99	56	15	27	60	69	11	90	80	36	19	47	4	71	82	32	48	47	90	37	96	
14	12	22	65	50	75	40	14	21	3	21	10	91	81	100	22	40	6	24	23	84	90	68	67	73	52	56	71	83	38	55	86	4	69	16	8	100	43	13	92	
10	28	64	74	98	13	82	50	71	96	2	97	45	32	25	19	89	37	55	61	48	46	4	71	85	45	71	96	40	88	83	71	31	17	56	36	20	61	94	33	
38	32	71	75	61	25	4	60	63	8	1	36	12	68	16	7	29	96	95	44	82	62	77	67	83	65	46	33	63	76	6	80	3	71	73	32	14	34	33	85	
66	82	100	77	43	94	48	39	40	71	7	87	18	86	13	90	61	59	78	3	21	45	53	7	14	59	65	38	15	65	55	48	54	58	31	54	100	73	28	67	
59	28	69	26	37	2	90	49	55	86	77	42	86	44	3	98	61	79	49	37	17	90	51	18	21	43	7	25	2	16	77	30	24	98	40	20	35	100	26	8	
63	42	74	38	30	38	56	24	8	78	18	11	100	58	31	61	71	81	58	73	59	23	81	87	77	51	27	16	64	25	34	70	44	67	91	67	75	58	26	19	
53	33	91	65	52	64	6	43	68	24	81	19	1	73	41	33	38	1	6	88	85	98	75	57	72	49	90	2	80	23	78	77	21	33	34	26	59	31	92	45	
9	49	66	44	89	76	93	25	66	21	2	29	79	99	2	96	64	73	15	78	45	68	5	21	28	48	98	69	8	85	87	90	3	97	6	50	32	52	78	54	
13	15	29	63	80	13	49	33	17	22	80	100	51	11	50	44	46	36	20	65	14	21	33	37	49	11	38	70	30	50	76	90	88	57	20	52	27	60	84	8	
On machine	8
45	80	63	22	8	96	87	73	87	44	2	68	15	18	40	56	42	54	94	31	24	97	45	39	47	3	67	43	15	43	69	11	14	42	64	23	17	56	64	24	
57	9	21	27	65	58	98	7	76	3	46	57	54	17	39	11	17	11	29	94	34	39	86	16	57	77	42	65	79	89	64	26	25	72	70	47	84	95	100	78	
23	91	35	20	75	47	37	57	90	61	91	100	11	92	33	11	36	55	4	2	6	71	91	34	60	52	41	99	85	93	60	25	31	18	18	15	35	68	21	87	
12	65	4	4	40	66	17	78	71	52	92	64	20	6	9	33	26	77	15	63	77	91	97	84	26	21	86	60	40	71	77	13	22	16	21	1	11	43	96	94	
39	33	55	85	36	15	54	57	97	35	6	34	39	12	97	78	61	2	6	40	14	95	1	70	3	26	54	6	18	22	63	30	20	96	47	67	9	97	78	40	
22	26	7	71	6	19	58	89	92	26	45	88	87	67	61	90	63	83	58	45	20	70	98	22	51	44	63	35	7	38	86	55	4	71	72	40	96	12	25	21	
17	64	65	95	49	51	97	80	22	100	21	67	52	23	91	76	62	10	60	62	49	49	1	62	19	42	9	39	40	8	86	15	97	61	2	48	78	21	22	63	
92	6	65	2	56	47	14	92	61	60	89	73	28	30	84	92	20	19	34	63	49	94	79	35	82	54	62	99	19	34	19	67	22	73	80	23	48	41	19	77	
2	23	92	73	38	81	68	9	26	52	31	92	20	19	6	25	95	84	8	95	74	51	96	96	13	89	45	65	71	69	100	17	63	11	7	60	43	91	19	95	
56	29	93	92	3	11	90	51	44	90	92	89	53	16	33	69	58	20	77	87	94	50	90	74	45	76	62	52	96	38	95	50	2	80	94	15	18	100	30	75	
78	5	78	36	63	55	2	22	3	1	49	54	46	38	55	80	66	89	62	88	80	7	58	55	77	96	56	64	33	41	94	5	86	86	13	80	47	86	47	83	
20	21	60	50	43	7	61	68	57	12	35	76	45	2	75	3	85	22	55	48	71	58	24	79	46	47	31	85	48	78	60	64	37	60	3	98	67	92	71	17	
70	14	64	94	3	44	1	13	18	10	59	58	40	13	76	97	100	55	100	69	58	79	1	80	57	78	82	34	6	48	2	8	53	46	84	30	39	74	66	80	
41	76	14	52	47	57	8	75	36	80	32	44	72	32	52	30	10	51	15	45	51	21	71	33	11	50	55	35	64	73	94	19	73	83	34	25	56	65	42	31	
81	40	73	95	56	51	44	50	8	8	43	90	23	41	49	37	1	89	20	83	93	61	20	24	4	55	55	31	16	82	29	45	30	52	99	68	3	69	3	18	
59	12	46	76	89	23	84	5	50	50	54	8	17	82	11	79	99	94	74	11	55	28	90	43	35	53	27	50	12	39	45	1	58	44	80	36	3	7	62	28	
32	24	40	70	83	71	87	11	23	55	5	33	47	14	87	94	1	39	29	23	33	64	93	88	4	18	35	44	29	71	66	33	22	86	5	72	78	1	82	45	
84	58	93	84	31	76	75	12	13	74	72	95	55	73	58	53	25	33	71	69	100	82	65	32	44	40	91	57	48	30	85	20	8	80	90	52	62	75	75	11	
70	39	96	97	18	46	58	53	99	67	85	30	58	34	83	51	61	14	96	94	87	82	27	85	38	58	47	94	25	74	53	33	21	34	4	92	33	4	99	100	
66	48	41	68	26	16	85	37	14	25	48	30	33	2	84	22	54	75	14	52	93	4	64	29	22	13	77	77	91	88	87	94	67	63	60	61	17	77	69	9	
48	95	55	13	60	17	2	6	21	65	47	69	79	76	28	41	19	22	17	71	50	92	49	22	68	79	11	8	30	54	75	15	74	87	25	28	24	68	88	63	
50	26	88	57	58	78	89	40	11	71	68	91	99	86	74	23	93	87	58	38	96	83	10	39	20	6	13	88	77	90	7	30	92	38	5	41	3	9	24	89	
26	36	43	7	76	45	64	19	34	20	31	47	8	58	91	47	73	79	84	33	56	72	90	95	3	41	23	24	77	16	5	1	22	16	6	71	95	16	13	9	
16	24	30	28	37	50	92	63	73	51	77	37	84	24	44	42	67	85	8	70	5	23	77	96	95	2	44	66	7	72	20	62	8	28	43	21	53	73	7	56	
11	72	7	95	86	83	53	19	6	46	94	89	85	45	13	26	28	59	85	8	46	50	97	15	38	49	1	7	61	21	59	75	75	38	73	32	71	100	68	34	
20	89	84	47	4	85	20	21	83	47	52	29	29	13	19	28	16	22	65	58	67	14	55	67	1	22	100	76	59	38	25	60	29	72	55	79	41	21	89	64	
24	25	10	4	75	62	88	12	49	33	70	82	53	32	2	11	59	76	46	65	59	4	6	54	17	96	92	48	99	29	14	25	54	67	33	62	49	32	38	35	
61	57	89	65	55	34	49	72	77	20	17	87	65	90	7	28	5	32	6	70	76	36	6	92	34	97	1	22	35	16	85	39	78	50	77	71	71	15	36	69	
86	26	86	60	98	91	100	77	13	52	73	98	30	95	50	76	15	63	29	58	18	77	10	35	30	32	23	85	44	44	13	27	16	63	90	12	37	54	18	40	
98	63	42	99	95	6	93	72	36	31	54	93	38	77	63	63	42	9	77	96	99	35	78	90	92	74	95	8	79	99	46	10	39	75	9	53	53	97	23	57	
13	76	56	93	72	99	73	47	19	46	65	54	60	80	78	66	17	88	13	30	75	3	23	11	64	80	8	9	59	22	78	86	34	67	20	96	37	68	74	11	
24	93	60	72	7	51	91	79	100	3	7	71	19	13	100	12	60	54	37	58	34	13	59	79	77	8	10	89	11	44	10	77	86	87	9	2	19	63	70	7	
76	4	67	76	41	90	55	10	86	88	20	44	52	60	85	41	13	86	39	60	62	90	47	4	61	46	77	73	49	86	73	42	75	14	51	67	14	39	28	47	
71	29	80	85	85	36	61	95	78	65	34	42	69	7	22	10	19	16	7	21	5	2	35	55	23	11	83	33	66	15	89	53	4	57	95	93	19	46	53	86	
31	72	90	7	39	43	57	36	99	30	44	11	29	27	6	75	34	42	25	41	35	60	45	42	72	83	72	69	6	67	52	98	12	73	14	95	55	84	3	19	
51	86	91	77	55	63	32	6	61	41	2	64	97	46	20	69	49	43	93	42	80	51	21	64	7	95	16	3	66	28	44	20	68	16	66	78	21	89	95	79	
52	76	6	20	96	35	69	84	10	72	6	62	19	78	53	69	32	18	94	85	20	52	96	26	27	85	32	89	93	35	82	57	19	24	76	57	99	25	30	8	
23	20	50	65	80	98	71	65	94	93	87	53	70	74	34	29	80	21	95	7	88	88	10	34	32	71	26	12	47	13	21	49	78	18	75	58	93	91	44	71	
3	14	40	15	85	82	44	61	80	94	100	56	73	99	8	48	65	64	92	38	42	60	25	53	28	78	96	23	49	25	51	99	73	61	51	24	87	36	99	73	
1	55	83	16	44	16	34	21	87	53	28	96	96	4	12	4	16	14	57	19	16	84	66	46	88	97	1	15	3	42	100	85	57	9	91	15	92	48	34	49	
On machine	9
83	11	62	50	52	48	69	40	97	75	32	17	90	11	71	23	16	70	13	13	19	11	77	52	47	46	66	76	71	98	45	17	7	41	83	50	24	78	43	86	
86	67	52	23	47	55	99	9	82	15	29	5	99	25	92	100	67	54	49	63	68	39	48	38	79	69	67	77	41	38	35	51	79	56	37	54	38	44	82	53	
91	71	61	5	30	37	56	2	43	55	6	49	83	45	8	17	67	20	66	90	26	21	57	76	75	59	11	68	57	17	43	99	31	67	9	37	75	43	29	37	
49	16	50	80	67	17	93	80	49	65	26	63	82	95	98	94	46	44	3	76	41	29	89	20	17	46	80	42	58	43	49	91	42	99	42	88	9	11	1	93	
79	19	51	83	69	78	87	57	15	97	56	36	12	75	78	30	25	49	54	38	40	9	26	82	37	79	22	19	64	38	85	40	60	7	16	44	54	63	80	89	
73	2	37	77	9	54	37	99	67	93	14	4	100	44	8	77	25	17	68	50	33	92	43	70	73	27	94	86	34	58	66	25	87	62	27	28	43	27	95	51	
13	29	76	7	18	43	57	79	45	25	95	35	45	93	34	81	52	48	80	43	4	85	6	69	45	97	80	98	30	52	73	64	41	51	35	86	75	53	67	86	
74	48	57	75	94	46	1	31	35	63	3	18	67	57	6	55	68	48	96	69	86	12	24	34	95	37	88	24	57	75	70	76	70	34	88	89	39	47	53	93	
14	97	94	85	97	98	62	86	14	33	72	69	87	99	15	86	36	65	39	24	49	9	39	87	14	47	92	98	70	68	94	58	89	35	45	11	12	96	2	55	
96	54	77	86	23	75	60	2	16	39	32	31	59	37	97	49	86	50	50	3	55	51	57	74	40	49	71	26	74	98	76	36	70	18	30	72	97	30	51	91	
21	8	14	55	94	89	81	65	94	95	76	41	70	32	27	67	91	77	40	76	32	37	53	78	27	15	46	2	17	16	19	6	93	53	58	16	56	40	16	71	
71	64	90	59	15	99	94	81	82	21	66	39	61	41	39	7	39	99	6	66	48	13	18	31	34	83	38	25	7	75	6	47	66	51	29	29	97	33	64	76	
85	79	5	14	47	10	12	99	43	28	16	21	51	58	2	24	20	10	76	33	37	80	68	95	98	21	66	52	4	66	64	84	11	1	59	94	92	76	73	8	
59	62	6	72	75	86	93	23	72	57	93	17	81	77	44	76	70	59	47	91	63	36	30	64	33	7	17	10	38	62	91	62	17	10	73	95	38	96	92	88	
19	4	9	95	83	51	48	36	99	48	38	96	62	35	2	72	26	3	61	40	41	100	69	54	30	26	63	54	75	37	56	34	26	1	95	18	46	74	48	89	
83	82	94	81	60	7	28	83	42	83	71	35	49	96	8	72	39	35	3	76	6	100	23	49	29	27	4	39	4	85	70	77	31	94	93	31	40	81	38	56	
15	79	85	61	18	39	64	46	62	62	1	23	84	95	22	67	75	31	32	64	98	30	33	17	29	22	62	46	43	72	51	97	85	2	50	59	82	87	52	13	
89	54	97	31	69	10	97	1	47	10	3	90	8	74	45	13	18	93	35	79	57	43	54	94	87	83	78	44	85	13	4	89	8	84	3	88	7	52	39	44	
74	85	53	44	68	62	52	39	64	7	56	70	18	47	88	94	10	86	49	40	4	48	91	30	53	66	10	28	87	79	23	21	98	14	12	8	68	63	74	88	
69	34	11	9	83	22	83	54	5	45	89	16	31	24	17	73	35	84	84	87	4	32	27	30	50	78	58	94	100	85	98	94	75	13	5	71	25	29	36	24	
24	68	87	33	13	33	76	94	62	20	88	8	41	52	7	48	100	62	5	50	83	92	10	64	12	96	49	64	78	11	17	2	65	52	48	51	51	22	62	30	
91	45	53	12	98	54	54	23	47	66	12	32	50	11	36	30	62	97	55	98	84	18	48	9	67	59	33	43	60	16	64	14	48	30	6	25	43	12	6	86	
12	7	30	15	71	28	18	98	6	3	51	37	1	46	43	53	91	88	74	90	7	22	77	53	36	31	34	31	64	81	74	88	69	50	57	28	57	82	98	60	
74	79	44	30	50	98	84	75	86	36	38	98	71	39	47	81	50	30	82	28	96	20	97	8	92	89	1	64	84	51	71	20	60	56	81	13	24	85	54	16	
28	29	9	51	41	64	82	11	14	87	89	14	93	57	100	15	8	86	100	2	39	35	66	71	36	43	57	6	82	69	68	31	36	54	8	98	3	78	21	71	
51	51	64	97	85	31	42	52	29	25	41	80	28	85	35	79	75	93	9	7	57	13	86	34	76	97	74	24	5	50	8	24	1	65	2	48	68	97	6	26	
40	83	90	77	10	79	64	14	72	78	34	18	87	85	35	27	27	31	67	18	25	79	43	58	20	63	84	81	3	35	22	96	75	13	36	4	58	88	16	25	
80	44	11	70	82	34	19	7	87	12	1	100	75	8	20	37	17	66	50	47	44	94	100	75	51	14	27	16	12	61	73	58	25	47	61	93	66	56	17	36	
79	97	31	37	23	63	55	90	12	74	97	98	85	55	85	24	84	50	30	90	97	96	96	93	83	2	97	61	68	74	29	1	11	88	90	97	99	29	44	18	
49	4	87	2	59	52	5	2	37	66	71	61	44	39	35	72	41	41	68	45	13	92	29	85	59	5	14	15	34	72	74	9	40	34	5	77	32	90	48	39	
26	52	25	41	57	65	27	78	91	90	80	20	37	48	42	15	50	45	75	35	37	5	53	84	11	92	60	94	53	66	88	55	70	19	3	84	25	90	1	82	
45	24	86	61	1	54	39	63	3	79	14	72	59	73	81	87	8	36	48	73	61	46	87	4	62	29	65	74	29	1	75	42	66	83	14	53	40	95	88	72	
58	87	7	15	9	35	27	20	17	49	67	85	98	74	92	1	47	96	54	38	56	7	62	77	87	70	35	94	70	18	49	45	62	43	1	30	59	15	61	41	
97	95	42	35	83	30	87	61	58	40	48	95	47	79	23	35	44	44	34	12	53	3	9	92	79	87	49	76	39	89	56	93	67	54	59	61	99	59	18	15	
70	5	6	74	13	93	91	50	54	59	8	79	12	76	85	86	15	9	89	78	53	74	22	63	24	83	97	95	29	58	97	66	30	42	9	38	5	46	74	39	
44	54	15	22	96	78	82	4	43	91	2	89	39	37	68	30	46	69	6	12	15	100	97	22	4	39	90	57	8	14	55	13	26	75	43	14	9	90	17	2	
40	43	66	86	34	62	87	31	64	3	89	91	68	80	31	35	36	12	63	91	56	2	16	46	63	17	4	26	88	59	77	12	39	27	67	12	4	33	89	45	
77	3	16	10	22	1	41	42	43	50	56	37	34	40	2	86	42	72	42	26	45	85	4	48	36	23	79	38	85	53	50	80	55	96	23	90	57	48	22	79	
99	58	10	7	68	97	90	8	94	55	100	66	97	24	13	18	80	36	71	44	30	63	70	93	58	19	77	99	47	33	41	32	67	43	29	20	13	41	31	60	
83	47	16	43	73	57	3	60	8	29	76	46	54	89	86	63	14	96	16	92	59	82	56	99	67	13	68	77	45	51	47	45	75	16	3	88	91	63	32	64	
On machine	10
72	66	48	73	53	15	25	13	59	47	23	65	82	96	77	6	42	92	38	76	48	45	37	74	91	97	68	80	39	65	32	41	34	25	98	32	70	34	42	40	
11	54	93	81	20	90	39	71	30	65	52	48	49	22	63	13	64	76	89	49	27	55	92	8	93	45	11	10	12	89	59	67	9	64	26	63	30	25	59	46	
67	83	94	21	27	39	81	72	95	81	7	16	68	44	24	46	95	11	25	81	98	13	4	82	6	44	36	46	46	54	28	100	22	97	57	13	47	22	64	100	
16	95	61	60	79	2	64	60	7	66	4	17	17	66	97	37	2	7	31	86	62	99	27	14	51	10	13	39	64	89	94	69	19	90	39	68	46	62	100	83	
83	34	47	2	71	25	4	25	66	87	78	27	9	42	96	29	94	71	64	23	15	76	40	52	76	61	48	8	73	50	92	61	86	15	100	13	41	57	45	61	
2	34	56	43	83	73	38	52	27	67	57	87	9	70	47	37	39	72	99	42	32	30	97	25	95	12	12	28	94	47	24	20	2	39	85	65	100	66	28	17	
54	33	56	86	41	42	47	42	24	29	1	37	53	82	5	29	58	45	39	55	97	70	31	59	52	96	74	97	45	27	48	53	72	20	34	99	23	69	99	57	
98	55	25	23	56	6	77	82	42	50	56	90	79	58	96	76	82	78	43	2	10	21	82	62	66	8	31	20	13	9	75	66	12	96	100	9	43	25	56	5	
42	22	94	39	38	2	17	36	36	51	18	26	9	70	57	58	15	69	90	3	86	13	50	19	41	74	84	39	13	67	20	50	13	96	10	28	93	44	35	4	
23	41	100	86	83	33	98	72	69	97	100	63	45	4	66	87	52	69	57	66	58	32	55	89	17	42	21	59	34	63	21	66	65	52	25	17	51	33	83	48	
67	5	93	2	69	18	92	78	91	21	30	21	4	31	1	3	51	34	78	41	49	17	80	55	59	60	97	28	15	78	36	45	1	29	43	9	88	54	97	10	
99	45	58	3	6	91	36	88	68	95	66	32	34	84	29	81	92	74	11	76	86	5	72	11	35	10	60	38	32	67	95	40	59	53	2	41	14	68	11	35	
27	35	50	80	93	80	85	69	14	97	69	95	18	78	67	27	43	87	97	26	47	65	20	9	54	35	43	16	88	32	22	67	11	42	39	99	9	61	88	23	
6	8	87	98	90	42	37	12	5	56	62	28	88	57	48	35	13	56	28	8	40	21	37	57	30	15	51	19	66	8	90	60	95	6	18	44	31	94	89	38	
39	64	46	25	10	21	26	58	93	93	76	33	9	81	11	45	31	94	92	95	13	19	77	50	86	34	15	61	63	74	70	53	51	41	31	88	92	25	75	93	
87	15	20	44	30	80	38	79	54	23	26	89	77	46	10	60	77	73	62	15	96	80	77	2	32	27	32	17	25	24	26	22	81	21	19	34	57	62	100	79	
95	93	2	97	94	72	37	39	14	82	57	57	14	42	47	68	69	12	73	20	88	42	80	11	23	62	2	40	27	95	71	49	82	97	90	2	41	63	55	32	
11	45	2	10	45	89	80	76	85	55	25	74	99	23	16	93	98	50	22	6	86	57	85	44	88	97	29	22	34	98	4	74	51	16	18	80	81	79	23	55	
99	14	38	58	85	100	88	3	34	3	83	93	80	23	63	27	47	73	79	1	60	89	79	6	41	30	46	10	59	66	17	5	65	18	93	88	56	90	8	28	
78	44	39	54	1	92	60	100	90	33	39	64	5	51	47	47	45	98	53	82	57	72	14	85	94	26	25	85	39	67	28	25	15	19	39	24	62	85	88	90	
67	62	66	83	95	82	67	47	33	99	85	15	74	79	1	22	88	41	99	8	75	36	20	78	52	81	47	24	29	57	8	79	39	13	7	59	61	19	91	90	
35	32	13	16	97	62	31	61	85	3	91	69	68	34	76	18	44	43	44	11	12	71	3	46	62	6	47	33	75	64	53	25	43	23	87	93	41	66	66	75	
55	22	81	29	10	40	6	24	33	64	24	42	87	41	96	31	93	34	83	5	3	41	49	61	55	2	57	5	41	60	1	34	30	90	39	13	45	11	68	87	
79	78	78	48	74	68	79	17	1	92	87	41	26	40	31	100	41	45	26	79	84	37	26	100	89	4	75	44	2	34	42	27	74	46	54	7	65	10	89	79	
98	49	84	8	1	21	89	40	86	88	9	67	61	50	40	8	75	91	32	84	31	81	11	16	91	52	36	23	46	75	43	14	52	74	75	13	26	69	61	41	
72	64	73	99	82	60	75	18	71	22	77	24	1	17	29	25	25	43	46	23	65	80	81	21	38	7	17	33	100	96	92	24	91	79	69	94	51	51	5	9	
19	28	84	46	4	65	53	11	34	77	10	61	48	30	5	55	92	81	19	41	29	13	67	80	25	4	2	44	32	9	66	33	76	59	25	50	96	19	81	73	
63	21	6	39	86	36	53	41	18	91	43	78	19	16	20	46	4	53	30	67	71	37	56	90	44	91	54	91	94	80	77	91	60	55	96	73	59	11	82	81	
49	33	98	53	73	52	65	71	52	52	17	19	7	74	26	93	19	98	88	20	36	31	76	99	69	77	91	20	9	63	78	26	31	68	7	87	88	41	94	61	
54	55	87	12	50	43	8	19	49	99	13	34	14	41	43	66	64	25	69	75	62	20	40	50	10	80	75	19	83	95	80	82	24	1	67	75	87	13	61	30	
84	1	96	81	5	69	89	72	20	72	90	15	40	97	68	34	28	30	46	69	96	33	17	19	90	7	24	60	57	62	42	50	12	76	74	45	15	50	66	22	
51	85	11	93	77	53	5	36	39	76	23	32	57	80	3	100	65	8	77	80	22	75	99	72	15	6	54	83	96	58	36	86	94	51	55	67	44	91	57	53	
93	76	100	61	74	29	87	42	22	59	52	21	49	79	3	81	19	73	56	93	53	71	47	16	4	46	97	6	23	88	76	12	82	92	64	3	56	86	26	37	
8	55	35	43	66	23	35	49	99	85	82	9	33	8	93	79	89	76	50	20	91	29	25	56	48	97	32	42	72	33	90	21	100	29	63	34	43	10	67	15	
54	55	50	4	78	19	62	26	89	29	54	21	56	54	98	90	2	88	83	91	82	99	70	8	49	100	72	34	31	30	30	42	91	43	44	91	12	85	65	69	
39	85	87	13	40	3	60	43	2	6	77	96	90	29	12	13	35	22	67	47	12	23	55	56	69	18	28	61	75	55	54	11	86	58	39	95	66	100	27	13	
71	26	93	44	21	99	23	4	18	15	60	13	89	26	69	49	50	97	64	18	43	7	74	5	7	76	54	21	36	97	18	71	22	66	58	6	67	20	46	53	
1	10	68	12	66	80	73	72	76	76	23	95	63	17	67	24	28	36	71	30	62	10	24	38	73	21	79	36	81	60	6	90	45	90	74	28	84	74	25	30	
86	13	96	26	23	2	92	14	39	50	9	80	10	68	7	67	33	10	67	30	20	11	96	96	56	96	19	49	2	96	78	78	19	6	2	66	51	53	9	7	
39	74	86	67	15	35	63	25	42	47	71	48	74	19	23	80	50	89	85	24	95	59	56	24	69	25	22	15	6	4	73	12	89	91	15	36	74	71	8	72	
Reldue
-1	4092	-1	-1
-1	3299	-1	-1
-1	3880	-1	-1
-1	4074	-1	-1
-1	2747	-1	-1
-1	1823	-1	-1
-1	2959	-1	-1
-1	1893	-1	-1
-1	2823	-1	-1
-1	1427	-1	-1
-1	3632	-1	-1
-1	2851	-1	-1
-1	2800	-1	-1
-1	3240	-1	-1
-1	4072	-1	-1
-1	1639	-1	-1
-1	1884	-1	-1
-1	2903	-1	-1
-1	1694	-1	-1
-1	2374	-1	-1
-1	3642	-1	-1
-1	2131	-1	-1
-1	2347	-1	-1
-1	3005	-1	-1
-1	1771	-1	-1
-1	4102	-1	-1
-1	2292	-1	-1
-1	2805	-1	-1
-1	2532	-1	-1
-1	1673	-1	-1
-1	1739	-1	-1
-1	2263	-1	-1
-1	3908	-1	-1
-1	3801	-1	-1
-1	1601	-1	-1
-1	2955	-1	-1
-1	2845	-1	-1
-1	2439	-1	-1
-1	3177	-1	-1
-1	3107	-1	-1
