Families	20
Machines	20
MaxSetupTime	100

Number of Jobs in each Family
5	7	8	10	10	4	7	8	8	2	4	9	8	8	9	8	4	9	7	5	

Jobs in each Family
0	1	2	3	4	
5	6	7	8	9	10	11	
12	13	14	15	16	17	18	19	
20	21	22	23	24	25	26	27	28	29	
30	31	32	33	34	35	36	37	38	39	
40	41	42	43	
44	45	46	47	48	49	50	
51	52	53	54	55	56	57	58	
59	60	61	62	63	64	65	66	
67	68	
69	70	71	72	
73	74	75	76	77	78	79	80	81	
82	83	84	85	86	87	88	89	
90	91	92	93	94	95	96	97	
98	99	100	101	102	103	104	105	106	
107	108	109	110	111	112	113	114	
115	116	117	118	
119	120	121	122	123	124	125	126	127	
128	129	130	131	132	133	134	
135	136	137	138	139	

Total number of jobs
140

Processing times of jobs
10	8	6	4	3	2	3	10	1	1	8	7	7	7	10	7	1	2	1	7	
7	7	5	3	10	8	1	6	6	5	3	7	5	5	1	3	2	8	8	2	
10	9	6	8	2	4	9	4	8	10	1	9	4	1	5	4	7	10	5	2	
7	3	8	1	5	5	2	10	8	8	6	2	5	9	10	4	3	7	5	1	
3	1	6	4	1	6	4	1	1	3	2	10	7	10	3	10	5	1	6	2	
6	8	10	9	3	6	3	7	1	5	4	2	4	7	2	2	1	3	1	10	
9	2	1	10	10	7	8	1	5	8	2	2	9	10	8	4	7	4	3	1	
9	8	7	7	10	8	7	8	9	9	6	7	2	7	4	1	10	10	6	7	
1	8	5	6	1	10	7	6	8	8	4	5	6	3	8	8	1	9	6	3	
5	6	10	3	4	8	8	10	8	3	4	9	4	5	3	7	9	1	6	9	
2	8	2	10	7	6	3	1	8	8	8	10	3	10	6	4	1	3	2	4	
9	7	5	7	2	6	7	10	8	10	9	10	4	8	10	3	3	1	5	5	
5	5	8	2	1	1	5	9	6	2	1	10	10	4	5	1	10	8	1	2	
10	4	2	9	10	9	7	4	6	1	3	2	10	3	10	2	1	7	9	7	
1	1	5	8	7	3	7	9	10	6	5	10	2	2	4	5	10	4	9	6	
7	10	8	3	8	9	2	10	9	10	2	3	1	4	4	9	6	4	6	8	
5	5	7	5	2	9	3	9	5	9	4	2	6	3	6	10	1	5	4	1	
6	8	3	3	1	1	7	3	10	10	5	5	9	5	5	10	7	8	2	1	
5	3	6	3	5	3	8	7	7	3	1	4	1	2	3	3	7	9	2	1	
4	8	1	2	10	5	8	7	9	10	1	9	7	8	4	5	4	5	5	8	
2	3	8	4	9	10	6	6	3	6	9	3	9	10	2	6	6	6	5	10	
6	5	1	8	1	10	2	7	1	4	9	10	7	8	1	10	10	7	8	10	
7	3	8	1	2	8	4	10	10	7	1	10	2	2	6	5	5	3	6	6	
1	1	7	2	5	5	4	1	3	9	1	2	5	9	1	10	4	6	2	2	
7	9	7	4	8	8	3	1	5	10	4	8	1	5	6	9	7	10	10	9	
7	1	6	9	8	6	9	3	5	10	4	5	4	6	8	3	3	1	6	8	
1	5	6	8	10	4	5	2	10	5	1	5	6	2	2	6	6	3	7	10	
10	8	6	4	4	9	6	7	2	6	5	6	5	8	1	5	6	10	10	10	
9	6	4	9	2	7	3	7	7	6	4	9	9	4	1	9	3	6	6	4	
5	1	7	4	6	9	6	7	8	6	9	8	5	2	4	8	10	2	2	6	
9	6	7	10	10	7	10	1	9	7	5	7	1	1	7	8	3	6	3	4	
1	5	6	7	8	7	6	7	5	9	3	5	2	6	6	7	10	1	1	10	
3	9	1	10	3	10	7	10	3	6	5	3	9	2	10	9	7	7	10	6	
4	7	6	4	3	1	4	9	5	2	1	9	8	9	8	2	6	5	6	2	
7	8	2	5	2	4	7	1	9	7	4	7	2	2	2	4	8	6	5	6	
2	8	10	1	9	7	8	2	5	2	1	1	5	9	7	2	3	7	1	10	
10	2	5	2	6	10	6	7	3	8	9	10	1	6	5	2	6	8	6	2	
7	2	8	3	1	2	6	2	7	10	6	9	9	10	2	10	7	6	6	7	
10	4	5	8	6	6	3	4	6	6	10	6	10	1	2	9	7	2	4	5	
2	8	4	2	2	1	9	3	2	5	8	10	5	9	6	6	8	1	8	10	
10	2	1	5	9	2	4	10	7	10	8	6	1	6	7	5	2	10	8	7	
9	10	3	1	5	8	7	3	3	3	7	6	9	5	9	6	8	1	10	2	
5	5	4	10	3	4	5	8	5	1	10	6	1	3	3	3	9	8	6	3	
10	1	8	4	6	6	10	1	6	3	2	6	4	8	10	6	6	3	3	5	
3	1	6	5	4	6	3	5	1	9	5	6	8	9	8	9	7	4	10	6	
4	6	7	10	9	10	6	9	9	4	1	2	10	4	6	9	8	8	10	2	
5	5	7	7	4	4	6	3	5	8	10	6	9	3	7	10	8	5	10	10	
5	1	6	2	8	4	4	1	8	2	7	8	6	9	7	7	4	1	3	1	
7	9	4	7	7	6	4	8	1	4	3	5	2	7	10	7	1	10	7	5	
7	5	5	3	9	6	7	7	9	8	5	1	5	8	1	3	5	10	7	3	
7	9	4	8	7	7	1	9	1	1	3	10	9	7	1	8	6	4	10	4	
9	6	2	6	7	8	6	2	10	3	6	5	8	10	6	7	1	10	10	4	
3	9	10	9	4	10	6	6	1	3	4	5	3	9	5	9	10	6	9	4	
9	7	3	10	4	3	3	5	10	7	6	3	1	4	9	8	1	6	9	10	
9	9	1	5	4	7	8	10	5	9	7	1	8	2	6	10	8	7	4	5	
1	1	8	10	7	5	10	3	10	2	5	10	8	8	10	6	7	10	9	9	
8	6	7	8	4	3	7	8	5	1	6	4	2	1	4	7	10	8	1	4	
6	4	2	1	7	7	1	6	8	4	3	10	5	3	3	8	7	2	7	9	
8	8	7	7	7	3	4	2	6	8	4	9	9	8	1	8	8	1	7	1	
6	10	6	4	8	8	10	7	2	3	5	8	10	8	3	2	3	5	2	6	
5	2	4	9	4	8	10	10	10	1	1	1	10	8	4	10	9	10	5	3	
5	3	5	4	7	5	8	3	7	9	8	4	5	1	6	1	3	6	10	10	
6	1	2	10	9	8	6	7	9	7	8	4	3	6	3	6	2	7	1	8	
2	1	2	2	6	10	6	10	3	8	7	6	10	1	6	1	7	2	3	10	
9	10	9	5	4	8	7	7	5	9	10	9	7	8	9	9	4	8	7	1	
4	5	7	5	5	9	5	5	5	3	10	1	1	6	1	2	7	10	6	8	
2	5	5	7	10	10	4	6	7	3	4	6	4	4	1	6	7	3	1	10	
10	6	10	2	3	4	2	4	6	9	8	5	4	3	3	3	6	6	10	2	
2	5	7	8	3	5	6	3	6	6	6	1	2	1	6	10	1	6	3	7	
2	10	7	1	4	7	4	5	3	3	3	7	10	6	10	9	1	3	1	4	
9	2	4	2	7	3	1	10	4	8	10	9	10	2	3	5	3	5	1	9	
8	10	2	3	10	5	5	4	4	6	2	6	4	6	4	4	6	5	4	5	
5	3	10	2	3	1	9	2	5	1	5	1	7	8	1	10	8	6	1	6	
8	1	10	3	8	10	5	3	10	1	8	1	1	7	5	7	6	6	9	10	
4	7	9	3	2	2	4	5	5	2	3	2	10	4	3	5	2	3	9	8	
3	2	3	7	4	6	6	7	1	9	8	4	2	5	1	6	10	10	7	7	
1	3	4	1	10	5	3	6	10	4	2	1	10	7	6	8	4	10	5	10	
2	4	4	1	4	2	9	9	5	2	6	4	2	1	9	3	5	8	10	3	
10	10	2	4	10	10	5	3	4	1	10	6	4	2	10	2	9	1	2	8	
1	10	6	10	10	9	4	5	9	3	1	9	1	3	2	9	9	10	7	3	
6	4	8	8	8	5	9	2	9	6	4	4	3	10	10	2	5	6	7	2	
2	4	5	3	8	3	9	5	6	7	2	2	3	2	1	10	9	10	5	3	
6	10	4	4	7	6	6	2	8	9	2	6	8	4	2	4	6	6	6	8	
4	5	4	10	6	1	4	8	3	2	9	9	7	1	4	2	4	10	8	8	
6	10	9	10	7	5	4	5	5	4	4	6	10	7	8	5	3	5	6	1	
1	10	9	7	7	7	4	9	8	10	4	5	9	8	4	8	5	5	4	7	
2	2	7	2	3	1	6	8	7	2	5	6	3	5	5	10	6	8	3	9	
7	3	8	6	2	1	1	8	3	8	10	5	4	3	1	8	5	2	4	9	
1	10	2	8	9	9	4	10	9	7	2	2	8	9	2	7	2	10	6	3	
8	1	4	5	4	2	4	5	2	9	7	4	9	8	7	4	7	7	10	9	
9	9	4	6	4	7	8	7	10	3	2	2	5	9	9	5	8	6	8	3	
2	4	6	9	3	10	6	7	4	2	1	8	4	5	10	4	10	10	8	10	
8	5	7	5	9	5	1	10	2	3	9	2	1	1	7	1	9	2	7	2	
10	2	4	4	1	1	3	1	3	1	6	9	10	5	4	9	1	5	3	1	
10	5	8	8	6	3	5	9	7	10	6	3	7	7	2	2	5	10	1	8	
3	4	9	7	3	7	2	8	2	4	10	5	9	4	6	2	2	10	8	4	
3	6	6	6	10	3	1	8	2	1	3	7	9	1	9	4	9	5	6	7	
6	3	9	3	8	6	5	10	9	8	1	3	3	9	9	4	5	2	6	5	
2	9	3	7	3	2	7	2	6	2	8	6	4	4	8	3	10	8	1	5	
2	8	2	10	9	5	8	10	6	6	6	8	5	1	2	3	6	9	7	5	
5	3	4	6	7	10	10	5	9	1	5	6	3	8	8	8	8	9	5	10	
1	7	1	1	10	8	10	3	5	9	1	10	2	10	10	6	3	4	3	2	
3	10	10	6	6	8	5	10	5	9	8	3	7	1	4	8	9	9	2	8	
10	7	4	7	5	7	3	3	5	1	9	2	8	9	5	6	8	7	8	1	
10	7	4	6	2	2	10	7	2	1	9	10	4	9	3	9	8	1	8	4	
2	5	2	6	5	8	8	10	5	1	1	3	1	10	7	10	3	1	8	4	
5	5	9	2	2	10	3	6	8	9	8	9	2	1	1	4	4	10	2	7	
9	6	7	1	2	8	1	8	4	10	4	8	5	10	6	5	4	2	5	8	
2	4	2	4	3	1	2	9	9	9	10	6	9	3	10	2	5	9	2	1	
3	8	10	2	6	5	6	2	9	5	4	6	3	2	10	6	9	9	4	2	
6	10	7	5	4	2	3	7	3	4	2	4	3	9	1	2	1	3	3	1	
5	4	10	3	1	6	3	4	10	10	6	8	8	7	1	8	1	3	4	3	
1	6	8	2	1	10	2	3	8	5	3	2	10	1	10	6	10	2	5	3	
6	1	1	9	2	3	2	6	9	9	2	3	5	6	5	5	7	6	9	5	
1	8	7	10	6	4	9	6	1	2	10	9	2	9	7	4	5	6	7	10	
4	7	4	1	4	3	6	9	1	8	7	1	4	6	3	9	9	2	6	4	
4	9	6	9	2	5	1	2	9	6	10	1	1	9	5	1	10	8	8	5	
4	9	8	6	8	9	2	6	3	5	7	7	8	1	3	9	2	3	6	7	
6	9	5	9	9	8	10	3	4	4	9	2	6	6	9	1	7	1	10	8	
10	6	4	8	7	6	9	5	6	9	9	3	8	8	10	6	1	9	4	8	
5	3	6	9	8	8	7	9	2	1	8	4	1	9	4	10	5	8	4	9	
8	8	3	3	2	3	6	5	3	2	3	7	1	9	3	9	7	9	9	10	
9	5	8	10	2	3	1	4	6	9	7	4	3	10	3	6	7	2	5	3	
3	1	4	8	10	3	7	9	1	5	5	4	9	4	1	5	4	9	5	1	
9	9	3	7	8	9	2	2	5	7	3	10	6	2	5	3	5	9	5	8	
2	10	6	4	6	9	7	2	9	10	3	8	2	7	5	9	1	9	5	9	
9	1	3	9	5	8	2	5	10	2	4	5	5	9	3	8	6	8	6	5	
10	5	8	3	8	4	1	6	8	3	5	4	7	10	2	2	1	6	8	9	
3	5	8	2	1	9	6	4	2	9	5	4	9	8	9	6	6	6	10	6	
10	2	1	7	8	9	5	4	7	9	3	3	4	4	6	3	8	3	8	4	
7	6	9	5	3	4	8	10	1	2	10	5	2	2	3	6	8	4	2	10	
7	1	9	8	6	8	1	8	1	9	4	4	3	6	9	6	4	2	8	4	
8	4	10	6	5	10	3	7	8	5	10	6	3	6	7	4	2	1	3	4	
9	7	1	5	10	6	4	10	9	8	9	10	10	3	2	5	3	8	1	6	
10	7	2	4	1	10	10	1	4	5	4	10	8	3	10	5	6	7	3	6	
1	6	4	10	3	4	10	8	6	5	4	4	3	1	3	4	8	10	1	8	
6	1	10	1	4	7	1	8	1	7	1	8	7	8	4	3	2	3	7	5	
3	3	7	3	7	6	5	9	9	3	8	8	4	10	6	6	4	2	4	8	
7	1	10	6	8	8	5	6	2	4	2	8	7	5	6	10	2	1	6	6	
4	3	8	2	4	4	3	1	5	2	10	4	9	8	9	8	6	8	7	3	

Stepup times between family, where [f][f] represents initial setup time
On machine	1
90	74	30	16	35	81	62	89	93	23	4	75	1	77	23	62	67	69	40	41	
83	36	35	5	12	10	51	82	89	90	9	79	76	28	98	60	40	51	22	98	
79	46	67	15	15	69	70	20	3	67	100	71	81	88	75	89	29	63	13	12	
3	77	95	93	1	30	77	92	62	44	43	7	37	78	84	15	49	88	92	78	
52	30	62	51	71	84	33	16	94	91	58	70	34	14	38	58	55	34	7	70	
91	14	70	38	31	21	37	73	80	29	37	47	43	81	55	1	61	9	91	71	
2	71	45	93	48	90	47	70	24	49	76	76	98	83	33	36	29	83	35	59	
41	77	2	79	34	9	40	20	72	34	66	62	96	35	68	57	5	48	42	22	
52	95	84	61	87	13	7	3	90	65	76	79	85	89	81	19	7	58	9	85	
67	22	7	39	92	6	61	1	2	88	64	35	94	65	12	2	34	4	91	67	
50	18	21	13	79	99	45	3	11	11	73	35	60	90	1	58	82	29	51	31	
18	13	32	32	45	67	59	21	96	90	64	82	13	92	88	68	57	92	100	68	
96	67	2	59	17	51	75	90	70	21	29	7	12	11	3	57	38	35	13	15	
1	26	41	28	13	45	38	95	88	88	83	61	6	60	98	11	91	58	8	58	
93	41	16	30	39	45	17	38	89	63	2	43	3	99	29	38	95	57	53	70	
48	67	10	35	88	55	16	15	29	86	64	8	40	13	12	16	83	52	80	42	
3	79	23	5	5	73	86	38	36	52	87	23	40	84	1	10	5	57	83	9	
29	32	91	3	60	6	72	79	1	18	54	99	10	19	13	34	41	53	62	77	
56	85	36	77	40	11	29	55	41	97	19	81	100	21	43	69	55	66	63	89	
100	57	27	62	3	57	81	100	4	36	54	59	9	16	31	91	67	69	31	62	
On machine	2
27	71	21	88	18	12	78	3	25	26	61	85	83	48	59	85	22	14	61	6	
28	40	60	82	43	44	71	65	38	32	7	76	80	29	100	2	58	33	96	84	
89	93	14	62	22	87	17	37	73	25	51	59	66	30	10	100	93	3	46	14	
91	25	31	8	62	11	31	82	71	85	91	82	89	72	55	62	15	74	51	2	
54	57	65	44	7	54	21	37	68	4	5	75	20	72	25	68	50	44	12	6	
53	85	49	83	49	76	33	74	58	70	84	34	10	45	90	32	55	51	14	36	
82	76	36	5	57	20	45	3	62	82	53	4	45	77	46	9	97	55	96	1	
69	92	43	42	42	39	44	51	60	55	13	93	48	49	59	39	24	54	6	88	
38	19	22	38	37	4	55	83	7	21	39	37	86	68	17	19	1	91	92	85	
88	79	7	53	82	53	81	66	42	81	31	48	34	59	14	8	32	77	70	17	
60	11	5	33	14	53	78	19	34	58	71	16	42	6	84	67	46	52	2	70	
66	40	39	87	70	89	34	20	65	48	73	31	68	41	15	68	79	73	81	59	
1	89	70	29	69	25	81	63	21	45	77	14	80	95	49	71	47	43	57	77	
3	31	25	58	54	26	38	15	88	27	85	27	95	6	67	74	52	5	77	5	
62	63	33	77	35	75	53	24	100	62	21	34	80	26	99	46	28	47	25	42	
49	2	60	34	79	6	97	85	70	90	96	92	74	23	16	78	90	76	10	56	
87	77	86	14	12	77	4	63	39	65	87	64	48	42	95	70	54	61	40	34	
17	29	62	23	93	14	78	89	42	72	94	51	31	44	82	23	68	62	29	39	
60	54	37	28	35	82	34	50	77	50	50	95	16	81	42	74	10	11	7	29	
49	84	65	68	63	35	2	12	18	9	26	84	89	69	80	34	55	70	4	92	
On machine	3
86	82	91	17	34	83	46	98	11	76	15	82	4	70	1	80	53	15	3	66	
49	26	62	26	70	27	92	30	73	28	33	7	43	20	100	14	40	66	4	41	
34	20	33	13	2	68	15	63	73	26	24	62	79	28	48	20	67	67	38	97	
22	19	48	24	37	45	20	58	26	100	98	2	47	13	34	11	51	31	15	57	
23	96	95	45	43	80	51	54	45	95	52	22	71	85	68	30	38	8	21	21	
29	51	29	77	78	86	29	92	70	61	56	45	37	17	34	16	45	34	1	38	
34	42	62	48	68	30	4	78	59	30	7	61	52	54	99	47	66	76	37	57	
57	7	45	49	46	88	18	39	35	6	10	31	84	79	26	2	64	2	31	70	
31	17	78	92	41	52	55	66	67	47	9	47	48	3	93	50	7	74	56	64	
45	87	87	56	81	53	10	78	74	88	70	64	23	64	56	14	15	69	68	82	
74	89	60	35	47	63	58	44	49	66	29	93	8	20	62	64	4	8	13	48	
37	7	93	25	73	37	73	43	18	87	22	80	91	15	88	19	94	95	78	48	
58	70	12	40	54	8	83	33	92	87	50	49	60	30	70	5	24	62	51	58	
91	16	20	20	35	47	44	85	9	9	50	9	2	84	62	21	66	76	58	54	
18	85	54	16	32	75	79	80	38	79	74	44	76	12	66	24	89	38	57	98	
19	60	22	6	46	100	88	78	11	43	73	44	9	2	75	22	76	4	79	86	
57	53	81	68	93	46	27	29	17	10	81	37	4	75	99	67	65	55	43	35	
94	85	43	56	46	35	37	94	41	61	74	66	2	26	29	63	67	22	72	73	
24	28	96	2	89	23	70	43	53	78	86	72	83	1	85	39	40	91	24	84	
6	57	82	91	100	39	51	48	92	49	17	89	62	83	33	19	5	4	50	67	
On machine	4
51	88	59	11	10	50	4	26	86	37	51	29	47	5	58	8	33	6	63	46	
38	73	96	75	97	72	94	73	18	33	10	19	78	74	36	88	46	64	20	97	
54	32	13	36	9	54	63	79	37	68	42	70	80	33	25	54	47	6	77	83	
72	39	83	94	34	62	22	2	44	65	45	62	57	33	31	72	17	8	8	14	
39	23	22	42	79	70	18	92	44	21	4	79	87	63	83	48	26	51	9	35	
21	84	18	4	95	80	53	93	77	6	88	13	91	60	90	77	71	72	62	17	
21	5	86	23	92	51	59	64	6	94	22	74	10	58	6	75	36	7	76	72	
20	42	23	94	15	78	100	47	84	95	26	92	31	1	7	31	74	72	57	40	
46	41	28	54	85	60	14	76	50	11	88	25	43	47	14	98	32	80	73	83	
43	73	15	13	27	76	40	44	11	29	14	6	89	55	57	16	55	56	25	85	
19	80	43	68	16	97	27	100	87	92	19	77	99	61	38	40	12	17	43	7	
48	66	61	11	98	84	34	34	56	51	54	25	3	1	97	11	57	12	43	43	
8	70	88	34	98	57	40	21	81	62	52	91	46	3	89	32	60	94	22	95	
46	9	24	29	58	15	68	58	59	86	87	36	88	7	71	90	65	16	52	12	
98	90	88	13	99	54	25	29	54	15	31	26	56	85	51	85	99	44	99	58	
19	16	3	50	68	86	85	64	72	97	60	60	36	27	12	26	15	88	38	41	
6	20	90	35	100	30	79	17	5	14	73	28	58	38	53	13	92	1	17	34	
20	51	28	68	50	78	60	12	63	51	22	27	5	58	44	56	29	99	92	33	
91	73	36	49	45	59	39	11	84	46	40	32	49	69	84	94	91	23	12	65	
45	45	8	17	11	39	11	55	11	71	52	91	85	81	94	74	81	35	36	48	
On machine	5
91	98	76	67	34	44	31	64	62	86	25	69	19	34	7	21	37	55	79	34	
55	21	69	70	94	57	53	27	42	88	63	88	4	10	52	29	98	32	37	90	
83	72	22	34	78	77	3	89	34	57	83	94	36	87	9	53	100	15	81	88	
70	89	26	84	10	29	36	89	93	64	19	19	59	83	64	34	20	81	96	76	
74	64	44	70	70	39	87	75	81	2	67	65	17	44	14	54	3	54	98	82	
62	4	21	80	76	43	41	66	56	57	29	22	97	42	8	14	34	95	24	87	
1	52	71	11	80	45	20	99	14	68	58	91	8	28	21	44	96	60	56	68	
62	46	38	83	15	36	78	100	94	95	32	52	75	85	54	23	67	98	9	53	
71	97	39	81	9	42	15	99	60	55	42	58	95	45	65	100	62	56	20	50	
52	37	62	75	52	34	84	18	92	71	39	42	90	49	18	69	80	21	53	81	
77	21	81	68	99	21	57	33	85	82	15	41	35	87	41	83	59	6	49	75	
40	5	7	74	21	43	20	78	19	79	18	37	77	7	57	92	9	25	79	28	
70	1	62	75	31	40	56	2	40	7	41	18	40	33	58	25	20	42	85	83	
21	63	75	57	21	93	7	92	71	23	63	100	1	58	49	59	85	32	1	38	
49	27	19	39	58	8	22	68	34	69	71	63	68	83	24	22	96	69	78	17	
86	85	93	54	62	6	8	50	8	1	82	74	10	85	11	51	16	94	27	95	
89	25	62	83	98	20	21	22	86	41	45	47	31	21	75	82	91	23	31	18	
92	36	19	61	36	98	81	78	70	10	35	92	21	85	49	58	65	30	49	21	
43	52	94	65	89	12	69	41	77	43	36	98	8	9	64	65	14	77	43	75	
86	58	6	4	84	72	48	41	53	36	92	76	24	63	12	34	34	62	56	17	
On machine	6
14	11	25	88	71	56	58	85	67	85	47	9	80	55	28	1	93	53	43	89	
13	74	37	53	55	4	100	70	25	93	9	74	57	87	84	29	39	4	19	31	
7	55	35	38	55	21	23	97	26	24	87	41	81	86	27	52	78	67	56	15	
42	64	62	25	35	71	37	59	9	10	13	60	28	62	41	87	4	24	23	60	
9	90	73	38	79	43	79	92	38	69	78	94	87	40	9	6	95	61	66	92	
30	90	32	60	91	5	50	12	44	93	78	78	83	56	58	6	85	82	53	80	
46	50	39	67	52	57	14	84	38	3	4	46	33	99	20	3	58	49	35	56	
38	81	35	76	6	75	65	32	30	19	45	75	6	13	24	57	57	92	41	32	
8	1	1	26	46	90	34	65	64	59	99	34	64	54	62	75	4	75	41	15	
72	9	2	28	66	41	70	83	34	61	85	36	47	92	64	4	92	49	78	20	
3	37	33	22	52	100	71	86	4	53	70	73	5	49	28	62	4	38	30	40	
71	63	1	33	83	3	41	93	39	11	60	27	61	37	67	6	96	34	96	98	
100	1	30	15	88	28	66	70	3	85	67	3	63	83	46	2	26	64	47	99	
48	8	84	26	80	43	11	92	32	75	48	76	60	3	61	89	85	83	8	56	
53	70	92	61	75	91	60	10	74	86	6	7	22	8	42	89	60	78	8	74	
23	60	49	40	38	65	60	33	57	65	86	38	14	83	76	24	22	18	49	52	
39	64	86	16	8	31	42	74	97	94	28	69	45	36	93	14	40	98	77	98	
55	47	40	47	16	47	58	50	88	19	15	13	3	91	27	20	44	26	62	47	
86	71	87	89	55	23	19	59	2	59	61	66	24	31	30	50	11	83	32	77	
59	100	9	70	74	43	54	68	75	87	33	86	20	18	23	31	73	72	78	48	
On machine	7
11	74	89	52	13	30	65	92	23	67	82	25	88	55	4	27	68	47	36	28	
47	77	4	2	83	37	59	5	7	12	74	53	2	14	69	56	75	59	31	96	
10	72	3	58	100	55	27	40	44	32	6	97	72	38	15	87	34	19	84	27	
41	32	31	33	51	12	99	85	58	13	44	35	41	12	41	83	92	62	79	1	
64	42	4	69	70	40	10	67	100	93	100	6	8	51	15	36	37	3	78	61	
65	19	48	87	70	84	89	96	2	70	19	49	43	53	11	30	10	36	55	27	
60	1	7	58	98	5	93	75	89	1	34	30	80	13	88	56	15	20	50	40	
59	53	16	86	79	79	85	98	87	19	20	56	64	100	57	30	28	24	86	17	
38	45	20	29	72	86	50	87	2	17	84	94	12	37	32	76	92	48	53	70	
60	74	4	63	97	25	59	40	51	81	45	73	95	64	33	96	45	26	12	21	
78	27	87	7	57	99	53	83	38	70	91	47	22	9	15	95	58	17	49	17	
82	43	24	78	53	20	98	79	21	81	45	14	75	61	5	7	15	100	38	87	
18	52	51	58	81	34	9	23	2	100	74	97	33	59	61	63	43	29	92	80	
26	85	6	81	67	49	93	33	57	10	93	54	34	11	10	10	81	98	60	8	
88	47	68	52	95	68	22	7	79	41	86	46	14	82	41	33	90	12	77	94	
30	93	73	76	81	84	37	91	79	100	15	71	64	95	24	57	46	24	91	59	
25	48	57	1	58	52	84	9	5	84	99	77	36	76	18	38	79	86	78	75	
10	53	53	4	71	8	17	69	55	43	95	5	12	8	88	50	43	18	76	89	
90	57	21	18	60	56	20	65	57	4	72	85	7	24	54	66	99	50	55	47	
25	15	92	93	78	32	4	41	38	4	56	16	28	92	56	38	13	99	91	57	
On machine	8
59	60	7	57	63	2	87	65	37	97	100	52	60	62	78	58	11	7	37	2	
60	1	39	74	57	47	23	8	74	81	32	75	9	67	83	70	80	47	8	38	
40	38	47	93	46	81	12	68	99	38	100	19	47	49	92	38	97	63	79	60	
29	77	90	44	4	3	58	81	99	95	5	86	73	48	37	32	78	26	70	43	
35	50	57	6	93	77	52	68	100	15	9	32	30	45	36	59	71	10	31	58	
68	58	86	73	1	9	17	84	81	38	26	48	42	91	4	51	66	46	32	79	
23	61	24	94	59	21	27	6	67	92	87	5	53	88	22	56	69	69	65	40	
63	23	46	43	68	79	70	43	32	31	39	68	64	22	26	38	64	84	30	25	
11	63	95	100	19	66	66	89	12	17	13	53	57	6	4	37	48	84	56	47	
72	65	99	23	47	23	79	85	1	5	42	97	1	47	60	5	87	23	57	4	
31	64	32	50	77	32	29	9	22	29	12	11	20	79	69	48	27	43	49	61	
14	39	71	77	78	65	91	84	29	35	39	30	69	49	51	82	42	29	51	79	
30	16	83	39	100	52	55	12	4	19	30	32	72	22	31	84	36	59	4	80	
92	9	74	33	8	56	72	1	30	44	84	28	49	14	63	11	18	53	82	37	
47	97	77	22	27	90	80	45	99	41	9	91	3	100	31	100	74	69	1	46	
64	1	50	28	62	10	19	17	31	30	36	17	47	88	91	26	90	4	63	29	
68	63	24	24	44	51	43	5	84	82	59	80	95	48	72	47	62	64	88	8	
47	94	93	25	44	92	2	91	97	74	44	32	98	47	71	90	12	92	30	38	
55	99	9	73	93	13	31	95	7	84	100	19	34	91	57	100	76	52	77	100	
18	33	57	10	75	42	9	31	79	38	13	11	45	23	68	66	64	98	88	30	
On machine	9
79	78	84	66	15	59	70	85	4	13	9	14	35	7	24	69	60	62	50	48	
9	2	7	24	79	26	86	78	88	70	90	34	46	45	65	60	63	59	32	29	
58	92	1	89	34	13	86	83	80	15	56	28	28	79	80	46	8	67	83	89	
9	88	41	80	57	82	6	77	11	3	47	27	63	7	16	87	69	74	2	27	
19	71	4	14	18	42	27	90	62	62	98	11	4	21	45	100	72	17	35	49	
98	23	7	42	34	23	56	60	17	81	99	9	40	84	90	83	57	80	19	39	
34	40	74	61	64	89	63	24	53	40	83	23	13	80	47	59	15	80	53	15	
14	21	83	31	4	48	38	89	79	84	5	33	37	63	7	32	4	64	96	98	
74	75	51	51	10	81	19	31	6	8	63	41	76	7	92	50	10	38	7	5	
24	73	40	10	99	97	36	34	82	51	35	81	10	59	86	52	66	20	84	47	
78	58	51	61	59	43	82	27	62	61	30	70	81	76	74	74	37	53	87	95	
4	39	60	39	63	48	16	22	54	70	56	7	94	14	92	58	83	54	79	79	
59	8	9	92	11	64	87	4	53	25	75	66	82	52	98	52	4	28	60	41	
54	53	32	11	96	60	79	37	62	62	56	79	7	43	66	22	4	69	82	71	
30	21	78	25	58	28	59	20	76	58	3	92	27	3	93	35	87	81	98	45	
80	28	38	5	7	83	29	65	8	42	94	76	88	16	86	37	20	24	38	98	
34	89	23	20	34	50	47	69	50	58	62	22	22	28	57	84	67	48	93	55	
31	17	82	98	87	63	85	5	27	23	16	13	86	22	37	60	78	9	46	42	
32	14	8	63	29	1	4	90	75	100	22	41	51	27	9	8	36	16	20	33	
49	87	58	60	29	64	31	41	79	17	67	87	50	94	48	54	97	11	77	66	
On machine	10
8	97	7	55	26	76	88	91	13	10	46	99	64	82	3	55	27	45	21	100	
26	44	20	48	77	56	13	40	46	99	47	55	92	83	13	90	87	48	57	67	
89	13	2	99	92	9	19	11	23	74	96	15	1	61	42	95	68	99	23	77	
75	98	35	56	37	47	63	2	14	27	85	76	69	49	35	44	64	65	49	71	
53	59	8	65	61	80	98	64	19	96	66	100	93	50	63	83	64	75	83	38	
65	34	91	98	71	38	74	20	94	8	79	37	40	31	51	57	21	5	71	71	
64	86	89	8	69	82	40	26	72	85	81	59	41	55	59	35	19	24	77	50	
33	66	32	74	14	12	46	2	32	39	80	13	98	13	73	23	57	83	49	25	
91	60	95	15	66	87	81	49	40	83	53	98	77	41	49	12	76	72	41	30	
60	63	41	10	52	57	69	75	94	89	86	68	32	51	41	74	7	100	89	93	
58	2	90	15	11	89	30	80	29	74	5	68	5	74	41	77	33	34	80	87	
94	100	51	31	29	36	25	93	13	90	38	87	30	11	49	21	6	84	81	67	
53	90	53	9	35	12	66	21	56	92	87	95	58	30	36	96	83	88	27	81	
58	55	42	87	80	70	62	2	88	24	21	70	2	64	23	90	45	82	54	71	
38	20	94	75	75	47	34	71	48	53	1	66	26	60	55	30	99	67	93	47	
17	46	24	28	21	88	84	29	30	65	72	27	35	81	100	77	57	23	57	88	
80	76	48	65	56	53	64	22	6	95	45	61	15	40	35	47	43	85	11	39	
70	45	50	21	36	3	51	13	81	99	29	82	32	61	65	1	22	13	66	80	
26	63	100	65	49	29	20	87	24	38	71	93	54	18	82	19	89	66	47	46	
49	87	2	27	56	52	11	83	23	71	45	65	29	26	14	49	46	84	30	64	
On machine	11
28	76	34	32	87	62	72	68	27	96	59	14	9	6	56	64	66	74	97	72	
98	10	50	100	97	12	61	84	84	40	47	7	57	81	81	61	100	73	79	55	
55	16	18	99	81	56	40	33	5	85	80	73	46	64	55	65	60	53	36	28	
9	35	68	69	47	83	39	48	47	49	3	43	82	76	57	25	57	42	12	36	
100	19	32	97	47	98	28	22	12	94	89	6	39	14	4	17	50	39	78	45	
36	72	54	73	48	50	18	73	11	66	16	16	72	62	85	5	87	6	7	31	
37	72	96	81	39	64	98	40	15	82	13	6	92	31	77	56	20	83	53	91	
10	63	49	61	35	81	85	84	60	87	21	83	63	61	66	34	74	46	25	66	
64	87	23	53	47	32	7	97	36	73	53	36	67	41	61	99	93	30	64	8	
57	58	57	77	94	74	6	56	39	8	85	20	95	24	38	99	37	58	19	46	
24	54	55	64	65	60	99	25	58	8	70	56	25	68	56	28	87	72	26	90	
54	90	95	8	19	55	38	57	28	57	100	3	15	84	81	87	38	59	55	66	
50	28	62	56	85	68	47	96	54	78	78	41	42	82	19	51	98	4	10	96	
94	60	79	35	11	2	90	48	26	26	99	83	44	76	33	64	18	86	83	36	
63	81	34	12	22	95	69	38	58	5	58	37	40	80	19	96	60	76	37	42	
85	53	55	81	57	49	62	67	21	75	33	27	41	88	14	44	16	70	41	40	
23	30	48	26	1	72	61	45	3	41	87	31	51	31	75	46	13	94	75	75	
75	75	10	4	18	6	58	90	67	49	98	41	68	54	46	23	75	10	49	8	
57	20	22	23	65	18	90	81	99	50	11	53	44	66	69	20	75	43	74	62	
2	79	19	3	100	89	92	77	3	7	78	3	19	63	93	35	91	87	51	27	
On machine	12
70	34	97	88	61	72	75	80	98	67	45	35	85	5	98	94	23	15	80	10	
11	7	1	5	15	33	43	86	97	53	3	19	19	78	22	61	10	7	56	82	
63	72	78	27	1	91	81	67	52	78	12	25	42	79	79	48	29	29	79	52	
50	23	26	31	90	86	67	51	78	81	64	75	25	83	20	15	38	93	75	6	
57	82	1	4	14	26	92	69	18	86	68	66	37	79	63	96	12	70	78	46	
63	32	43	23	5	25	60	64	73	83	37	27	72	35	30	73	83	53	97	87	
53	26	2	5	19	64	83	14	74	73	87	97	100	66	82	100	87	6	19	86	
92	28	65	37	95	89	97	50	43	58	34	37	13	69	65	91	31	36	12	3	
1	67	5	19	98	81	27	61	92	3	99	5	65	80	17	83	18	90	62	6	
54	8	55	60	27	58	66	87	47	76	66	68	10	14	92	22	29	49	82	73	
1	77	22	2	96	21	47	42	66	56	43	25	35	97	100	87	48	86	20	20	
10	48	12	63	1	95	46	85	37	3	24	22	10	15	6	67	22	22	76	1	
92	87	64	61	36	95	71	13	50	53	64	63	48	25	49	24	1	8	14	85	
2	31	52	7	35	28	88	14	14	69	6	18	49	92	95	94	10	16	51	79	
45	50	57	1	49	32	67	28	1	43	34	12	53	36	62	9	98	62	45	60	
10	76	76	30	49	66	9	99	29	38	29	68	19	1	97	34	92	58	97	96	
90	84	92	98	60	88	16	16	3	81	28	85	93	24	7	10	68	45	65	66	
83	81	28	44	17	25	62	72	43	32	7	81	12	41	17	22	58	34	17	77	
8	87	29	43	87	43	13	80	3	89	56	28	81	51	66	70	43	44	39	72	
56	44	23	69	61	10	47	62	23	77	59	49	89	94	58	41	92	29	65	63	
On machine	13
82	20	5	63	47	51	65	100	5	10	15	93	5	18	3	61	53	70	96	61	
86	93	54	29	60	87	63	65	96	75	89	87	40	59	96	60	62	75	63	6	
27	39	44	86	4	95	94	4	73	97	56	71	45	22	18	20	50	4	91	10	
47	36	94	13	61	12	22	51	36	45	4	6	85	2	13	9	22	39	23	33	
3	43	43	43	49	47	75	19	22	4	9	75	87	23	79	9	90	3	74	61	
33	50	7	72	23	51	6	72	28	40	16	80	37	19	30	82	16	18	94	36	
57	87	44	21	45	30	75	48	64	99	82	41	29	29	31	82	82	65	89	8	
90	32	96	63	73	39	64	30	75	39	56	5	50	88	21	32	60	98	83	10	
9	43	83	93	91	56	78	76	62	20	75	24	11	35	91	21	16	50	5	76	
73	60	24	40	80	22	86	1	68	95	25	15	23	77	46	47	58	53	25	62	
40	96	24	62	73	52	83	2	59	51	81	81	22	51	82	39	81	38	96	48	
94	83	6	81	82	17	6	75	9	26	36	2	52	27	31	25	31	31	7	84	
67	56	53	20	27	66	42	2	90	19	63	61	67	8	86	27	58	13	5	59	
22	97	60	91	41	40	68	46	2	16	91	35	3	25	15	96	76	83	38	57	
74	37	93	60	20	59	89	34	28	61	32	27	67	68	35	39	91	67	9	32	
67	93	40	13	94	63	59	40	77	75	91	59	89	92	32	9	27	12	23	47	
16	26	50	49	52	57	6	29	27	70	31	65	20	29	39	43	16	7	75	31	
68	56	93	91	94	28	13	94	10	83	55	86	9	46	19	88	77	84	50	13	
4	62	9	79	35	92	63	38	49	43	44	95	75	52	35	4	41	13	65	55	
7	20	29	60	7	33	39	82	8	53	7	53	100	79	6	100	65	82	45	51	
On machine	14
45	36	20	36	93	38	80	95	15	35	13	99	82	24	24	67	73	15	67	6	
36	16	33	95	8	29	40	78	60	17	31	56	32	21	39	79	96	83	82	56	
22	31	31	92	8	66	26	6	70	100	86	93	33	95	37	11	50	74	31	95	
65	31	62	88	20	49	44	58	10	90	30	11	28	27	35	37	91	96	49	68	
95	59	28	76	18	53	81	1	2	44	79	46	91	79	27	69	9	35	84	54	
57	1	63	65	27	63	37	96	4	86	23	98	2	31	26	72	7	91	49	70	
68	17	3	12	44	47	9	67	98	58	94	93	71	26	91	42	50	82	60	45	
89	12	99	97	100	30	42	51	74	63	28	61	32	34	55	61	24	96	82	34	
71	92	11	3	97	94	49	40	14	30	67	28	99	100	33	77	100	66	72	23	
43	65	46	95	25	15	23	6	15	2	90	25	6	39	11	61	4	49	18	39	
93	83	27	63	7	84	52	32	78	15	91	63	41	71	42	85	71	91	97	59	
36	37	89	23	49	70	21	74	59	24	56	73	84	28	44	23	52	98	86	57	
82	70	49	68	82	97	18	56	49	31	59	41	100	84	2	19	31	27	77	89	
83	20	60	3	76	100	83	52	98	68	93	42	52	39	6	25	54	6	28	47	
53	41	77	24	37	85	68	31	13	43	80	60	10	66	13	39	37	12	76	2	
66	83	98	81	20	94	3	27	81	53	12	21	11	25	25	49	15	26	43	6	
100	39	55	31	29	18	75	11	45	62	52	70	14	1	21	31	91	77	99	33	
53	40	41	82	90	21	42	63	46	82	34	67	78	87	49	82	23	29	4	72	
30	51	9	28	71	89	66	44	98	86	51	42	38	89	27	5	43	42	68	85	
10	10	86	79	57	96	97	32	34	16	12	20	95	29	67	84	16	26	42	36	
On machine	15
9	27	51	39	71	15	34	36	45	90	36	41	94	79	90	62	62	96	57	44	
81	74	68	92	22	27	39	59	36	66	13	2	11	34	19	43	24	86	64	61	
37	4	46	100	89	11	9	78	1	76	95	58	41	2	8	59	34	59	74	14	
23	14	47	99	15	3	10	14	11	71	84	53	88	24	66	42	39	66	9	62	
56	2	29	98	7	38	71	47	56	28	14	58	70	89	56	46	79	4	84	79	
91	8	71	12	96	15	49	54	12	61	19	19	19	13	36	79	29	21	44	73	
73	74	60	57	48	1	57	60	36	78	47	17	72	18	18	26	46	11	7	87	
66	96	67	99	98	49	64	63	26	46	49	29	57	24	23	28	27	49	3	92	
36	51	58	33	52	29	31	2	3	41	31	78	95	43	19	46	100	43	94	24	
91	79	58	15	46	60	60	8	1	30	49	61	28	80	48	92	59	78	98	35	
33	30	75	37	12	79	6	66	46	51	20	62	14	39	80	78	85	32	32	33	
44	39	80	72	97	100	21	6	64	76	77	97	4	18	16	6	51	68	58	47	
1	13	96	2	97	76	14	69	38	55	64	66	66	3	31	15	52	92	15	48	
80	5	25	43	91	27	12	47	51	58	37	32	89	84	78	46	34	98	23	57	
79	35	76	66	25	67	70	50	79	49	23	64	39	9	48	56	23	84	37	25	
64	42	38	38	34	55	41	44	2	85	42	83	45	69	81	37	95	99	82	56	
90	67	7	62	70	10	34	30	33	70	60	99	55	20	51	52	98	40	12	91	
65	9	80	49	46	7	7	25	95	71	44	97	33	4	52	50	20	96	96	1	
61	42	16	13	12	24	44	29	46	6	81	37	21	77	80	12	54	36	15	47	
14	43	67	49	6	59	3	30	100	32	66	14	55	23	15	97	63	99	88	5	
On machine	16
27	32	95	19	32	5	20	14	15	55	43	23	56	20	39	31	71	22	2	19	
42	60	22	97	38	80	95	1	51	63	18	71	7	22	7	80	84	79	75	91	
15	38	80	99	47	97	26	28	85	91	21	55	27	5	2	12	92	87	95	9	
60	86	72	65	17	16	54	2	9	85	61	75	38	63	93	45	34	19	64	68	
37	21	56	82	27	7	95	39	53	75	67	98	78	81	48	98	12	77	14	47	
51	62	7	44	100	47	70	63	95	26	58	42	48	68	12	30	6	86	29	46	
48	64	86	10	56	12	39	77	1	41	38	20	30	88	1	67	24	74	50	45	
100	42	53	8	74	34	69	96	32	86	4	40	15	9	43	49	9	53	32	48	
95	32	45	44	36	36	87	76	44	35	75	84	11	38	35	31	39	95	55	14	
19	24	80	19	35	16	98	47	30	83	23	83	14	83	24	45	56	68	97	65	
38	27	78	50	15	53	31	80	52	93	29	83	16	46	52	17	28	27	9	8	
91	49	67	34	9	19	60	26	13	88	75	85	1	2	33	21	97	92	10	5	
88	50	24	58	44	52	70	72	61	67	53	3	86	95	11	54	81	51	44	1	
85	24	75	18	22	68	7	26	82	8	97	71	97	19	31	30	78	79	6	64	
37	61	41	24	84	57	71	75	64	81	4	63	3	25	54	31	99	51	100	8	
15	77	65	81	89	28	76	58	37	57	73	11	33	93	28	18	17	79	29	48	
2	74	47	56	94	99	31	74	24	35	48	47	15	54	75	28	63	94	14	35	
1	91	45	66	26	79	16	40	18	38	92	55	72	86	82	91	20	22	71	22	
26	79	31	59	55	84	44	44	32	23	85	54	37	37	94	90	41	79	48	62	
24	52	63	91	100	23	33	48	40	21	18	33	87	93	96	91	16	57	47	90	
On machine	17
11	99	10	66	67	85	8	12	1	13	29	92	49	28	22	84	6	97	26	4	
4	6	64	17	2	51	93	89	74	4	92	13	47	8	16	43	60	97	11	24	
60	42	96	77	72	35	91	52	5	60	20	31	99	1	35	70	41	99	89	68	
74	23	97	18	95	12	52	73	49	71	96	87	56	74	45	98	57	5	29	91	
69	64	66	59	26	71	51	19	99	40	83	84	86	82	79	82	77	59	34	45	
86	76	42	53	45	11	39	21	77	39	19	52	39	28	12	95	97	22	5	40	
2	59	38	54	30	64	25	69	86	30	24	33	12	5	24	29	22	82	82	67	
44	35	52	19	21	60	69	72	8	92	96	42	96	75	58	62	35	6	4	67	
84	25	81	25	79	74	92	53	95	80	81	49	98	85	61	41	13	28	99	43	
54	26	53	69	56	41	32	97	51	19	80	51	88	17	46	57	2	72	81	100	
94	100	73	90	26	25	59	88	65	83	85	80	68	20	97	6	43	8	54	50	
23	75	12	78	39	94	43	48	70	92	74	69	62	43	32	23	73	62	44	52	
49	67	22	3	3	26	100	68	18	23	62	49	76	84	17	89	97	82	100	94	
94	94	9	87	79	52	90	97	52	93	48	55	48	98	22	37	62	64	14	68	
86	93	69	75	19	47	91	52	13	24	100	10	54	65	26	76	22	66	2	40	
77	2	41	26	17	67	71	69	62	80	31	64	49	86	34	30	52	30	24	36	
61	80	19	24	4	29	37	27	64	89	14	44	20	22	67	60	46	70	58	31	
32	50	60	8	46	13	3	94	32	92	55	19	73	80	81	42	67	25	80	22	
82	24	67	40	75	65	9	19	56	16	34	48	16	16	46	42	5	67	28	65	
73	23	4	82	27	93	35	71	16	39	61	59	80	57	91	49	79	26	33	24	
On machine	18
78	21	74	60	98	35	1	55	3	70	58	29	67	96	14	62	47	34	36	47	
84	48	42	31	85	65	88	2	33	13	88	24	59	12	38	40	79	56	17	41	
96	99	32	69	50	54	62	90	17	54	17	68	66	64	4	74	9	78	28	10	
89	88	45	93	32	93	73	10	19	38	55	22	91	46	7	36	74	62	22	46	
3	72	9	81	23	98	29	10	65	28	56	49	98	91	3	47	16	80	28	58	
1	40	3	35	100	82	42	96	12	64	22	36	10	37	25	45	43	23	29	59	
59	54	79	36	69	76	41	69	32	70	67	15	49	60	39	67	71	40	7	7	
12	69	85	62	64	64	5	54	55	15	22	83	79	30	28	23	66	43	40	51	
79	3	73	49	7	97	31	8	18	50	7	4	56	45	45	26	17	88	57	82	
31	77	86	92	90	87	88	2	64	64	16	89	18	65	30	42	5	67	57	92	
16	56	32	2	75	47	96	99	100	27	49	55	28	100	97	39	61	37	26	25	
23	53	23	58	98	24	30	76	96	3	43	4	79	7	77	73	31	16	72	7	
88	26	35	21	76	43	23	25	1	72	67	62	86	20	97	22	5	70	88	23	
95	18	43	39	75	35	11	85	57	77	90	17	13	56	24	71	23	85	55	77	
70	80	67	57	49	84	94	44	89	56	77	100	3	86	94	11	7	95	83	88	
100	40	69	99	22	29	57	18	18	65	59	38	47	10	27	83	93	59	72	78	
63	2	65	95	30	70	64	17	77	80	4	4	30	48	56	40	73	22	81	47	
86	36	27	83	32	61	18	27	98	32	57	8	32	95	25	51	24	45	97	37	
63	78	86	98	73	21	11	35	21	78	98	34	18	76	99	13	56	46	81	29	
69	42	92	90	85	3	6	18	2	47	6	95	24	51	28	97	25	30	39	76	
On machine	19
80	44	42	49	13	67	20	80	55	76	84	43	49	91	3	71	22	57	83	36	
33	5	41	19	6	85	15	3	83	27	20	78	9	2	69	37	70	96	93	87	
57	97	14	94	69	20	58	52	77	12	61	8	57	37	81	49	84	95	30	46	
62	60	66	86	14	63	31	47	91	44	2	7	76	8	21	77	21	53	72	37	
24	86	99	27	97	73	73	27	15	50	20	18	55	73	86	29	50	47	93	9	
17	48	45	49	36	12	43	28	7	54	52	100	70	34	14	48	85	26	21	7	
49	37	64	4	38	28	43	53	89	75	31	46	3	37	64	27	42	13	6	34	
22	76	71	52	90	65	25	49	95	28	4	66	45	8	65	70	92	60	100	9	
32	59	75	91	49	8	34	91	46	81	4	33	88	16	69	75	17	73	40	14	
56	95	57	40	95	31	35	26	15	56	3	68	14	57	3	1	79	19	74	38	
69	47	68	38	89	34	1	34	66	44	49	35	97	60	40	86	1	60	4	71	
44	93	50	12	12	79	45	29	77	68	65	84	96	24	48	74	23	6	65	58	
100	71	83	62	60	76	9	26	63	48	65	55	94	27	22	51	76	2	46	15	
99	42	8	100	86	84	65	61	89	38	91	28	32	29	40	9	6	98	96	78	
84	47	30	8	19	3	49	100	79	42	41	49	84	56	84	19	72	56	54	56	
55	55	84	1	88	85	30	89	24	84	12	35	16	93	14	86	24	76	68	23	
87	95	21	81	97	1	86	80	8	100	83	4	97	10	22	83	56	40	34	75	
44	26	86	47	76	45	7	23	63	20	22	57	72	72	22	20	58	28	5	2	
1	60	7	52	96	17	88	64	93	37	49	74	14	16	82	47	22	96	80	4	
36	14	49	55	58	8	90	79	20	92	37	47	18	62	88	58	10	91	66	29	
On machine	20
53	14	58	86	60	10	17	91	5	36	48	69	44	6	38	95	18	87	95	17	
11	90	8	17	80	99	57	17	87	25	94	92	100	14	55	51	68	36	9	91	
97	21	58	37	74	98	23	15	30	97	47	13	72	65	14	35	23	17	21	85	
12	98	17	25	97	96	8	29	47	98	97	4	39	36	38	53	77	76	8	89	
97	77	12	65	85	80	59	31	14	88	92	5	64	94	46	23	75	18	41	12	
83	72	87	67	99	3	7	17	72	78	84	78	64	12	91	94	55	9	83	58	
78	51	35	74	52	94	51	62	15	5	52	96	60	70	1	95	25	96	65	31	
77	39	27	52	45	99	44	90	46	19	93	75	47	39	25	76	97	1	42	23	
90	7	38	8	79	1	34	60	77	58	100	71	73	60	66	11	84	4	2	91	
67	70	70	67	66	59	75	42	93	5	89	12	85	62	6	18	19	60	74	66	
48	1	46	94	55	15	8	54	81	6	83	72	42	90	41	17	69	87	32	28	
71	87	100	70	42	15	6	100	99	54	39	9	68	3	69	54	91	72	84	18	
82	70	39	23	37	27	58	40	53	44	69	51	27	65	46	100	76	20	49	81	
97	52	64	41	77	87	53	97	54	15	84	51	59	24	13	29	77	85	25	28	
55	13	43	91	92	77	75	21	18	88	25	52	75	23	72	31	89	64	49	5	
57	20	49	28	84	40	98	24	96	5	12	90	1	66	93	18	80	40	94	24	
72	61	28	2	75	37	35	35	7	28	100	44	41	37	55	75	96	80	31	51	
69	62	38	18	26	35	62	46	89	58	92	6	88	75	51	42	93	73	53	53	
63	38	13	82	23	66	10	66	6	62	78	10	12	54	95	55	35	90	36	77	
78	77	99	34	11	30	74	76	44	58	78	12	51	69	57	7	24	58	67	3	
Reldue
-1	2149	-1	-1
-1	1644	-1	-1
-1	3439	-1	-1
-1	2270	-1	-1
-1	3386	-1	-1
-1	2592	-1	-1
-1	1784	-1	-1
-1	356	-1	-1
-1	3293	-1	-1
-1	1412	-1	-1
-1	2704	-1	-1
-1	659	-1	-1
-1	1165	-1	-1
-1	2041	-1	-1
-1	2598	-1	-1
-1	3157	-1	-1
-1	2647	-1	-1
-1	2458	-1	-1
-1	2418	-1	-1
-1	1822	-1	-1
