Families	20
Machines	10
MaxSetupTime	100

Number of Jobs in each Family
2	2	3	1	10	8	10	9	8	8	9	10	9	4	10	2	10	9	9	7	

Jobs in each Family
0	1	
2	3	
4	5	6	
7	
8	9	10	11	12	13	14	15	16	17	
18	19	20	21	22	23	24	25	
26	27	28	29	30	31	32	33	34	35	
36	37	38	39	40	41	42	43	44	
45	46	47	48	49	50	51	52	
53	54	55	56	57	58	59	60	
61	62	63	64	65	66	67	68	69	
70	71	72	73	74	75	76	77	78	79	
80	81	82	83	84	85	86	87	88	
89	90	91	92	
93	94	95	96	97	98	99	100	101	102	
103	104	
105	106	107	108	109	110	111	112	113	114	
115	116	117	118	119	120	121	122	123	
124	125	126	127	128	129	130	131	132	
133	134	135	136	137	138	139	

Total number of jobs
140

Processing times of jobs
9	5	8	5	1	2	1	8	5	9	
4	1	8	9	3	10	2	1	9	10	
8	1	1	8	8	10	4	10	2	2	
1	6	6	1	9	5	4	5	9	2	
2	5	5	5	7	3	2	3	2	4	
7	10	3	5	4	10	10	5	3	2	
6	7	10	7	4	7	10	4	10	4	
5	2	1	1	9	2	10	2	2	5	
5	9	4	9	10	5	7	3	6	10	
8	4	5	2	7	9	8	6	4	1	
8	6	5	10	9	3	2	7	6	1	
4	6	8	6	2	5	6	4	6	2	
3	10	5	4	2	8	8	8	6	6	
1	10	6	4	2	10	4	10	8	4	
9	2	4	9	10	3	2	4	4	2	
1	4	8	1	5	8	10	6	1	2	
1	2	1	6	5	2	10	7	1	2	
3	6	6	8	8	8	7	9	1	7	
9	9	8	3	4	1	10	5	10	10	
7	4	10	3	2	5	8	7	4	7	
1	9	5	9	6	3	10	4	5	7	
4	9	7	3	2	9	2	6	1	5	
9	1	1	6	6	7	3	2	7	7	
1	6	6	9	2	7	7	6	3	2	
5	7	1	3	6	5	10	1	10	7	
10	3	5	1	7	6	5	6	1	3	
9	7	10	7	6	6	1	3	3	4	
4	1	5	5	5	8	2	7	1	3	
2	6	9	8	9	4	5	2	1	2	
8	5	10	5	7	9	7	9	7	10	
5	1	6	7	7	1	7	4	8	2	
7	2	9	1	10	3	2	7	1	7	
10	2	8	7	10	7	5	2	2	5	
3	3	9	8	7	7	2	3	10	4	
10	4	10	3	3	10	10	10	1	8	
3	3	6	2	3	9	5	9	2	9	
7	5	4	5	5	5	1	10	9	6	
1	6	1	8	6	10	3	10	2	1	
1	4	6	10	8	2	2	5	6	10	
6	9	1	2	9	9	6	10	3	10	
7	3	10	1	5	5	1	6	2	6	
10	2	3	7	9	6	5	2	8	3	
8	6	2	6	10	5	10	5	5	10	
5	9	5	4	3	3	6	5	8	4	
1	2	6	5	2	10	9	5	1	5	
5	5	6	10	3	3	2	2	10	2	
7	6	10	3	4	2	2	8	8	3	
3	2	9	4	7	6	1	1	7	3	
2	1	1	6	1	9	9	8	5	4	
10	8	2	10	10	2	10	5	9	3	
7	6	1	9	9	6	6	5	10	4	
7	4	9	4	5	7	9	4	7	9	
6	3	6	5	10	4	8	2	5	1	
1	6	2	3	3	7	2	4	5	8	
10	10	8	3	6	4	8	8	2	8	
8	4	5	6	6	5	7	7	10	9	
4	2	1	9	5	1	6	3	6	8	
5	8	8	3	5	10	1	10	10	7	
5	4	6	2	7	8	4	5	8	9	
1	2	9	8	5	10	4	5	1	9	
2	4	8	1	10	9	2	10	2	1	
5	2	5	5	10	6	5	10	7	8	
4	6	6	3	3	7	9	6	5	5	
2	6	10	8	5	8	5	5	10	3	
3	1	9	1	4	2	5	4	7	6	
1	8	10	7	7	6	9	5	1	6	
1	5	6	1	10	2	8	4	1	8	
6	4	5	10	4	6	6	2	2	9	
3	4	10	9	1	9	9	6	6	10	
10	9	4	3	8	4	9	8	3	9	
10	1	5	9	7	5	10	2	6	4	
8	8	2	1	9	9	10	4	4	2	
6	1	9	10	8	1	3	7	10	1	
6	9	4	7	10	4	6	4	6	9	
3	9	1	7	5	7	9	5	1	7	
8	1	4	7	4	5	6	5	8	8	
5	9	7	1	9	7	5	4	7	5	
10	10	4	4	3	5	5	3	3	10	
2	1	6	2	5	6	2	7	7	6	
5	4	6	5	2	9	1	7	8	5	
8	5	7	6	2	4	8	9	2	8	
3	7	8	6	7	10	7	1	7	3	
10	9	10	5	6	2	8	1	4	4	
3	2	6	1	4	10	2	2	7	1	
7	5	1	10	7	8	4	5	8	4	
6	10	10	9	5	3	3	2	3	5	
5	9	3	6	1	10	3	1	4	6	
5	6	3	2	6	2	5	8	10	3	
8	3	4	8	8	4	2	7	9	2	
10	8	7	1	8	7	9	3	1	3	
3	4	4	5	9	7	4	4	2	4	
2	7	6	6	8	6	4	6	8	7	
8	6	3	6	1	7	3	3	10	6	
4	4	4	6	7	8	6	10	9	4	
7	3	6	5	6	1	8	8	1	1	
7	1	9	10	2	7	3	6	3	2	
7	8	3	6	7	7	7	10	5	8	
2	6	2	5	7	3	7	3	6	10	
2	5	5	10	9	4	3	2	7	1	
6	1	3	9	6	4	10	3	10	9	
7	9	2	3	9	7	1	4	1	4	
7	7	3	4	8	3	7	5	5	8	
1	5	7	6	5	4	6	7	4	1	
4	10	9	9	1	1	10	2	3	3	
9	5	9	8	4	1	7	7	2	8	
10	2	1	6	6	6	9	5	3	8	
7	4	7	6	8	7	8	10	10	5	
1	8	7	10	7	3	6	1	4	2	
8	5	9	6	10	2	1	5	7	8	
9	1	8	6	2	3	10	8	8	3	
9	6	9	3	8	3	2	6	3	8	
5	3	1	8	6	4	4	4	6	5	
4	6	9	9	5	3	9	10	7	10	
7	9	3	3	5	2	7	2	8	7	
7	8	1	6	9	9	1	10	5	1	
5	3	7	7	8	9	2	3	10	1	
10	5	8	7	3	9	5	10	3	10	
9	1	9	6	5	8	8	9	8	3	
3	5	3	6	5	9	2	4	5	8	
5	6	5	4	9	7	7	8	8	4	
5	3	7	10	3	10	7	9	7	10	
6	1	6	4	6	2	2	9	2	10	
3	9	10	8	9	9	7	7	4	4	
5	6	6	8	6	9	8	5	9	6	
8	7	6	8	4	3	5	5	2	2	
9	6	6	5	4	7	4	6	8	7	
6	5	1	10	4	6	1	7	7	8	
2	1	8	3	5	9	7	5	6	9	
8	1	6	9	2	8	1	1	5	1	
1	4	9	8	7	9	6	8	9	4	
9	9	2	9	8	3	6	7	8	9	
7	6	6	3	4	6	9	9	5	2	
7	7	2	3	9	9	9	2	8	8	
2	7	9	9	4	9	6	4	5	4	
6	1	4	5	6	10	8	1	10	1	
6	7	8	8	8	6	5	1	7	8	
5	4	7	1	6	6	8	8	3	1	
2	10	10	9	3	2	1	8	1	8	
5	10	2	8	6	2	1	3	10	3	
3	8	10	3	8	8	2	7	6	5	

Stepup times between family, where [f][f] represents initial setup time
On machine	1
61	86	34	26	74	100	66	97	71	80	70	43	6	41	81	53	86	69	49	89	
53	20	8	28	32	23	15	86	77	47	26	12	4	99	67	73	19	43	73	3	
54	15	20	100	92	55	79	66	9	75	51	64	19	55	80	44	22	14	65	46	
61	86	21	56	41	44	49	45	54	70	81	90	41	51	17	86	85	12	68	82	
64	79	72	4	3	78	77	88	49	29	19	32	52	55	87	6	49	92	68	52	
35	76	55	45	52	71	58	22	44	67	62	4	77	36	83	32	60	93	90	44	
65	25	48	63	83	15	76	18	22	21	3	79	5	78	61	85	6	47	100	40	
21	98	58	24	1	44	78	2	70	68	40	8	30	14	89	66	49	48	60	50	
25	79	19	39	76	47	31	10	59	12	67	43	34	80	96	65	28	42	44	43	
79	63	91	10	93	65	72	17	56	71	100	45	82	94	72	77	90	54	89	22	
99	4	19	90	98	93	70	85	82	81	76	73	32	21	55	35	41	14	79	47	
1	60	15	17	61	63	38	69	64	81	80	70	21	88	29	71	52	39	18	94	
67	46	62	32	33	41	47	68	66	36	88	91	60	5	81	10	7	99	32	68	
43	31	25	2	84	42	66	7	12	94	83	3	42	60	73	69	12	100	16	72	
55	17	61	28	31	11	21	60	92	51	33	83	81	73	96	62	29	50	93	89	
88	22	9	88	34	42	70	95	12	98	43	4	82	50	85	71	51	90	8	83	
40	29	75	68	53	62	89	11	75	65	50	83	35	95	74	84	93	91	44	21	
82	64	55	25	30	18	7	92	21	80	75	87	17	17	27	97	13	87	87	59	
42	59	84	42	55	4	42	24	63	73	19	71	80	77	74	1	93	44	82	45	
71	100	30	23	69	64	10	32	56	70	47	100	46	79	40	17	30	57	96	6	
On machine	2
22	25	20	1	68	44	13	16	16	39	82	21	18	62	60	46	99	93	37	90	
66	27	80	90	82	45	10	62	21	11	43	36	76	17	52	70	40	79	29	86	
22	67	87	76	93	100	35	55	88	70	17	66	23	69	72	57	11	36	37	40	
78	90	57	47	94	35	38	19	76	25	100	86	66	21	92	70	76	98	95	40	
21	95	32	19	7	45	30	49	18	34	51	33	44	24	2	43	80	65	83	82	
28	31	5	10	18	28	80	73	77	29	56	39	12	17	31	6	72	82	21	64	
50	81	15	61	95	34	67	20	26	93	80	36	86	41	98	92	44	15	12	36	
89	61	82	10	44	40	1	51	99	32	71	38	3	59	84	50	43	91	90	83	
30	11	83	62	68	85	24	72	37	83	37	76	20	69	30	12	10	5	29	69	
56	60	95	57	87	58	42	76	90	51	60	94	12	60	55	39	95	90	31	67	
15	7	19	28	55	31	83	19	10	31	53	53	21	3	10	3	59	23	28	40	
69	4	85	89	50	18	14	18	87	35	50	33	90	4	84	8	27	24	76	57	
22	36	79	65	6	94	10	20	89	40	92	91	68	84	70	91	90	81	32	39	
2	12	42	55	4	61	4	23	27	12	11	77	5	45	96	4	99	21	65	59	
92	92	44	10	79	99	80	89	84	14	26	84	24	1	6	93	80	40	22	58	
65	47	89	6	59	26	9	65	62	99	1	79	35	39	86	41	37	14	45	15	
62	58	21	97	59	55	31	52	53	72	45	47	46	68	39	92	87	64	24	67	
54	73	44	81	50	56	18	46	34	23	85	57	89	76	85	21	22	13	77	88	
98	100	54	69	34	20	86	79	26	4	22	29	14	90	90	12	97	19	15	3	
60	91	90	18	71	56	25	8	71	87	21	96	94	1	40	100	82	15	79	41	
On machine	3
84	49	7	14	99	17	83	12	66	38	5	46	25	30	75	26	58	14	81	74	
60	62	86	19	74	44	72	42	80	46	19	14	85	53	94	19	33	92	22	53	
97	87	18	32	49	82	8	93	89	39	39	39	6	23	29	89	62	99	80	28	
12	77	91	88	6	10	62	6	97	14	69	60	17	94	22	17	100	96	100	96	
80	80	33	80	86	26	18	50	6	95	47	54	26	97	25	95	35	78	46	59	
33	4	7	51	61	39	39	22	89	41	30	85	41	66	17	98	87	58	42	3	
29	62	70	55	76	42	66	85	66	95	88	52	10	18	87	36	31	40	35	86	
3	47	48	45	85	69	21	58	100	71	2	47	79	9	40	34	97	21	92	93	
72	42	4	31	7	9	70	1	50	13	18	94	20	22	79	96	74	70	17	98	
70	14	46	30	92	96	43	94	17	15	65	15	72	84	17	17	28	10	19	74	
20	81	47	8	66	30	42	3	3	67	78	12	38	1	97	73	38	38	25	52	
58	15	9	75	27	1	49	40	52	91	49	2	34	87	65	3	65	52	33	78	
95	92	80	15	5	43	60	57	27	79	27	67	27	12	50	40	52	93	90	35	
22	12	92	11	58	44	76	33	64	67	65	38	18	26	4	49	94	24	93	19	
57	57	36	41	58	64	55	13	74	90	54	37	76	69	81	1	91	21	62	62	
68	90	9	16	100	39	98	93	50	73	20	82	98	89	58	37	45	54	94	77	
4	77	25	8	36	84	26	59	85	14	98	37	51	50	25	5	79	98	19	26	
68	95	37	11	98	48	2	63	85	68	49	36	49	26	20	70	85	34	73	61	
89	96	55	77	38	91	87	60	18	2	11	74	31	63	57	55	19	13	72	48	
65	70	74	47	13	93	66	8	7	20	6	99	32	37	72	5	76	99	41	13	
On machine	4
46	28	68	3	65	43	63	87	91	88	98	68	51	50	99	78	89	36	94	32	
65	1	50	96	81	25	100	7	20	77	6	20	8	23	90	38	71	45	75	34	
68	87	60	26	14	64	19	76	14	97	8	100	60	47	48	76	55	20	68	99	
79	20	71	71	94	8	23	86	84	95	5	100	64	99	65	80	46	48	35	15	
32	55	77	8	98	8	37	82	97	58	39	83	98	13	25	99	76	77	46	26	
31	72	32	23	86	24	35	59	71	36	40	62	77	11	40	17	22	39	13	58	
82	67	39	27	8	95	91	12	71	28	77	92	18	2	57	3	63	70	14	8	
53	31	53	19	54	84	8	7	11	46	100	9	86	7	14	89	46	85	45	22	
60	99	38	31	17	94	21	21	97	83	89	91	37	71	57	31	68	12	57	69	
44	47	55	40	22	89	5	97	79	58	52	79	12	68	43	74	35	88	62	16	
41	96	95	73	4	36	64	30	73	10	68	49	77	95	30	38	90	35	15	52	
16	69	38	56	11	44	82	31	3	16	77	27	33	59	98	92	80	99	68	24	
35	5	41	78	44	37	6	53	96	26	29	59	1	89	35	87	78	21	50	34	
93	36	75	42	55	71	82	15	83	21	74	13	95	21	53	100	2	91	82	88	
60	92	10	89	82	22	76	6	80	43	65	11	38	91	83	30	32	27	60	90	
56	47	30	17	86	68	49	41	83	34	55	7	81	67	58	94	26	61	75	91	
32	95	96	97	63	53	55	85	98	1	8	35	12	28	19	68	30	55	53	76	
10	84	31	59	22	86	21	76	80	99	59	47	2	66	64	53	25	3	90	6	
51	30	15	97	38	29	85	93	3	51	63	99	95	70	15	98	71	51	81	90	
58	69	20	33	99	90	95	57	85	91	41	92	31	27	80	84	94	12	21	53	
On machine	5
85	2	71	44	66	10	45	44	82	74	44	59	7	7	13	71	82	44	73	11	
59	31	74	51	46	3	17	29	92	90	40	40	88	56	26	51	78	46	91	94	
57	1	41	25	86	10	35	90	58	74	15	5	16	47	11	69	27	81	40	60	
77	52	63	31	55	40	45	84	17	32	73	63	87	4	97	52	90	82	14	26	
77	40	74	1	68	86	30	92	62	11	15	68	66	13	91	4	34	66	100	52	
47	94	50	62	11	19	50	36	66	57	58	86	75	47	97	80	23	13	81	31	
65	78	23	20	66	66	93	66	57	6	70	22	26	27	50	84	23	66	94	42	
100	42	76	28	56	9	60	89	85	20	43	36	98	72	50	49	56	47	64	66	
79	94	15	18	10	90	43	31	53	47	7	54	38	16	46	20	17	2	28	78	
22	80	74	22	57	90	33	86	10	67	66	22	24	22	47	39	96	5	10	25	
78	71	32	91	12	8	51	45	8	96	88	81	58	96	71	31	82	23	33	4	
32	25	47	99	44	22	73	40	84	59	98	23	81	43	2	29	58	15	67	50	
78	75	81	30	40	48	95	62	82	27	29	86	32	84	22	49	33	86	9	88	
27	89	57	80	88	38	77	70	17	69	75	58	27	61	14	49	11	31	4	41	
69	11	27	95	87	29	2	7	56	85	28	79	92	66	92	59	74	5	24	78	
3	36	13	3	82	3	19	43	72	66	30	87	92	9	39	92	82	12	6	82	
53	16	88	66	22	5	39	95	70	58	92	57	84	43	63	7	94	23	81	71	
84	95	49	47	72	25	68	14	76	66	87	81	26	2	50	18	56	51	67	11	
56	2	66	83	47	12	69	74	98	96	12	27	96	80	30	78	31	84	58	8	
28	38	47	49	1	31	90	91	66	33	79	16	100	5	37	86	39	27	32	66	
On machine	6
86	68	78	96	36	31	27	12	34	61	36	23	41	41	31	59	36	74	55	39	
98	20	4	13	92	53	50	80	2	59	87	86	2	28	37	17	15	100	11	10	
79	68	35	45	30	20	7	100	29	58	84	9	69	60	66	83	38	35	89	25	
1	38	79	51	14	24	21	51	95	62	96	80	71	47	24	79	55	5	74	7	
12	52	23	5	66	99	24	7	6	43	64	88	11	26	76	89	39	22	94	16	
78	97	56	6	68	97	63	78	97	2	18	98	49	5	66	74	22	14	25	100	
86	24	42	16	99	63	74	11	40	2	99	47	64	2	24	85	52	45	45	2	
24	24	61	10	29	6	42	7	38	21	70	12	7	19	65	45	34	14	73	45	
2	61	11	98	62	66	37	72	72	59	6	52	82	61	94	79	12	16	58	25	
90	97	79	85	62	30	100	86	33	97	54	99	55	30	53	94	17	76	54	40	
60	21	87	22	38	76	1	83	100	53	24	78	12	96	59	47	38	99	19	98	
27	18	73	43	35	43	94	98	81	29	43	62	85	92	18	47	84	85	90	1	
56	50	57	52	32	44	75	31	89	98	95	65	85	17	47	65	100	36	88	8	
5	54	39	52	6	79	27	60	78	24	94	93	93	57	2	59	69	76	2	53	
62	49	39	88	6	1	59	17	62	99	38	59	6	50	55	93	88	90	74	86	
58	59	68	41	2	92	83	6	43	85	62	65	68	70	90	67	88	11	19	18	
54	49	57	13	70	91	48	77	59	27	46	5	12	79	18	91	39	47	43	29	
89	64	44	43	28	84	50	100	50	91	22	38	47	14	50	62	20	96	30	91	
6	91	75	7	79	85	79	71	84	29	95	69	62	20	17	11	65	86	100	29	
58	46	80	77	65	12	26	92	66	98	70	19	42	74	74	64	96	16	91	64	
On machine	7
42	75	2	78	84	87	49	9	25	36	26	84	90	14	88	4	20	41	44	11	
61	96	7	11	52	23	30	77	56	31	26	17	27	23	31	16	20	15	31	58	
27	23	96	66	6	87	81	58	68	63	84	36	26	44	1	33	39	1	47	59	
59	81	5	45	4	99	27	68	55	75	27	55	5	61	73	58	28	37	88	17	
60	98	43	94	19	2	92	42	92	6	6	2	72	86	83	18	50	68	86	67	
40	79	52	13	91	3	10	53	73	76	41	75	24	30	47	21	28	45	40	43	
74	55	54	66	25	28	43	38	24	78	90	27	92	96	93	84	86	71	4	43	
14	44	69	88	87	49	71	60	64	23	84	69	18	99	81	96	4	31	60	71	
13	13	41	17	17	24	90	34	78	16	42	52	91	5	16	94	24	14	100	24	
96	44	41	12	97	34	59	42	73	77	81	9	63	3	82	74	63	15	38	51	
31	16	94	13	49	3	33	62	59	16	95	8	65	89	85	24	92	100	88	25	
4	45	82	98	70	23	1	99	50	9	97	39	28	85	23	54	85	72	10	51	
44	19	5	29	71	15	35	66	26	55	20	90	14	88	68	11	43	6	35	100	
77	99	81	50	73	3	87	99	50	38	66	60	26	95	60	5	32	86	41	39	
62	80	75	16	94	73	41	63	39	13	55	77	58	74	63	29	32	19	78	98	
92	12	55	60	23	4	73	62	99	36	2	20	7	27	21	82	9	86	41	95	
91	31	65	18	61	15	39	49	88	80	49	34	56	56	80	46	74	70	35	59	
92	67	35	82	51	84	56	63	34	30	9	95	91	82	11	57	56	21	85	82	
100	43	16	8	33	22	19	32	25	6	65	18	23	8	63	78	99	7	26	87	
61	25	77	79	22	53	76	3	81	100	45	28	40	42	48	49	32	20	41	17	
On machine	8
67	10	76	50	32	90	44	62	96	84	14	51	25	9	45	79	39	70	26	8	
23	82	8	55	23	56	41	17	91	13	96	4	42	4	40	61	39	12	81	95	
73	43	43	96	87	71	67	23	25	11	77	90	22	68	59	44	8	11	67	16	
24	95	3	70	16	91	8	7	47	65	42	6	96	89	50	75	100	1	78	20	
65	80	3	2	76	99	6	30	65	56	6	72	97	41	97	50	2	77	39	12	
93	23	68	19	5	29	59	82	99	8	47	46	68	85	62	41	10	85	16	44	
96	77	93	40	16	49	29	5	29	56	2	40	62	33	94	7	28	42	6	66	
39	50	94	50	12	80	90	30	88	50	2	6	1	92	34	37	40	81	31	6	
23	37	82	65	8	85	62	52	2	14	85	19	45	90	56	81	33	56	38	97	
55	59	3	98	6	87	46	2	62	93	61	84	58	86	93	21	47	11	96	31	
37	58	23	19	70	91	98	77	9	76	97	66	66	80	74	19	38	2	46	58	
25	23	71	96	92	93	97	24	61	97	81	60	59	13	49	2	67	73	70	74	
11	56	39	95	81	83	88	88	41	54	68	87	16	96	31	85	30	40	38	12	
89	29	31	45	99	70	95	95	87	70	80	44	75	37	92	55	67	2	98	66	
75	90	55	57	24	12	51	81	6	79	32	48	72	71	89	67	73	60	7	96	
19	8	71	8	76	62	68	63	13	21	45	60	4	82	5	37	4	25	27	40	
37	100	84	94	77	96	69	89	60	25	100	88	79	74	82	70	38	83	56	93	
10	41	23	44	92	93	65	11	75	66	3	70	10	84	34	73	17	62	8	50	
41	96	29	61	51	82	87	97	1	70	28	51	40	52	12	41	5	22	26	86	
45	100	74	68	17	78	7	58	86	2	55	67	11	41	8	95	7	75	49	88	
On machine	9
3	34	54	16	47	66	84	82	34	34	3	48	86	80	28	48	68	23	19	87	
92	40	29	68	44	17	7	67	98	97	31	7	96	27	12	7	11	21	65	14	
1	64	27	36	65	73	72	12	77	18	92	40	22	77	27	33	7	45	48	35	
56	99	83	54	65	63	18	50	32	92	75	18	5	79	87	66	19	95	69	33	
18	10	56	57	93	10	96	49	45	66	60	3	59	41	39	33	7	45	96	21	
56	14	43	63	8	3	45	79	27	91	36	95	43	55	28	21	74	18	61	76	
53	3	35	40	42	99	39	87	99	24	52	49	73	10	25	87	50	54	66	54	
35	54	43	14	94	78	55	69	98	93	11	47	40	48	93	31	49	59	71	23	
3	23	57	74	31	68	27	92	86	37	3	52	57	80	74	92	41	44	76	71	
60	39	61	39	81	38	97	78	95	58	8	100	66	4	77	22	55	93	48	10	
45	27	50	38	49	10	8	24	33	91	71	98	22	63	55	30	77	82	45	12	
32	47	75	6	93	80	59	50	32	33	68	25	66	19	20	87	71	70	92	37	
17	43	69	38	84	82	91	64	46	12	69	27	10	20	3	59	69	84	28	85	
66	37	94	10	57	57	22	94	75	78	32	58	10	48	92	77	5	65	25	88	
7	86	37	84	71	41	46	98	100	98	42	29	72	30	26	16	11	42	28	58	
70	24	70	8	92	2	85	46	86	73	43	4	67	60	53	86	61	20	44	50	
20	64	82	13	7	30	58	14	42	78	39	16	40	35	61	95	9	92	11	6	
35	66	71	61	54	44	97	42	20	57	80	99	32	55	64	67	4	48	71	93	
97	45	13	58	22	15	99	33	18	70	73	47	63	15	49	16	10	69	89	1	
82	92	63	84	53	42	7	83	5	45	61	17	28	3	91	66	29	59	66	50	
On machine	10
99	58	63	14	84	35	20	92	58	12	36	74	84	78	98	44	69	7	2	66	
20	93	59	32	51	99	25	54	3	36	86	28	52	29	48	13	19	55	15	66	
59	79	88	28	11	68	60	19	68	87	80	99	17	15	42	61	16	39	88	93	
57	71	100	22	93	29	19	17	14	98	82	80	83	36	71	74	59	73	85	96	
78	40	7	29	47	99	18	82	83	78	21	65	65	14	4	9	18	86	69	59	
63	2	57	2	4	46	42	8	67	27	45	89	70	65	71	3	61	2	13	98	
38	74	72	100	43	20	37	82	89	14	93	11	85	34	17	71	2	62	29	19	
80	84	78	28	36	59	100	45	72	2	39	15	39	51	9	55	36	34	72	7	
86	27	86	17	90	78	92	53	47	78	56	33	87	62	76	36	26	75	5	74	
67	75	21	49	42	69	43	1	2	19	90	73	81	29	36	26	93	4	26	52	
59	76	22	33	12	78	36	4	26	81	81	52	40	82	65	42	52	11	3	68	
33	56	83	73	32	99	22	100	14	14	43	99	67	41	9	25	58	36	7	84	
51	85	54	54	97	1	12	35	42	87	75	81	68	19	53	3	63	43	45	50	
68	81	35	66	13	39	75	49	46	47	91	23	83	39	40	55	44	22	55	64	
9	54	55	69	83	22	39	33	91	31	61	11	48	67	9	63	58	11	73	13	
77	4	75	87	44	72	32	45	52	4	62	7	28	35	91	43	86	46	17	49	
46	48	34	48	72	3	51	81	35	52	13	9	81	6	78	62	51	88	68	60	
49	63	28	3	34	22	20	48	64	56	74	98	90	26	53	14	73	28	40	26	
18	51	65	30	83	96	56	7	32	22	4	6	21	90	1	53	96	30	17	14	
17	2	23	4	93	50	11	43	41	3	41	88	11	61	53	89	52	46	44	65	
Reldue
-1	1639	-1	-1
-1	2646	-1	-1
-1	1668	-1	-1
-1	1763	-1	-1
-1	2289	-1	-1
-1	1506	-1	-1
-1	2198	-1	-1
-1	1675	-1	-1
-1	2216	-1	-1
-1	2269	-1	-1
-1	1767	-1	-1
-1	2740	-1	-1
-1	2741	-1	-1
-1	1377	-1	-1
-1	1567	-1	-1
-1	1936	-1	-1
-1	2443	-1	-1
-1	2293	-1	-1
-1	2165	-1	-1
-1	2041	-1	-1
