Families	20
Machines	10
MaxSetupTime	50

Number of Jobs in each Family
2	3	1	10	9	2	9	9	8	10	4	5	7	3	7	10	3	1	6	4	

Jobs in each Family
0	1	
2	3	4	
5	
6	7	8	9	10	11	12	13	14	15	
16	17	18	19	20	21	22	23	24	
25	26	
27	28	29	30	31	32	33	34	35	
36	37	38	39	40	41	42	43	44	
45	46	47	48	49	50	51	52	
53	54	55	56	57	58	59	60	61	62	
63	64	65	66	
67	68	69	70	71	
72	73	74	75	76	77	78	
79	80	81	
82	83	84	85	86	87	88	
89	90	91	92	93	94	95	96	97	98	
99	100	101	
102	
103	104	105	106	107	108	
109	110	111	112	

Total number of jobs
113

Processing times of jobs
1	1	7	4	7	6	9	5	4	6	
3	1	2	7	9	10	10	1	1	4	
3	9	7	7	1	10	2	8	7	5	
5	6	7	9	6	1	10	6	3	1	
4	7	8	3	4	8	1	1	4	8	
5	9	1	4	2	5	3	4	4	6	
5	5	10	10	9	4	5	8	4	4	
2	5	6	9	9	10	4	2	3	5	
10	4	3	6	7	5	8	3	6	8	
7	5	7	4	2	8	4	2	9	8	
3	4	6	3	8	2	10	3	8	6	
10	4	9	7	6	5	9	2	6	7	
8	10	8	9	1	4	6	6	2	3	
7	8	1	2	3	1	1	6	10	4	
4	2	1	8	3	8	10	7	9	6	
7	1	4	7	1	2	2	3	2	1	
9	5	8	5	7	4	1	1	7	5	
5	3	6	3	4	8	9	5	7	7	
8	6	6	1	3	10	1	8	8	8	
2	8	6	2	3	2	8	10	4	1	
7	10	6	10	7	2	2	2	5	6	
1	4	10	8	2	9	3	3	5	4	
1	4	1	1	8	1	1	6	9	2	
3	3	2	4	3	9	6	8	3	7	
2	8	4	10	4	3	10	4	10	8	
3	1	9	7	8	8	2	7	1	5	
2	3	9	3	10	10	2	10	7	1	
4	7	5	1	1	6	8	10	7	5	
7	3	8	3	4	8	6	2	8	2	
10	7	5	7	4	6	1	5	10	3	
7	5	6	10	3	2	9	2	5	7	
1	3	10	5	10	2	1	9	6	6	
5	6	7	6	1	7	10	8	2	3	
3	5	3	2	4	10	8	2	8	9	
2	8	3	9	5	4	10	7	1	7	
5	8	10	6	2	2	6	3	6	1	
1	8	8	4	6	1	9	5	3	8	
6	10	9	5	7	5	6	6	2	8	
3	4	10	10	4	2	9	2	8	1	
3	9	2	5	8	4	5	8	5	9	
4	8	5	5	1	10	6	2	10	9	
1	2	10	6	4	2	8	2	2	1	
5	3	7	10	8	6	1	3	6	9	
3	3	10	2	5	7	7	1	1	7	
6	1	8	6	10	2	10	4	4	10	
5	6	1	9	10	9	7	1	9	5	
3	6	5	9	1	2	7	3	2	5	
4	7	7	9	3	9	9	6	3	9	
7	10	9	8	2	8	10	10	10	3	
10	9	7	4	7	7	6	8	6	4	
7	5	8	4	10	10	1	2	8	5	
10	6	10	5	4	1	7	4	4	2	
8	9	6	4	2	1	6	5	5	5	
5	1	9	4	8	7	10	2	7	1	
10	4	6	8	10	7	3	10	5	5	
9	10	6	8	10	3	10	8	7	9	
3	3	7	6	2	6	1	8	5	7	
9	4	7	5	9	1	4	10	3	6	
4	4	10	3	9	8	9	7	10	5	
1	4	1	7	3	3	6	4	1	5	
4	3	3	1	1	9	8	9	1	10	
9	7	6	1	6	4	6	9	3	2	
2	3	2	4	9	4	1	7	6	3	
9	8	5	9	10	4	7	5	3	5	
1	3	7	1	3	7	2	5	9	4	
7	6	10	5	8	9	7	9	7	3	
6	9	10	1	4	8	6	7	7	6	
4	10	3	9	4	2	4	5	5	2	
6	2	10	7	10	5	5	8	4	4	
5	6	1	3	1	3	3	4	5	7	
10	5	2	2	5	4	8	7	1	7	
8	4	1	5	4	6	3	6	6	8	
3	2	4	10	4	7	2	2	9	6	
9	4	7	4	8	10	10	3	2	10	
5	9	1	6	3	2	2	3	4	10	
10	4	4	6	5	6	3	5	3	7	
4	1	10	3	2	2	2	1	9	7	
4	4	8	5	1	10	1	3	3	8	
5	10	10	7	5	7	4	10	4	8	
8	1	6	10	4	6	2	10	7	1	
8	5	5	5	8	3	9	7	4	10	
1	2	1	4	1	4	4	6	3	2	
6	1	9	9	6	2	5	1	4	8	
5	7	7	10	6	6	4	8	5	9	
1	9	2	9	3	10	6	4	4	7	
7	1	5	5	4	9	9	8	5	6	
7	5	8	4	4	9	7	8	9	6	
8	7	10	1	5	4	5	3	6	5	
2	5	6	4	3	8	7	10	6	7	
7	6	1	3	9	7	2	9	7	6	
5	8	2	10	3	9	4	4	8	7	
7	5	10	10	9	8	2	9	1	2	
9	10	10	4	6	5	7	6	7	1	
4	1	7	4	9	5	1	2	10	7	
4	3	1	8	2	7	4	6	5	4	
8	4	1	5	3	2	3	7	8	2	
5	8	9	9	5	9	8	7	4	4	
7	9	4	3	8	8	2	4	2	5	
5	5	10	4	5	1	6	3	4	6	
1	9	2	5	7	10	7	7	9	8	
3	7	2	1	1	1	5	9	10	8	
7	6	5	9	5	3	7	4	2	2	
8	10	1	5	5	5	1	2	2	4	
8	4	10	4	2	10	5	6	5	1	
9	6	1	9	7	1	6	5	7	5	
10	3	9	5	5	10	2	4	6	8	
8	6	10	2	6	6	9	5	1	9	
9	6	4	4	5	6	3	9	5	6	
8	3	7	5	3	3	9	5	8	8	
8	5	5	7	1	5	9	6	7	7	
7	6	1	9	8	2	5	6	6	8	
6	1	5	10	10	3	3	3	4	6	
4	5	10	7	8	4	10	5	2	2	

Stepup times between family, where [f][f] represents initial setup time
On machine	1
23	1	16	11	42	4	3	35	45	5	5	8	20	29	3	16	20	35	17	20	
19	44	40	17	24	26	20	37	44	42	30	4	18	22	44	50	25	13	49	38	
34	6	16	43	22	42	19	11	14	30	13	11	31	38	12	13	9	37	44	5	
18	36	31	21	19	16	45	27	2	18	40	34	41	21	45	50	13	24	47	39	
12	1	37	29	36	37	32	20	3	49	22	28	50	21	17	33	14	31	31	47	
9	36	37	46	5	25	12	10	9	10	50	41	15	24	22	14	47	16	35	25	
35	25	15	17	2	37	10	45	33	23	23	40	37	38	10	7	5	43	44	6	
15	28	40	45	27	19	27	35	18	49	25	45	34	16	8	22	12	14	17	15	
4	22	49	31	2	50	50	27	18	8	2	30	11	28	20	44	24	16	31	45	
10	14	31	39	41	30	30	15	10	22	17	16	23	23	42	26	30	21	31	40	
20	39	49	18	22	22	33	13	34	19	45	23	34	40	17	40	24	27	18	50	
6	35	44	50	14	44	36	20	48	2	39	28	30	29	12	33	14	49	48	11	
23	20	7	42	49	22	13	22	48	47	34	13	26	31	19	28	49	46	41	22	
41	5	45	37	5	15	38	44	20	45	41	32	23	19	37	29	46	34	1	33	
14	25	9	3	5	42	10	50	43	10	20	50	44	28	43	17	21	44	20	40	
32	19	14	25	47	26	25	10	13	50	37	47	25	15	24	20	43	6	21	34	
45	20	24	37	5	20	18	44	7	1	21	3	41	24	34	3	32	41	15	47	
32	15	12	13	50	25	48	38	22	29	8	14	4	13	42	45	10	38	19	6	
24	19	44	13	48	28	42	8	45	17	45	42	3	48	7	45	5	45	3	48	
17	21	8	42	44	49	40	35	8	12	26	34	43	17	47	37	45	2	22	46	
On machine	2
26	31	37	18	22	25	13	19	2	2	40	26	7	22	44	16	20	41	22	24	
41	23	11	33	50	16	5	25	30	46	15	48	50	15	43	34	18	29	16	8	
19	39	34	46	29	17	18	13	13	30	18	36	29	7	11	43	41	22	48	25	
21	21	35	22	33	46	2	25	49	10	44	48	31	31	8	25	9	21	10	7	
8	18	29	24	37	30	40	7	34	38	17	28	14	37	37	20	26	19	37	35	
3	23	8	16	32	30	1	24	38	16	42	20	39	5	19	33	23	25	29	43	
20	50	5	23	9	32	48	4	35	41	41	5	31	8	27	4	41	4	9	16	
21	13	25	40	43	37	12	26	41	41	42	49	47	42	50	10	14	30	2	2	
15	41	40	20	8	4	6	8	32	17	20	3	23	6	35	5	10	35	23	8	
16	38	1	38	41	16	46	47	2	37	25	6	35	39	18	25	13	44	18	45	
3	4	31	30	37	6	46	47	15	5	25	11	23	29	6	42	5	32	13	29	
36	19	28	16	44	37	11	42	1	27	15	30	22	29	1	24	4	47	47	49	
11	19	3	20	7	48	12	17	35	41	36	13	15	16	14	25	38	49	48	17	
50	34	41	24	10	48	30	25	39	27	9	46	43	45	13	27	41	9	38	6	
25	41	44	16	39	18	7	45	37	19	13	50	50	43	47	33	14	41	30	28	
12	30	17	21	10	12	26	9	41	45	30	39	20	49	30	48	17	10	24	23	
5	26	14	24	37	2	49	42	33	2	6	16	4	29	10	50	3	41	22	49	
47	8	45	23	19	33	49	29	46	15	4	30	7	3	22	2	5	46	5	21	
9	29	43	16	48	35	31	15	12	24	17	50	46	33	49	39	48	39	46	2	
9	29	33	30	6	20	18	4	19	26	23	34	18	48	8	15	33	2	24	13	
On machine	3
37	41	21	25	26	15	6	36	37	48	50	7	8	22	18	49	43	10	8	9	
13	40	3	20	23	38	6	20	28	1	36	22	44	25	32	13	37	19	44	25	
28	43	14	15	13	28	19	41	16	48	44	50	26	41	15	17	22	42	35	11	
49	42	8	46	12	27	48	39	23	30	46	3	41	13	5	47	36	18	34	41	
29	45	50	4	18	9	8	2	17	18	25	26	27	26	20	46	16	12	32	43	
15	23	42	10	12	35	25	22	47	32	41	4	19	10	45	46	30	3	50	8	
11	39	21	25	49	9	37	47	23	21	1	35	38	36	24	44	22	24	2	32	
39	46	3	26	42	40	45	24	41	17	6	35	22	43	4	13	45	33	9	14	
7	44	3	16	9	22	41	26	33	38	22	42	30	35	46	7	32	4	13	31	
41	42	40	42	6	30	6	15	17	43	14	32	36	12	31	10	46	41	7	41	
17	17	36	41	13	33	25	31	24	31	22	16	16	17	48	35	26	17	44	31	
38	9	1	12	44	1	41	1	20	7	37	2	19	5	13	38	16	38	30	5	
14	48	50	14	40	27	49	2	27	28	24	4	30	28	25	36	5	48	1	23	
30	1	50	35	29	25	8	50	50	49	4	5	27	8	29	20	1	10	16	46	
20	44	22	23	47	5	12	23	46	46	30	25	35	37	8	12	11	9	24	29	
24	18	7	1	35	19	4	42	49	24	3	40	15	29	20	21	25	11	4	9	
17	43	18	3	43	50	20	35	14	40	12	20	3	29	45	23	41	12	11	14	
4	16	33	3	2	50	28	31	37	8	38	31	8	43	37	5	28	3	1	25	
30	16	11	40	5	2	7	37	6	7	28	12	20	23	19	13	46	4	50	19	
17	16	28	13	45	29	25	6	4	42	10	5	8	13	46	15	19	26	28	5	
On machine	4
14	18	3	13	5	36	30	7	28	39	14	37	50	43	24	13	24	6	31	8	
36	19	26	26	3	37	41	7	1	24	7	32	29	33	41	43	1	32	22	11	
1	8	45	44	11	50	47	47	39	18	13	34	44	27	47	19	2	13	9	39	
40	8	16	44	7	48	10	40	43	1	40	19	34	7	26	7	47	40	40	42	
4	20	48	21	13	30	31	10	2	23	50	35	16	36	8	12	25	24	2	32	
34	36	2	15	50	24	8	30	17	33	1	45	41	13	49	10	49	43	15	24	
50	37	48	43	47	2	15	3	17	12	11	43	30	19	11	18	28	10	40	45	
15	50	46	21	30	50	9	4	4	19	10	6	25	48	28	35	5	9	31	26	
2	49	18	49	13	39	39	47	15	22	12	43	28	48	27	34	46	45	42	36	
36	19	36	36	49	23	21	24	4	50	6	10	24	21	37	35	34	47	48	48	
32	23	31	50	35	28	22	1	9	39	11	35	50	2	35	2	33	33	37	27	
41	10	4	4	32	30	5	49	47	28	1	6	44	23	49	47	6	21	49	2	
13	29	11	8	9	2	23	29	6	37	40	20	48	47	42	11	7	22	21	33	
27	36	37	1	49	5	40	34	36	6	24	27	49	36	45	19	5	15	33	47	
33	49	20	12	20	13	9	5	48	45	36	33	36	5	7	29	41	22	9	48	
34	31	44	45	18	27	39	36	7	19	29	10	14	24	35	6	12	18	5	36	
38	24	17	31	35	16	46	9	15	9	11	22	16	44	48	10	48	10	46	41	
46	39	39	47	45	43	37	7	40	43	41	36	28	23	35	13	42	33	49	47	
35	14	50	5	30	22	15	18	47	15	18	46	17	14	14	13	42	26	25	46	
24	22	47	31	3	8	48	12	27	34	2	5	41	16	9	33	49	11	27	2	
On machine	5
50	30	10	34	41	33	38	22	37	11	46	15	12	42	27	25	5	22	5	48	
15	19	12	13	48	19	5	20	2	42	3	30	15	4	29	10	47	19	12	8	
48	10	48	4	7	7	4	42	36	18	38	42	21	27	49	16	40	2	48	41	
5	22	14	2	20	11	29	3	3	39	15	30	1	39	28	28	31	50	13	33	
14	28	1	30	13	45	49	22	21	41	41	14	16	47	29	29	9	21	34	15	
1	18	13	18	47	7	44	7	50	9	48	29	48	24	14	31	44	46	3	39	
13	38	11	33	42	38	37	42	9	29	13	49	8	50	48	14	43	23	22	31	
7	1	16	40	7	46	40	43	7	14	16	33	15	28	40	34	5	25	29	33	
9	18	41	5	44	24	46	46	26	19	3	34	27	13	10	16	19	12	20	32	
1	17	12	31	19	27	36	6	40	18	38	41	25	30	27	7	30	31	26	26	
13	36	45	15	10	11	43	40	44	16	8	11	1	17	18	22	50	45	14	40	
46	40	22	23	40	48	23	16	44	9	19	15	6	49	3	6	15	32	25	45	
34	14	27	18	31	26	16	35	1	17	49	4	18	29	34	29	45	18	26	3	
3	47	2	21	9	36	1	13	9	11	31	27	35	2	32	48	35	30	7	25	
44	36	3	1	11	38	22	44	16	15	8	24	31	7	34	6	43	4	25	24	
41	5	40	40	8	48	38	29	49	48	27	27	24	10	11	35	41	25	29	18	
49	14	14	28	24	15	12	21	30	11	44	7	47	9	16	9	14	11	2	10	
6	49	40	20	1	7	35	33	28	47	31	27	17	8	1	16	4	30	41	34	
22	40	31	41	11	9	10	18	6	7	2	24	40	40	22	24	10	26	5	36	
3	11	38	35	25	7	20	11	47	21	28	44	16	37	41	32	9	25	12	41	
On machine	6
26	26	17	12	22	17	10	25	20	18	4	37	21	9	41	39	5	3	6	8	
44	28	14	13	47	42	31	10	1	48	44	29	13	17	8	23	47	6	26	4	
41	5	22	14	41	2	40	35	11	2	34	31	48	50	18	18	33	30	37	30	
18	29	17	5	19	25	15	33	3	14	27	22	44	33	46	23	22	2	46	16	
18	4	10	50	40	42	19	12	1	30	29	5	4	24	6	33	9	48	14	48	
26	26	33	11	32	19	27	41	15	21	35	47	16	6	49	36	15	47	23	47	
35	29	22	16	38	11	13	18	42	5	1	8	27	35	17	4	41	40	17	34	
17	7	33	48	21	14	1	13	43	35	35	9	35	19	24	26	22	45	44	44	
23	24	33	49	50	24	11	33	7	32	15	34	16	43	25	44	18	50	1	18	
24	29	45	33	35	19	16	5	7	4	7	50	3	39	21	34	48	18	24	38	
20	3	44	46	1	16	35	11	3	32	45	34	43	45	43	30	49	19	45	24	
39	1	33	32	36	38	46	45	31	49	47	11	21	14	39	12	30	19	23	12	
44	1	33	23	27	10	27	6	44	16	27	4	5	33	17	13	15	45	22	27	
6	42	8	45	32	17	31	1	36	11	20	33	26	18	17	30	14	21	42	46	
4	5	45	46	20	41	23	13	23	41	30	50	1	16	22	39	18	9	19	32	
7	15	8	12	44	38	43	45	37	7	40	34	30	10	41	41	1	47	34	49	
37	50	17	13	33	2	25	50	8	8	28	10	29	26	49	25	30	16	24	18	
38	28	13	10	38	27	18	13	23	20	48	22	33	20	43	46	2	26	22	21	
3	40	15	27	29	24	23	4	34	5	5	42	43	38	44	45	22	35	30	25	
17	13	6	1	2	36	30	38	45	11	12	42	45	40	47	18	21	31	14	29	
On machine	7
22	50	31	25	35	29	42	36	8	46	31	5	15	2	45	42	43	10	46	25	
28	35	49	29	47	1	45	6	28	16	35	31	43	41	43	7	20	26	20	47	
21	4	40	30	10	30	38	2	40	41	12	7	46	25	11	13	32	17	48	37	
49	41	27	21	6	29	15	48	10	6	23	12	4	48	5	3	44	19	46	49	
12	49	16	42	36	20	2	32	1	25	16	15	16	47	1	31	13	46	12	49	
2	20	12	19	49	47	39	17	29	23	41	7	5	27	19	34	29	30	21	10	
10	32	15	6	48	8	50	6	17	20	25	29	1	23	45	41	5	12	7	15	
27	14	25	12	26	18	5	48	9	14	2	34	9	15	44	42	49	45	27	39	
39	32	42	3	49	41	24	2	14	9	48	1	34	29	20	11	35	3	41	34	
33	27	39	21	10	41	4	3	19	24	37	22	29	11	33	49	32	36	32	43	
34	37	29	44	10	27	6	48	37	28	46	1	33	32	49	32	12	47	29	6	
26	32	46	43	41	4	14	43	42	26	33	12	28	48	44	38	16	37	10	50	
46	32	26	15	47	9	37	33	30	18	36	5	43	1	36	47	40	29	5	3	
17	33	43	37	45	2	20	4	36	28	13	28	31	28	26	50	47	28	12	45	
29	14	47	47	29	25	37	1	21	3	12	12	45	49	2	7	10	1	6	22	
33	45	48	44	36	25	49	12	47	13	11	5	42	22	35	34	15	31	50	35	
46	23	41	26	10	32	29	31	10	22	48	38	26	30	46	11	7	38	38	47	
4	49	40	41	22	7	48	39	32	23	4	36	21	14	41	30	21	50	24	38	
6	9	18	41	32	30	31	5	18	13	19	2	49	14	10	47	30	5	7	45	
24	11	31	33	25	44	41	28	4	15	5	42	4	47	10	34	32	6	39	29	
On machine	8
43	19	33	5	43	23	31	29	24	11	39	21	6	21	48	11	32	32	42	31	
45	44	45	23	14	2	42	12	47	18	44	34	47	27	44	10	16	46	13	49	
15	41	21	20	12	24	21	37	38	10	12	21	33	16	1	17	34	11	1	50	
31	27	39	49	50	43	45	15	50	30	9	9	47	25	12	19	41	28	40	27	
4	19	33	31	12	3	23	40	30	5	18	8	37	4	42	50	1	6	22	1	
21	36	1	43	37	45	15	39	46	8	36	34	49	47	29	33	46	18	19	16	
33	33	24	33	42	18	45	39	37	27	32	7	41	34	38	25	28	3	15	4	
11	47	14	6	1	3	30	14	33	48	26	17	8	19	5	7	41	43	27	11	
46	27	6	2	17	21	32	27	46	46	12	38	9	10	43	30	49	3	44	48	
8	24	12	20	23	9	49	25	29	40	48	19	5	24	48	8	13	17	28	35	
15	42	30	6	29	36	31	47	16	25	17	33	42	7	10	26	16	19	31	1	
22	2	35	32	12	50	29	46	36	10	3	22	16	7	9	17	16	21	24	17	
34	23	34	24	47	16	27	14	7	38	11	13	41	16	22	48	24	33	34	4	
35	47	5	14	11	35	33	18	7	19	37	45	18	45	38	50	32	35	17	29	
43	45	50	11	34	27	13	35	47	1	28	17	3	47	4	32	20	43	12	39	
42	50	1	30	32	47	12	18	10	23	43	30	23	37	22	16	31	28	23	26	
6	41	44	33	26	21	17	13	4	17	20	28	14	29	11	45	45	39	9	35	
8	41	47	26	24	13	11	22	8	21	31	32	3	44	43	36	33	19	24	6	
9	15	34	36	35	21	3	26	47	42	38	14	18	47	30	25	15	24	12	40	
6	5	11	20	50	23	29	31	33	15	27	26	20	22	30	47	23	39	15	1	
On machine	9
38	20	2	12	25	30	35	29	33	13	7	48	48	2	8	33	1	43	50	35	
42	16	13	15	19	40	12	21	32	28	44	19	31	47	50	2	3	14	16	5	
15	42	13	9	24	47	18	44	6	42	28	43	34	14	27	8	43	12	31	48	
42	41	43	2	45	21	40	14	8	13	13	46	3	49	5	50	14	25	14	44	
47	24	46	7	20	41	36	1	46	1	20	16	23	4	35	47	3	20	43	29	
3	20	46	41	30	21	23	49	46	34	30	16	18	38	36	17	11	46	23	35	
46	35	40	6	42	39	18	40	6	8	44	4	21	23	13	10	7	35	46	43	
3	17	23	11	45	32	3	33	45	48	19	16	29	3	46	47	40	26	25	24	
35	19	28	4	21	26	32	12	14	22	42	16	17	24	36	22	33	11	10	14	
23	37	31	33	24	34	25	6	44	30	37	39	27	21	24	42	44	28	17	22	
7	33	14	7	35	21	24	21	37	1	1	9	32	46	25	35	27	6	15	36	
23	34	11	9	43	36	27	9	39	26	9	48	38	1	35	16	17	36	19	9	
36	25	43	50	28	31	13	35	35	42	11	39	47	50	36	4	40	23	33	26	
42	43	26	45	36	11	21	28	44	44	2	42	37	26	40	22	16	50	23	36	
21	7	28	40	7	41	1	22	34	26	20	28	9	41	18	48	2	50	9	32	
14	10	9	5	27	39	14	15	43	28	42	29	50	20	38	12	19	6	40	43	
44	42	40	20	24	15	39	38	9	33	29	15	21	9	33	23	11	43	16	8	
45	19	1	3	27	12	42	23	42	15	33	44	45	3	34	49	30	50	32	40	
26	3	32	14	4	25	20	12	45	43	16	42	45	32	20	10	45	48	43	41	
6	8	27	30	13	21	9	31	1	1	13	22	2	26	25	45	37	24	38	4	
On machine	10
4	6	34	33	50	46	17	30	19	14	16	18	26	15	30	21	35	36	28	21	
30	37	40	35	11	21	33	41	29	3	26	6	48	22	26	39	31	36	2	11	
49	9	49	31	32	40	16	41	2	27	12	28	16	19	34	36	13	2	9	45	
9	1	2	45	16	4	13	7	37	25	26	3	30	3	10	5	30	16	48	27	
46	48	43	32	26	41	15	46	31	39	22	32	22	45	44	7	27	37	33	17	
7	42	14	38	20	11	42	45	7	28	9	28	42	18	43	37	2	9	8	39	
40	48	13	16	3	12	6	33	39	28	27	31	11	48	25	6	12	20	30	31	
32	30	48	2	10	32	18	25	12	18	35	28	6	8	12	13	5	16	35	40	
5	24	3	26	44	2	27	39	25	36	34	47	31	1	5	37	25	43	44	23	
11	16	37	8	44	47	26	24	49	29	43	20	12	30	29	8	29	26	6	12	
20	41	20	12	25	33	38	15	1	16	23	28	30	36	13	22	3	22	41	10	
12	37	24	46	18	28	24	24	37	1	30	7	9	35	4	2	14	27	12	9	
40	13	49	3	32	6	2	33	41	36	29	30	4	45	16	32	24	22	2	42	
9	14	37	1	50	16	42	47	3	30	1	40	17	27	50	21	45	35	18	46	
12	21	25	43	12	37	36	25	44	1	25	14	25	1	30	31	39	25	15	38	
18	19	23	2	30	40	35	4	9	36	32	26	33	41	8	38	33	36	47	33	
21	8	7	26	17	36	23	45	8	11	24	24	29	29	5	21	30	5	43	7	
34	8	7	10	4	24	49	18	31	33	13	17	11	18	24	30	25	23	6	44	
29	37	45	13	20	41	34	7	24	34	30	24	42	9	50	23	49	30	9	3	
5	44	40	32	2	6	1	34	41	30	5	43	16	35	28	15	37	1	49	1	
Reldue
-1	1201	-1	-1
-1	1671	-1	-1
-1	1179	-1	-1
-1	1187	-1	-1
-1	1177	-1	-1
-1	1580	-1	-1
-1	877	-1	-1
-1	1720	-1	-1
-1	878	-1	-1
-1	1796	-1	-1
-1	959	-1	-1
-1	1445	-1	-1
-1	1461	-1	-1
-1	895	-1	-1
-1	1714	-1	-1
-1	1839	-1	-1
-1	1023	-1	-1
-1	1657	-1	-1
-1	1780	-1	-1
-1	1451	-1	-1
